# Columns:
#  1) Frequency [MHz]
#  2) Impedance - Real [ohm]
#  3) Impedance - Imaginary [ohm]
#  4) Impedance Mis-Match Efficiency (1-|Gamma|^2)
5       1.970  -1200.180  0.001063796
6       1.797  -993.598  0.001398733
7       1.685  -844.695  0.001787325
8       1.617  -731.905  0.002244420
9       1.583  -643.292  0.002786163
10      1.574  -571.564  0.003429119
11      1.587  -512.106  0.004190700
12      1.616  -461.847  0.005090261
13      1.659  -418.696  0.006147068
14      1.717  -381.012  0.007390127
15      1.788  -347.742  0.008851156
16      1.874  -318.031  0.010565086
17      1.975  -291.233  0.012576409
18      2.091  -266.842  0.014930509
19      2.227  -244.465  0.017700246
20      2.386  -223.761  0.020968428
21      2.572  -204.472  0.024836598
22      2.791  -186.383  0.029430517
23      3.049  -169.311  0.034900142
24      3.354  -153.102  0.041412198
25      3.714  -137.625  0.049157791
26      4.137  -122.767  0.058322322
27      4.634  -108.428  0.069123148
28      5.218   -94.524  0.081774503
29      5.903   -80.979  0.096463136
30      6.702   -67.727  0.113323525
31      7.633   -54.704  0.132452508
32      8.714   -41.858  0.153841888
33      9.965   -29.143  0.177409436
34     11.407   -16.507  0.202948755
35     13.066    -3.908  0.230168891
36     14.968     8.693  0.258703020
37     17.143    21.332  0.288087647
38     19.631    34.043  0.317933493
39     22.471    46.861  0.347783536
40     25.707    59.814  0.377207543
41     29.393    72.926  0.405844325
42     33.589    86.227  0.433410051
43     38.364    99.735  0.459690744
44     43.794   113.463  0.484521260
45     49.967   127.418  0.507802148
46     56.985   141.602  0.529523990
47     64.959   156.001  0.549685058
48     74.013   170.591  0.568321140
49     84.290   185.327  0.585517479
50     95.948   200.142  0.601356041
51    109.161   214.942  0.615943280
52    124.117   229.592  0.629379333
53    141.017   243.899  0.641791095
54    160.063   257.626  0.653263307
55    181.452   270.457  0.663891436
56    205.351   281.980  0.673773066
57    231.865   291.668  0.683016566
58    261.013   298.892  0.691724270
59    292.674   302.952  0.699951842
60    326.548   303.069  0.707764404
61    362.084   298.426  0.715233834
62    398.423   288.268  0.722421215
63    434.158   271.926  0.729523868
64    467.866   249.217  0.736573403
65    498.164   220.448  0.743486341
66    523.489   186.360  0.750298142
67    542.539   148.183  0.757045642
68    554.447   107.581  0.763748511
69    558.927    66.392  0.770431496
70    556.464    26.374  0.777003468
71    547.514   -10.932  0.783706925
72    533.410   -44.428  0.790435948
73    515.393   -73.448  0.797233099
74    494.816   -97.775  0.804040833
75    472.750  -117.491  0.810897680
76    450.128  -132.901  0.817802881
77    427.662  -144.450  0.824755691
78    405.862  -152.632  0.831758376
79    385.078  -157.939  0.838810560
80    365.530  -160.842  0.845903374
81    347.328  -161.776  0.853020507
82    330.513  -161.105  0.860154122
83    315.080  -159.141  0.867292327
84    300.989  -156.140  0.874428884
85    288.177  -152.324  0.881546890
86    276.576  -147.878  0.888624047
87    266.113  -142.947  0.895644606
88    256.716  -137.660  0.902579759
89    248.313  -132.114  0.909410471
90    240.844  -126.390  0.916114285
91    234.246  -120.566  0.922656306
92    228.464  -114.703  0.929007284
93    223.444  -108.857  0.935133849
94    219.140  -103.068  0.941013030
95    215.509   -97.393  0.946599807
96    212.514   -91.873  0.951865486
97    210.114   -86.543  0.956785656
98    208.269   -81.451  0.961327005
99    206.938   -76.641  0.965464036
100   206.078   -72.160  0.969172192
