# F_MHZ    R_N    B_OPT    G_OPT    T_MIN
3.000000000000000000e+01 1.018500664387637329e+02 -2.100017700202317652e-04 1.817608691961582201e-02 1.961650811346773708e+03
3.028750000000000142e+01 8.781648221039809243e+01 -1.399800358707085825e-04 1.750930004913704707e-02 1.643363125645036462e+03
3.057499999999999929e+01 8.001729979138677606e+01 4.010151416459535809e-06 1.717666158676918117e-02 1.468076168419215719e+03
3.086250000000000071e+01 7.056680639256353516e+01 -2.193552242770643033e-04 1.672498285677685020e-02 1.233651496410775962e+03
3.114999999999999858e+01 6.447186108893725986e+01 -1.628546677835535886e-04 1.635542841723052962e-02 1.113341770320377236e+03
3.143750000000000000e+01 5.641229031339525335e+01 -1.250999700504774881e-04 1.635627004396576420e-02 9.350938885513195373e+02
3.172500000000000142e+01 5.297710139189085510e+01 -3.851698283245855018e-04 1.654096594668679962e-02 8.652676270737700861e+02
3.201250000000000284e+01 4.650983382015276391e+01 -3.381205315401601078e-04 1.611234736010723131e-02 7.253408935956133519e+02
3.229999999999999716e+01 4.481801841624001526e+01 -1.131138464099974147e-04 1.566109562895114105e-02 6.864082969203830089e+02
3.258749999999999858e+01 4.228644806925216670e+01 -3.115132723391545073e-04 1.599231522529597285e-02 6.382259139469535967e+02
3.287500000000000000e+01 4.074796681638436979e+01 -2.051293893792412735e-04 1.542673012430562617e-02 5.927255760034133800e+02
3.316250000000000142e+01 3.927681057372461026e+01 -1.429405875305929639e-05 1.508640434420374481e-02 5.609212973315014779e+02
3.345000000000000284e+01 3.737865644662739584e+01 7.824576813906917745e-05 1.503846025047628557e-02 5.281239414453742711e+02
3.373749999999999716e+01 3.632970641356813246e+01 -1.178516771576812096e-05 1.487638764080578130e-02 4.944568424615032995e+02
3.402499999999999858e+01 3.592060009196405446e+01 -4.688094485676052507e-05 1.479278395310087806e-02 4.840782217956805766e+02
3.431250000000000000e+01 3.526754644989059528e+01 -1.881338467398973040e-06 1.485522215315438627e-02 4.807798438014592648e+02
3.460000000000000142e+01 3.487309100919289762e+01 4.068366897289468819e-05 1.488911652826630828e-02 4.745206601298735904e+02
3.488750000000000284e+01 3.449404323788008497e+01 4.799784499519421920e-05 1.484261792732950204e-02 4.640854227685846354e+02
3.517499999999999716e+01 3.413756522729308074e+01 5.571852908829650123e-05 1.465298818790281878e-02 4.468711442399417137e+02
3.546249999999999858e+01 3.353418641445512804e+01 1.019961455382530703e-04 1.485650259665090116e-02 4.413231537722421081e+02
3.575000000000000000e+01 3.439385026998348138e+01 1.518245812173558485e-04 1.464714492412376272e-02 4.712759036248561983e+02
3.603750000000000142e+01 3.339632289436184465e+01 -2.587411456263177080e-05 1.487296344634507841e-02 4.419192983230712457e+02
3.632500000000000284e+01 3.384332309210937240e+01 1.509033175379504441e-04 1.462186934045276755e-02 4.457433579792939895e+02
3.661249999999999716e+01 3.327291370797914283e+01 6.351376623912235306e-06 1.475261570816213848e-02 4.380635384894127924e+02
3.689999999999999858e+01 3.325776712940013624e+01 -1.041102081691569180e-05 1.489872678727887333e-02 4.372957976768031472e+02
3.718750000000000000e+01 3.297586930075340206e+01 2.282862979736928011e-04 1.466393292910985087e-02 4.412630728789180239e+02
3.747500000000000142e+01 3.228864135460017337e+01 1.588345197634952687e-04 1.464661334838097614e-02 4.128105767206117775e+02
3.776250000000000284e+01 3.340616258045101006e+01 -1.082741774797992732e-05 1.449994237426886594e-02 4.425456659269732995e+02
3.804999999999999716e+01 3.386159059474734789e+01 4.462348392415313556e-04 1.438054166192453964e-02 4.525397866765257504e+02
3.833749999999999858e+01 3.324605204352775445e+01 -1.029883275705926506e-04 1.480916638856529834e-02 4.456808732901074563e+02
3.862500000000000000e+01 3.251050216489669253e+01 -1.135974762369465154e-04 1.495044182928779650e-02 4.177819479123202200e+02
3.891250000000000142e+01 3.346866328289792136e+01 2.782302398988548207e-04 1.432187216846667402e-02 4.278478753180645526e+02
3.920000000000000284e+01 3.345197599393770105e+01 2.233063684335177368e-04 1.450399397581186509e-02 4.400271303445197191e+02
3.948749999999999716e+01 3.282772376030393247e+01 8.767182075619808719e-06 1.484945693802395238e-02 4.381444389682725955e+02
3.977499999999999858e+01 3.312628277161983448e+01 -4.630341807047542866e-05 1.466191718459365460e-02 4.285224182604810039e+02
4.006250000000000000e+01 3.342925805422190422e+01 5.559628650415536207e-05 1.471161189928518569e-02 4.543805776779655048e+02
4.035000000000000142e+01 3.346230792469538073e+01 2.821979399633495959e-04 1.466323572554738275e-02 4.383512238880266523e+02
4.063750000000000284e+01 3.302845615812600499e+01 -8.598562956683510376e-05 1.475323197389386345e-02 4.352614654237766558e+02
4.092499999999999716e+01 3.313054098553854487e+01 -3.486911587362638652e-04 1.505046639419630600e-02 4.393467926427755401e+02
4.121249999999999858e+01 3.365197078994630431e+01 2.559150908445552452e-04 1.456675131533139746e-02 4.446019977690642691e+02
4.150000000000000000e+01 3.357845940470370039e+01 8.154676596349261935e-05 1.470392181481110054e-02 4.327832330462200616e+02
4.178750000000000142e+01 3.244267758148742331e+01 -1.798770193584537768e-04 1.498743484735559975e-02 4.328364322800678679e+02
4.207500000000000284e+01 3.305527912526963519e+01 6.274492986767874066e-05 1.474877067365444085e-02 4.329405155302968069e+02
4.236249999999999716e+01 3.245749201269706674e+01 -1.518292769122481765e-04 1.500182516244850071e-02 4.317703644903050417e+02
4.264999999999999858e+01 3.302513343710368332e+01 7.908573708648632139e-05 1.485072491899492794e-02 4.402724678387185122e+02
4.293750000000000000e+01 3.274580000839048211e+01 -3.190100655568000568e-04 1.518382349422496731e-02 4.539312566638239446e+02
4.322500000000000142e+01 3.307674695404909926e+01 1.128967336858788199e-05 1.509576502060733065e-02 4.497921552105682963e+02
4.351250000000000284e+01 3.226192117281247107e+01 2.990172167356374330e-05 1.493141560018249742e-02 4.299839774987456735e+02
4.379999999999999716e+01 3.311632960379910173e+01 5.931859028893848732e-05 1.491178408227919298e-02 4.497886250461749000e+02
4.408749999999999858e+01 3.298073107926673941e+01 -8.214060146976983289e-05 1.502627381929959316e-02 4.502378597433883556e+02
4.437500000000000000e+01 3.339981471509609179e+01 -9.354800426987041999e-05 1.499190478425575616e-02 4.520869048717996179e+02
4.466250000000000142e+01 3.333440868340903762e+01 -1.992568033841682774e-04 1.502897232776695402e-02 4.477641058611897051e+02
4.495000000000000284e+01 3.329342998553036637e+01 7.831755069388478285e-05 1.498043798957203812e-02 4.469420917120953618e+02
4.523749999999999716e+01 3.328039597154619855e+01 -4.762776299793095979e-05 1.490856205625558893e-02 4.618371892552682993e+02
4.552499999999999858e+01 3.248552214806436211e+01 -1.929821286964299133e-04 1.512119098143908241e-02 4.361752173061048552e+02
4.581250000000000000e+01 3.377424841090554253e+01 3.034131561050415352e-04 1.487999017588897445e-02 4.667415893390764268e+02
4.609999999999999432e+01 3.213602030238632068e+01 1.844859428104833501e-04 1.500909869762580458e-02 4.273495547487712543e+02
4.638750000000000284e+01 3.308983424666870121e+01 3.799419278072302007e-04 1.487296309771469691e-02 4.455784621450749228e+02
4.667499999999999716e+01 3.296520742318289621e+01 4.305775641354772317e-04 1.497342324955413390e-02 4.554850731278183389e+02
4.696249999999999858e+01 3.351257444880008052e+01 2.704790716324549692e-05 1.507624757165564565e-02 4.590917908170884516e+02
4.725000000000000000e+01 3.360189901018220837e+01 2.271685678345880565e-04 1.482096545789284014e-02 4.575557737015249131e+02
4.753749999999999432e+01 3.221270562049802066e+01 3.827833107134515881e-04 1.504318165561668169e-02 4.279266351821527223e+02
4.782500000000000284e+01 3.375133046183971430e+01 3.173951779010719589e-04 1.484013625488607435e-02 4.526504034121618361e+02
4.811249999999999716e+01 3.369606567239497252e+01 1.406271085606830334e-04 1.493591629068845988e-02 4.632484777662964461e+02
4.839999999999999858e+01 3.403991365048015183e+01 4.114830650747582216e-04 1.489186951723503113e-02 4.616690256858433372e+02
4.868750000000000000e+01 3.342164147806891350e+01 5.307378349648960358e-04 1.483333860256502712e-02 4.516925406943187795e+02
4.897499999999999432e+01 3.336802002113060439e+01 3.341491420391901990e-04 1.479587827979124588e-02 4.461257622813245689e+02
4.926250000000000284e+01 3.354973991569760727e+01 2.506149206426966499e-04 1.485331345691180693e-02 4.515378863774186584e+02
4.954999999999999716e+01 3.302354153388712632e+01 6.291894484200213260e-05 1.487832061636063831e-02 4.299605369566916124e+02
4.983749999999999858e+01 3.376117699223999580e+01 1.332085305258194044e-04 1.487851160200782431e-02 4.514994895335692036e+02
5.012500000000000000e+01 3.419276439452797689e+01 1.551564129119285156e-04 1.488552228343491962e-02 4.572543916365798395e+02
5.041249999999999432e+01 3.324209720334859952e+01 3.685755978836849985e-04 1.473681256158282035e-02 4.324481696928248198e+02
5.070000000000000284e+01 3.484246776083331554e+01 2.219551520248954106e-04 1.477186516832370775e-02 4.682125126458577711e+02
5.098749999999999716e+01 3.360940766796286994e+01 3.535785155727818501e-04 1.485778263448453602e-02 4.340405458153580298e+02
5.127499999999999858e+01 3.427428496371231859e+01 7.570096633802140538e-07 1.475449082953833591e-02 4.623575650837830153e+02
5.156250000000000000e+01 3.349776717560512651e+01 3.105418906397664804e-04 1.485154521843725338e-02 4.476967457758852333e+02
5.184999999999999432e+01 3.463358215487759395e+01 1.743644992660571395e-04 1.492126575772564391e-02 4.651215618074342046e+02
5.213750000000000284e+01 3.427594868602633227e+01 4.296414085140242865e-04 1.468738803196903593e-02 4.680638576531893023e+02
5.242499999999999716e+01 3.423037127042636030e+01 -3.392958915672821836e-05 1.464769293471001460e-02 4.517484936574346079e+02
5.271249999999999858e+01 3.420423815339987783e+01 2.291603864333559444e-04 1.486003272303089255e-02 4.541217046335944474e+02
5.300000000000000000e+01 3.545875593723648223e+01 -1.449427253256307566e-04 1.455072928638283768e-02 4.740440734397282085e+02
5.328749999999999432e+01 3.362896240462001174e+01 8.652954140795778384e-05 1.485772669307970986e-02 4.518291973544506845e+02
5.357500000000000284e+01 3.389249053824570979e+01 3.990974375388795349e-04 1.480537957322522816e-02 4.588490091782044829e+02
5.386249999999999716e+01 3.513120195623329067e+01 -8.174788097750531734e-05 1.459548887014676388e-02 4.766282838235502481e+02
5.414999999999999858e+01 3.557506726589769386e+01 9.619996483680049316e-05 1.457923873055966268e-02 4.802312574842953268e+02
5.443750000000000000e+01 3.450916494331671203e+01 1.425720884054455242e-04 1.457600283500245023e-02 4.605403080039054089e+02
5.472499999999999432e+01 3.583085625367633753e+01 -5.886090939533463254e-05 1.446156506179164213e-02 4.661131245596009762e+02
5.501250000000000284e+01 3.523238808749667328e+01 -2.314509403781246416e-04 1.441644059542793697e-02 4.564926384044208589e+02
5.529999999999999716e+01 3.577107643471129705e+01 -1.854391169723455443e-04 1.448353557018438459e-02 4.696055265461562271e+02
5.558749999999999858e+01 3.589235732425402858e+01 -1.038053700876339323e-04 1.456081791309037261e-02 4.870816378780705236e+02
5.587500000000000000e+01 3.569706378261127355e+01 -1.812869477377463128e-04 1.444747004200264140e-02 4.722848908911871035e+02
5.616249999999999432e+01 3.495455310256126324e+01 -1.460849889029098561e-04 1.450077811732521788e-02 4.528112496706839920e+02
5.645000000000000284e+01 3.584531507508770432e+01 1.180038289139304845e-04 1.448949641383183093e-02 4.759092066926393159e+02
5.673749999999999716e+01 3.535300873243211583e+01 1.347948806169710378e-04 1.442248957196713005e-02 4.569828637624926841e+02
5.702499999999999858e+01 3.629317689783979262e+01 3.809868337608084064e-06 1.447499754370925457e-02 4.855007171352293653e+02
5.731250000000000000e+01 3.574114504056193198e+01 -2.725162265975937612e-04 1.443495781551813566e-02 4.642726562555985197e+02
5.759999999999999432e+01 3.665410537405341529e+01 -2.612367189968784506e-04 1.435652057803266622e-02 4.871329664103486152e+02
5.788750000000000284e+01 3.587763519473307383e+01 1.435035128740593142e-04 1.450611969637612131e-02 4.726361192912052047e+02
5.817499999999999716e+01 3.627405793970025627e+01 -2.917995010345362638e-04 1.435489964850621136e-02 4.747117779882598825e+02
5.846249999999999858e+01 3.672225500764700001e+01 -4.068018848993422616e-04 1.433434378959561571e-02 4.908551912139627120e+02
5.875000000000000000e+01 3.644225200641785989e+01 -1.919945681117220726e-04 1.435613634882806737e-02 4.879267699826491480e+02
5.903749999999999432e+01 3.602015780923757404e+01 -3.284003488184665835e-04 1.446212839146701450e-02 4.721955812303824018e+02
5.932500000000000284e+01 3.641722172773670252e+01 -5.522054560374311822e-04 1.443436507225655772e-02 4.757932414248658120e+02
5.961249999999999716e+01 3.643028808173097843e+01 -3.136555567349457200e-04 1.443639685855865537e-02 4.892530067469107848e+02
5.989999999999999858e+01 3.608064198784069276e+01 -3.627961112395670647e-04 1.441179724979732221e-02 4.803508459035114697e+02
6.018750000000000000e+01 3.598409714230815126e+01 -1.736285170078266584e-04 1.449712864480501469e-02 4.717863048721085875e+02
6.047499999999999432e+01 3.662663843553981735e+01 -4.962832561232752900e-04 1.444010161851583436e-02 4.866385154392630170e+02
6.076250000000000284e+01 3.597478202886248511e+01 -3.206967490806472633e-04 1.458266585037753561e-02 4.810355587087126992e+02
6.104999999999999716e+01 3.595152946983570530e+01 -2.755429896603086583e-04 1.450274479067910349e-02 4.782737062110159059e+02
6.133749999999999858e+01 3.665799413342737978e+01 -3.627485709032070640e-04 1.454262874931074902e-02 5.002808666192589726e+02
6.162500000000000000e+01 3.639341920544978137e+01 -4.354875832455769162e-04 1.448669387463201105e-02 4.897043709590074059e+02
6.191249999999999432e+01 3.682588767711472855e+01 -4.038211130021004697e-04 1.457121370250972527e-02 4.979564487923245792e+02
6.219999999999999574e+01 3.625403821407665816e+01 -3.336009006588326479e-04 1.471866827058286240e-02 4.980979643762306068e+02
6.248749999999999716e+01 3.560282507113883099e+01 -2.336872048988192392e-04 1.466803081766044140e-02 4.702383446354823491e+02
6.277499999999999858e+01 3.551373939851789885e+01 -3.964823911673115713e-04 1.465217624026619175e-02 4.762929131066973127e+02
6.306250000000000000e+01 3.632284373749987338e+01 -2.340210227286434043e-04 1.459227584968173126e-02 4.984334597713688595e+02
6.334999999999999432e+01 3.473088486994538471e+01 3.945113481632783905e-05 1.490817987185892590e-02 4.792851532294079107e+02
6.363749999999999574e+01 3.642040276106005336e+01 -2.790919581891012258e-04 1.478099767412651040e-02 5.101567598480959305e+02
6.392499999999999716e+01 3.609156986598861749e+01 -3.353419999665459956e-04 1.482882548861895293e-02 5.049165480693126256e+02
6.421250000000000568e+01 3.540230188816768475e+01 -2.677752593130670487e-04 1.503474509324806245e-02 4.907861147811192950e+02
6.450000000000000000e+01 3.596245877356171405e+01 -2.733207409064618526e-04 1.475897869912454717e-02 4.936644174176171873e+02
6.478749999999999432e+01 3.568120729257984181e+01 -2.991825393787984574e-04 1.482517901927849456e-02 4.873072265409974761e+02
6.507499999999998863e+01 3.535870932312108295e+01 -2.525050651553255071e-04 1.501013690663922234e-02 4.944789485716477202e+02
6.536249999999999716e+01 3.522558288520994552e+01 -3.748226828880317366e-04 1.494916575151716137e-02 4.923761608933189109e+02
6.565000000000000568e+01 3.549215127112834978e+01 -3.498154529732794477e-04 1.494973545434633531e-02 4.908634895848011865e+02
6.593750000000000000e+01 3.527586110029146482e+01 -1.270158018438217985e-04 1.527791532857835158e-02 5.123357161603228178e+02
6.622499999999999432e+01 3.528434624556183508e+01 -2.450326546099276868e-04 1.509534792890077429e-02 5.091027755786531657e+02
6.651249999999998863e+01 3.568124427197911075e+01 -4.021630446327249570e-04 1.519304270808823944e-02 5.097962111405075234e+02
6.679999999999999716e+01 3.516258698305317409e+01 -1.247642631867153142e-04 1.538139659426576017e-02 5.020882516507558080e+02
6.708750000000000568e+01 3.543635374734231647e+01 -1.120426382624263459e-04 1.527780890250926560e-02 5.136456378530448319e+02
6.737500000000000000e+01 3.636844924673017942e+01 -2.452897801633448856e-04 1.511175297506636359e-02 5.146939881688206242e+02
6.766249999999999432e+01 3.560868254076209638e+01 -1.001273943646831878e-05 1.528561995622087534e-02 5.022390412508819963e+02
6.794999999999998863e+01 3.605806990088957775e+01 -2.077573048204257465e-04 1.525529134502055795e-02 5.041222346641766308e+02
6.823749999999999716e+01 3.574104071922868542e+01 -7.426591073135921817e-05 1.530383569481496599e-02 4.964046872347353769e+02
6.852500000000000568e+01 3.563870008555151969e+01 -1.040540333506826656e-04 1.537512858820943608e-02 5.045790834387015593e+02
6.881250000000000000e+01 3.593314195014156809e+01 -5.110405133336022148e-05 1.547555726030580732e-02 5.117860218303779334e+02
6.909999999999999432e+01 3.576711268994453263e+01 -1.267391380313227615e-04 1.524691841128124857e-02 5.061979718019475172e+02
6.938749999999998863e+01 3.600808259160709213e+01 -2.746825417952203317e-05 1.521792964784331702e-02 5.073476141344543748e+02
6.967499999999999716e+01 3.576289483545379255e+01 -1.092829124554506082e-04 1.535541351274955814e-02 5.195460762319883088e+02
6.996250000000000568e+01 3.592986702691620593e+01 -8.690312501743370651e-05 1.538935132445297567e-02 5.090576218047752377e+02
7.025000000000000000e+01 3.717010905139694188e+01 -3.958882623982833333e-05 1.533365506824858719e-02 5.403363889481327078e+02
7.053749999999999432e+01 3.612609346047244685e+01 -1.188155325888642289e-05 1.533064017754482734e-02 4.972427145524960110e+02
7.082499999999998863e+01 3.600234724254568164e+01 2.152948181922671820e-04 1.543918949980097911e-02 5.165014673253988349e+02
7.111249999999999716e+01 3.676509785319039736e+01 6.313364762881630446e-05 1.539895549143101457e-02 5.228144890030483793e+02
7.140000000000000568e+01 3.682609626680813619e+01 6.354593574618801666e-05 1.524811987020363580e-02 5.174919600975729281e+02
7.168750000000000000e+01 3.605410311161424630e+01 1.106170226100867374e-04 1.527661865988743685e-02 5.138189309592031577e+02
7.197499999999999432e+01 3.726983110146052525e+01 2.394621805632450660e-04 1.541448170246385863e-02 5.387265689620375042e+02
7.226249999999998863e+01 3.702659549677941442e+01 3.070588640169082855e-04 1.535252431954112554e-02 5.292380777525914937e+02
7.254999999999999716e+01 3.724423796988708091e+01 2.292118624275666966e-04 1.552557252824348852e-02 5.453021000345004268e+02
7.283750000000000568e+01 3.722242009123555562e+01 2.509828739324395080e-04 1.550156159822588427e-02 5.393581623515716501e+02
7.312500000000000000e+01 3.677963706373236619e+01 4.883478085083370812e-04 1.550904229311476749e-02 5.459204311682850630e+02
7.341249999999999432e+01 3.775235896721582662e+01 4.645354502505509510e-04 1.526784880696958370e-02 5.391490649259335441e+02
7.369999999999998863e+01 3.790651088989005757e+01 3.353638756917303723e-04 1.536500451545085369e-02 5.399535130477971734e+02
7.398749999999999716e+01 3.819474979200465015e+01 3.181032605773458067e-04 1.527041400028567725e-02 5.550878368260868001e+02
7.427500000000000568e+01 3.658470566646904842e+01 4.187685078958042705e-04 1.563266408352235667e-02 5.432768298991434222e+02
7.456250000000000000e+01 3.730666120619607540e+01 2.159262836988350598e-04 1.535102771501588477e-02 5.214723098718480969e+02
7.484999999999999432e+01 3.730973092690715021e+01 4.156267791430248324e-04 1.524737711835579164e-02 5.154021771047935090e+02
7.513749999999998863e+01 3.864652709149181931e+01 5.583285922949448319e-04 1.525590071297274440e-02 5.557950890799377248e+02
7.542499999999999716e+01 3.846375299529714908e+01 3.283542162147631014e-04 1.550179449607264753e-02 5.605994955598615661e+02
7.571250000000000568e+01 3.737220245178862399e+01 3.604107949782806605e-04 1.536886489661070006e-02 5.435901161375722950e+02
7.600000000000000000e+01 3.798785647767983420e+01 4.269209759606393023e-04 1.530941120949356853e-02 5.364046483699801229e+02
7.628749999999999432e+01 3.875332872171522780e+01 4.541770645886802687e-04 1.542325685630303693e-02 5.675133910236236261e+02
7.657499999999998863e+01 3.893532108425620919e+01 5.851949814483803922e-04 1.518613542662209347e-02 5.331928215055478404e+02
7.686249999999999716e+01 3.865518366249081339e+01 3.825917395103004860e-04 1.529852702163633435e-02 5.403984922283493688e+02
7.715000000000000568e+01 3.820729559073974002e+01 5.040365586773911570e-04 1.543871614213152693e-02 5.436551651526348223e+02
7.743750000000000000e+01 3.964993002450120230e+01 4.261018181532282901e-04 1.541669258224723574e-02 5.784522430135141349e+02
7.772499999999999432e+01 3.866442587189734326e+01 4.880817348009356652e-04 1.551506481727176791e-02 5.709812485206958854e+02
7.801249999999998863e+01 3.899996564850228964e+01 2.317647235657593907e-04 1.558097009048623090e-02 5.725024986516363015e+02
7.829999999999999716e+01 3.920654697684467749e+01 4.692204239676601974e-04 1.566117624810697134e-02 5.758597929022815833e+02
7.858750000000000568e+01 3.864142188922939880e+01 4.608853177848841985e-04 1.567683508917983026e-02 5.612754109456980132e+02
7.887500000000000000e+01 3.929820837171988757e+01 4.135485354423079152e-04 1.553358761871663669e-02 5.689922433055960482e+02
7.916249999999999432e+01 3.960540342906026012e+01 4.974953728067615152e-04 1.580732059057997699e-02 5.865934595674978027e+02
7.944999999999998863e+01 4.006156670782038276e+01 4.332194322496815101e-04 1.567328524674101164e-02 6.005580214390909077e+02
7.973749999999999716e+01 3.981589990462718021e+01 4.350803455529422869e-04 1.590633145112573324e-02 6.019264225848775141e+02
8.002500000000000568e+01 4.075260707184985165e+01 3.598698190014740271e-04 1.587098145089995554e-02 6.109815740531862502e+02
8.031250000000000000e+01 3.999203586513632303e+01 4.166219529258908053e-04 1.596697130234086062e-02 6.150412326541871835e+02
8.059999999999999432e+01 4.108944163407054617e+01 4.482419013956787405e-04 1.592080069973761391e-02 6.192671009319186624e+02
8.088749999999998863e+01 4.074875686721546941e+01 4.905044633288610685e-04 1.600789507814503673e-02 6.234002521202488651e+02
8.117499999999999716e+01 4.100855824852102671e+01 4.168399742641375303e-04 1.626382446393820347e-02 6.412466606713775263e+02
8.146250000000000568e+01 4.153466703754640577e+01 4.473976785457861138e-04 1.611869891097276672e-02 6.346081546721799214e+02
8.175000000000000000e+01 4.130434135746855162e+01 4.621774127839043105e-04 1.628660225089012190e-02 6.454646984138355492e+02
8.203749999999999432e+01 4.121877956217968375e+01 5.522163345956201041e-04 1.649880348070660585e-02 6.349135658758751788e+02
8.232499999999998863e+01 4.259431542421017269e+01 5.812675497672380306e-04 1.645711213596786487e-02 6.781569984608536288e+02
8.261249999999999716e+01 4.214567814209610219e+01 5.709345340364042291e-04 1.658614930432191284e-02 6.667731591043645949e+02
8.290000000000000568e+01 4.269934713233700307e+01 6.723400239534857914e-04 1.665903121453174429e-02 6.920163587983006437e+02
8.318750000000000000e+01 4.310789866939538229e+01 7.131637291649315074e-04 1.675953677922173771e-02 7.097671599407699432e+02
8.347499999999999432e+01 4.231237268040553801e+01 8.877172335065851598e-04 1.695231299557400234e-02 7.031658425637871233e+02
8.376249999999998863e+01 4.404386267185108039e+01 9.946986524783654141e-04 1.689835939288873712e-02 7.473920653374597123e+02
8.404999999999999716e+01 4.340658295666083433e+01 9.587168846051644837e-04 1.721829702163596085e-02 7.217070788912973285e+02
8.433750000000000568e+01 4.437215895948375532e+01 1.041868323919560710e-03 1.713094892250597093e-02 7.402678540933825388e+02
8.462500000000000000e+01 4.564187829899168491e+01 1.107765573114703186e-03 1.724206965904306194e-02 7.827968068144296012e+02
8.491249999999999432e+01 4.656032076049058333e+01 1.386321116974909397e-03 1.706109086711554354e-02 7.765325259083803076e+02
8.519999999999998863e+01 4.703409456355362295e+01 1.287669398019847516e-03 1.720306206241298957e-02 7.909377217424155333e+02
8.548749999999999716e+01 5.015470841312757955e+01 1.381134259783366484e-03 1.737148014070993146e-02 8.786646032972290641e+02
8.577500000000000568e+01 5.268821638274353347e+01 1.678916013847535447e-03 1.717268650375896114e-02 9.010954555978324834e+02
8.606250000000000000e+01 5.188933749035552268e+01 1.537130937818418459e-03 1.751504157780211374e-02 9.174847611631242899e+02
8.634999999999999432e+01 5.712336431438748008e+01 1.634298474780200355e-03 1.758824701147040231e-02 1.031351172148519481e+03
8.663749999999998863e+01 6.202624495891142686e+01 1.398132209837640166e-03 1.747181190272467308e-02 1.127091219396247197e+03
8.692499999999999716e+01 7.117639580305244351e+01 1.790733530563985839e-03 1.802146884068731719e-02 1.378094097675623516e+03
8.721250000000000568e+01 9.953949923658612420e+01 1.544925293742940289e-03 1.876838195393302350e-02 2.055209402061206674e+03
8.750000000000000000e+01 2.765489511080940588e+02 1.623449250535764776e-03 1.949828263219207866e-02 6.171720124196924189e+03
