0.000188  18619.963678
0.167311  18480.443670
0.334434  18354.760360
0.501557  18241.457660
0.668680  18139.292769
0.835803  18047.151418
1.002926  17964.006096
1.170049  17889.016377
1.337172  17821.305600
1.504295  17760.021558
1.671418  17704.363073
1.838541  17653.474504
2.005664  17606.514379
2.172787  17562.746468
2.339910  17521.442427
2.507033  17481.967093
2.674156  17443.780667
2.841279  17406.427846
3.008402  17369.511652
3.175525  17332.664008
3.342648  17295.510612
3.509771  17257.655563
3.676894  17218.664300
3.844017  17178.053307
4.011140  17135.304901
4.178263  17089.866041
4.345386  17041.165778
4.512508  16988.514678
4.679631  16931.103330
4.846754  16868.356718
5.013877  16799.757646
5.181000  16724.827487
5.348123  16643.184583
5.515246  16554.583812
5.682369  16458.841165
5.849492  16355.842959
6.016615  16245.579665
6.183738  16128.174185
6.350861  16003.797292
6.517984  15872.805970
6.685107  15735.663400
6.852230  15592.871352
7.019353  15445.012698
7.186476  15292.733175
7.353599  15136.773614
7.520722  14977.959880
7.687845  14817.203584
7.854968  14655.513699
8.022091  14493.964715
8.189214  14333.644434
8.356337  14175.676163
8.523460  14021.223450
8.690583  13871.475568
8.857706  13727.620701
9.024829  13590.830577
9.191952  13462.220689
9.359075  13342.827080
9.526198  13233.614165
9.693321  13135.483909
9.860444  13049.285930
10.027567  12975.832821
10.194690  12915.877093
10.361813  12870.057620
10.528936  12838.910388
10.696059  12822.960394
10.863182  12822.732806
11.030305  12838.614637
11.197428  12870.920936
11.364551  12920.001578
11.531674  12986.279030
11.698797  13070.303850
11.865920  13172.723416
12.033043  13294.049108
12.200166  13434.902400
12.367289  13596.111643
12.534411  13778.724962
12.701534  13984.039679
12.868657  14213.739451
13.035780  14469.992669
13.202903  14754.625292
13.370026  15068.992176
13.537149  15413.533515
13.704272  15788.085380
13.871395  16192.020543
14.038518  16624.084870
14.205641  17082.562376
14.372764  17565.292389
14.539887  18069.767879
14.707010  18593.220293
14.874133  19132.588875
15.041256  19684.606747
15.208379  20245.862246
15.375502  20812.810458
15.542625  21381.777401
15.709748  21949.013007
15.876871  22510.718433
16.043994  23063.087160
16.211117  23602.334748
16.378240  24124.748731
16.545363  24626.693857
16.712486  25104.604611
16.879609  25555.015012
17.046732  25974.590829
17.213855  26360.163840
17.380978  26708.843255
17.548101  27018.037716
17.715224  27285.439933
17.882347  27509.102101
18.049470  27687.484793
18.216593  27819.452636
18.383716  27904.323112
18.550839  27941.875266
18.717962  27932.363708
18.885085  27876.490437
19.052208  27775.475784
19.219331  27631.027443
19.386454  27445.112081
19.553577  27220.176897
19.720700  26959.083307
19.887823  26665.109005
20.054946  26341.899081
20.222069  25993.217652
20.389191  25622.806201
20.556314  25234.534213
20.723437  24832.374085
20.890560  24420.361116
21.057683  24002.531324
21.224806  23582.824534
21.391929  23165.097194
21.559052  22753.028232
21.726175  22349.990229
21.893298  21958.972972
22.060421  21582.602111
22.227544  21223.016911
22.394667  20881.865511
22.561790  20560.128918
22.728913  20258.598211
22.896036  19977.764372
23.063159  19717.762181
23.230282  19478.270579
23.397405  19258.743604
23.564528  19058.487096
23.731651  18876.597157
23.898774  18711.972554
