0.000593  4688.232638
0.167716  4649.527972
0.334839  4613.967126
0.501962  4581.294993
0.669085  4551.315344
0.836208  4523.834660
1.003331  4498.651152
1.170454  4475.593799
1.337577  4454.460234
1.504700  4435.039538
1.671823  4417.099973
1.838946  4400.400832
2.006069  4384.700944
2.173192  4369.777758
2.340315  4355.422590
2.507438  4341.444002
2.674561  4327.685176
2.841684  4314.017558
3.008807  4300.353744
3.175930  4286.618686
3.343053  4272.733040
3.510176  4258.621121
3.677299  4244.209821
3.844422  4229.416299
4.011545  4214.177281
4.178668  4198.444216
4.345791  4182.156331
4.512914  4165.241189
4.680037  4147.634067
4.847160  4129.235927
5.014283  4109.890183
5.181406  4089.482200
5.348529  4067.904664
5.515652  4045.083346
5.682775  4020.959696
5.849898  3995.493244
6.017021  3968.696919
6.184144  3940.598314
6.351267  3911.238111
6.518390  3880.713376
6.685513  3849.155534
6.852636  3816.696542
7.019759  3783.469070
7.186882  3749.609754
7.354005  3715.260061
7.521128  3680.578117
7.688251  3645.740260
7.855374  3610.937994
8.022497  3576.372834
8.189620  3542.252259
8.356743  3508.782969
8.523866  3476.183056
8.690989  3444.679348
8.858112  3414.505570
9.025235  3385.895875
9.192357  3359.064795
9.359480  3334.207619
9.526603  3311.501539
9.693726  3291.111138
9.860849  3273.199649
10.027972  3257.921782
10.195095  3245.422818
10.362218  3235.835588
10.529341  3229.291613
10.696464  3225.939476
10.863587  3225.929859
11.030710  3229.389217
11.197833  3236.435859
11.364956  3247.240044
11.532079  3262.017412
11.699202  3280.934938
11.866325  3304.178082
12.033448  3331.956648
12.200571  3364.533708
12.367694  3402.214628
12.534817  3445.363449
12.701940  3494.447886
12.869063  3549.998783
13.036186  3612.523196
13.203309  3682.453107
13.370432  3759.944467
13.537555  3844.895689
13.704678  3936.938133
13.871801  4035.434140
14.038924  4139.693974
14.206047  4249.011206
14.373170  4362.672150
14.540293  4479.955592
14.707416  4600.156492
14.874539  4722.571150
15.041662  4846.504555
15.208785  4971.279866
15.375908  5096.226024
15.543031  5220.672153
15.710154  5343.949821
15.877277  5465.391406
16.044400  5584.328819
16.211523  5700.100369
16.378646  5812.054709
16.545769  5919.541946
16.712892  6021.916289
16.880015  6118.541963
17.047138  6208.801923
17.214261  6292.117324
17.381384  6367.949757
17.548507  6435.799397
17.715630  6495.214142
17.882753  6545.805377
18.049876  6587.256894
18.216999  6619.329420
18.384122  6641.867356
18.551245  6654.800206
18.718368  6658.148049
18.885491  6652.012551
19.052614  6636.609403
19.219737  6612.255923
19.386860  6579.310748
19.553983  6538.208752
19.721106  6489.479545
19.888229  6433.735263
20.055352  6371.682030
20.222475  6304.032291
20.389598  6231.479705
20.556721  6154.769773
20.723843  6074.650989
20.890966  5991.865709
21.058089  5907.160565
21.225212  5821.278928
21.392335  5734.955795
21.559458  5648.894699
21.726581  5563.746014
21.893704  5480.106512
22.060827  5398.514904
22.227950  5319.417940
22.395073  5243.092230
22.562196  5169.835294
22.729319  5099.922490
22.896442  5033.571523
23.063565  4970.898876
23.230688  4911.959954
23.397811  4856.769086
23.564934  4805.308686
23.732057  4757.533827
23.899180  4713.351557
