0.000188  3728.113647
0.167311  3694.675766
0.334434  3664.059808
0.501557  3636.053021
0.668680  3610.488101
0.835803  3587.197398
1.002926  3566.004175
1.170049  3546.759713
1.337172  3529.270323
1.504295  3513.330757
1.671418  3498.730585
1.838541  3485.239458
2.005664  3472.635898
2.172787  3460.723188
2.339910  3449.303605
2.507033  3438.215450
2.674156  3427.336112
2.841279  3416.579647
3.008402  3405.879347
3.175525  3395.180506
3.342648  3384.433815
3.509771  3373.592692
3.676894  3362.611907
3.844017  3351.442943
4.011140  3340.033268
4.178263  3328.328584
4.345386  3316.277404
4.512509  3303.786474
4.679632  3290.707619
4.846755  3276.947594
5.013878  3262.403564
5.181001  3246.967081
5.348124  3230.542470
5.515247  3213.059366
5.682370  3194.464603
5.849493  3174.716058
6.016616  3153.794581
6.183739  3131.718565
6.350862  3108.506116
6.517985  3084.227692
6.685108  3058.984848
6.852231  3032.882982
7.019354  3006.036488
7.186477  2978.564353
7.353600  2950.598040
7.520723  2922.277773
7.687845  2893.759646
7.854968  2865.216943
8.022091  2836.825660
8.189214  2808.760577
8.356337  2781.203252
8.523460  2754.345055
8.690583  2728.383765
8.857706  2703.518597
9.024829  2679.945613
9.191952  2657.846930
9.359075  2637.380747
9.526198  2618.687912
9.693321  2601.899338
9.860444  2587.138992
10.027567  2574.530074
10.194690  2564.188841
10.361813  2556.209683
10.528936  2550.674092
10.696059  2547.681300
10.863182  2547.358573
11.030305  2549.816558
11.197428  2555.164103
11.364551  2563.535991
11.531674  2575.100787
11.698797  2590.075931
11.865920  2608.718542
12.033043  2631.240009
12.200166  2657.910407
12.367289  2689.077153
12.534412  2725.151595
12.701535  2766.625697
12.868658  2814.134290
13.035781  2868.514317
13.202904  2930.387564
13.370027  2999.890596
13.537150  3076.555830
13.704273  3159.611131
13.871396  3248.260551
14.038519  3341.687863
14.205642  3439.119253
14.372765  3539.815758
14.539888  3643.082418
14.707011  3748.283212
14.874134  3854.807708
15.041257  3962.075225
15.208380  4069.542264
15.375503  4176.686493
15.542625  4282.991316
15.709748  4387.943068
15.876871  4491.027019
16.043994  4591.725514
16.211117  4689.522260
16.378240  4783.906381
16.545363  4874.368637
16.712486  4960.394203
16.879609  5041.466201
17.046732  5117.068452
17.213855  5186.691360
17.380978  5249.859235
17.548101  5306.136315
17.715224  5355.123593
17.882347  5396.475664
18.049470  5429.912542
18.216593  5455.218386
18.383716  5472.250897
18.550839  5480.944205
18.717962  5481.311999
18.885085  5473.447434
19.052208  5457.548267
19.219331  5433.897692
19.386454  5402.808477
19.553577  5364.694661
19.720700  5320.040758
19.887823  5269.391476
20.054946  5213.343585
20.222069  5152.520570
20.389192  5087.551193
20.556315  5019.082785
20.723438  4947.772171
20.890561  4874.264637
21.057684  4799.196338
21.224807  4723.195977
21.391930  4646.880143
21.559053  4570.850570
21.726176  4495.676757
21.893299  4421.872443
22.060422  4349.913811
22.227545  4280.211271
22.394668  4213.102972
22.561791  4148.773005
22.728914  4087.426395
22.896037  4029.251034
23.063160  3974.371990
23.230283  3922.819808
23.397405  3874.607366
23.564528  3829.745190
23.731651  3788.194743
23.898774  3749.861128
