0.000595  1398.898051
0.167718  1388.441899
0.334841  1379.006840
0.501964  1370.428154
0.669087  1362.588264
0.836210  1355.411525
1.003333  1348.796802
1.170456  1342.693078
1.337579  1337.048901
1.504702  1331.820115
1.671825  1326.971472
1.838948  1322.464373
2.006071  1318.248571
2.173194  1314.283267
2.340317  1310.538672
2.507440  1306.962616
2.674563  1303.515605
2.841686  1300.164690
3.008809  1296.894792
3.175932  1293.697678
3.343055  1290.556340
3.510177  1287.443927
3.677300  1284.338474
3.844423  1281.207632
4.011546  1278.023633
4.178669  1274.765083
4.345792  1271.404071
4.512915  1267.903277
4.680038  1264.230179
4.847161  1260.360890
5.014284  1256.177644
5.181407  1251.593915
5.348530  1246.529225
5.515653  1240.926778
5.682776  1234.733078
5.849899  1227.904546
6.017022  1220.421261
6.184145  1212.252751
6.351268  1203.404732
6.518391  1193.923553
6.685514  1183.870123
6.852637  1173.306333
7.019760  1162.301471
7.186883  1150.935398
7.354006  1139.291957
7.521129  1127.463960
7.688252  1115.555037
7.855375  1103.674849
8.022498  1091.938210
8.189621  1080.453227
8.356744  1069.322041
8.523867  1058.648716
8.690990  1048.532507
8.858113  1039.067414
9.025236  1030.336683
9.192359  1022.403010
9.359482  1015.315307
9.526605  1009.105628
9.693728  1003.796256
9.860851  999.406686
10.027974  995.942516
10.195097  993.412068
10.362220  991.814711
10.529343  991.155455
10.696466  991.456253
10.863589  992.737968
11.030712  995.015590
11.197835  998.315089
11.364958  1002.725518
11.532081  1008.326997
11.699204  1015.153224
11.866327  1023.277319
12.033450  1032.783422
12.200573  1043.780491
12.367696  1056.382276
12.534819  1070.750902
12.701942  1087.130353
12.869065  1105.799829
13.036188  1126.984028
13.203311  1150.749565
13.370434  1176.963240
13.537557  1205.442924
13.704680  1235.884747
13.871803  1267.951684
14.038926  1301.372630
14.206049  1335.910103
14.373172  1371.349567
14.540295  1407.500498
14.707418  1444.204630
14.874540  1481.321349
15.041663  1518.724580
15.208786  1556.301863
15.375909  1593.945003
15.543032  1631.544534
15.710155  1668.985034
15.877278  1706.142949
16.044401  1742.887621
16.211524  1779.071644
16.378647  1814.537800
16.545770  1849.108819
16.712893  1882.591417
16.880016  1914.770453
17.047139  1945.421479
17.214262  1974.318380
17.381385  2001.221891
17.548508  2025.890574
17.715631  2048.070621
17.882754  2067.517898
18.049877  2083.993442
18.217000  2097.287228
18.384123  2107.208782
18.551246  2113.604329
18.718369  2116.360093
18.885492  2115.394925
19.052615  2110.687121
19.219738  2102.280315
19.386861  2090.257810
19.553984  2074.724163
19.721107  2055.863155
19.888230  2033.930977
20.055353  2009.274483
20.222476  1982.233400
20.389599  1953.120153
20.556722  1922.300043
20.723845  1890.137806
20.890968  1856.994954
21.058091  1823.237399
21.225214  1789.232487
21.392337  1755.354608
21.559460  1721.962564
21.726583  1689.365709
21.893706  1657.850050
22.060829  1627.664764
22.227952  1599.044798
22.395075  1572.074261
22.562198  1546.811601
22.729321  1523.299877
22.896444  1501.581797
23.063567  1481.640802
23.230690  1463.416225
23.397813  1446.813443
23.564936  1431.739461
23.732059  1418.098151
23.899182  1405.785901
