0.000593  9773.504824
0.167716  9697.876262
0.334839  9628.752476
0.501962  9565.558372
0.669085  9507.832350
0.836208  9455.135078
1.003331  9407.029559
1.170454  9363.140451
1.337577  9323.052154
1.504700  9286.341228
1.671823  9252.555136
1.838946  9221.225263
2.006068  9191.884317
2.173191  9164.099971
2.340314  9137.468605
2.507437  9111.621053
2.674560  9086.242904
2.841683  9061.064645
3.008806  9035.888901
3.175929  9010.538909
3.343052  8984.829381
3.510175  8958.578756
3.677298  8931.604792
3.844421  8903.700507
4.011544  8874.689620
4.178667  8844.422246
4.345790  8812.725159
4.512913  8779.408383
4.680036  8744.290797
4.847159  8707.138410
5.014282  8667.640665
5.181405  8625.575997
5.348528  8580.748116
5.515651  8533.027354
5.682774  8482.320022
5.849897  8428.568694
6.017020  8371.812877
6.184143  8312.126843
6.351266  8249.616324
6.518389  8184.484846
6.685512  8116.994041
6.852635  8047.408136
7.019758  7975.998843
7.186881  7903.052547
7.354004  7828.872605
7.521127  7753.801251
7.688250  7678.218115
7.855373  7602.536806
8.022496  7527.197724
8.189619  7452.656225
8.356742  7379.370422
8.523865  7307.823476
8.690988  7238.516582
8.858111  7171.962998
9.025234  7108.679051
9.192357  7049.147989
9.359480  6993.822672
9.526603  6943.121950
9.693726  6897.441728
9.860849  6857.171813
10.027972  6822.681383
10.195095  6794.316736
10.362218  6772.394662
10.529341  6757.218370
10.696464  6749.108597
10.863587  6748.373435
11.030710  6755.259741
11.197833  6769.979507
11.364956  6792.822352
11.532079  6824.155135
11.699202  6864.259651
11.866325  6913.431069
12.033448  6971.999458
12.200571  7040.381705
12.367694  7119.069737
12.534817  7208.660801
12.701940  7309.918038
12.869063  7423.695462
13.036186  7550.804075
13.203309  7691.974868
13.370431  7847.607645
13.537554  8017.814231
13.704677  8202.342387
13.871800  8400.495652
14.038923  8611.408777
14.206046  8834.066707
14.373169  9067.309152
14.540292  9309.837447
14.707415  9560.263569
14.874538  9817.101779
15.041661  10078.800278
15.208784  10343.775439
15.375907  10610.406749
15.543030  10877.044224
15.710153  11142.028326
15.877276  11403.699044
16.044399  11660.404620
16.211522  11910.519524
16.378645  12152.459185
16.545768  12384.669740
16.712891  12605.638464
16.880014  12813.908464
17.047137  13008.092125
17.214260  13186.908507
17.381383  13349.185328
17.548506  13493.856274
17.715629  13619.973676
17.882752  13726.737890
18.049875  13813.514973
18.216998  13879.839758
18.384121  13925.432463
18.551244  13950.198370
18.718367  13954.236768
18.885490  13937.820998
19.052613  13901.454703
19.219736  13845.847566
19.386859  13771.809739
19.553982  13680.305945
19.721105  13572.490882
19.888228  13449.708406
20.055351  13313.566450
20.222474  13165.656943
20.389597  13007.463910
20.556720  12840.635119
20.723843  12666.839732
20.890966  12487.747516
21.058089  12305.049010
21.225212  12120.415975
21.392335  11935.489579
21.559458  11751.830073
21.726581  11570.860523
21.893704  11393.865707
22.060827  11221.988179
22.227950  11056.168227
22.395073  10897.022475
22.562196  10745.149963
22.729319  10601.066765
22.896442  10465.149714
23.063565  10337.570779
23.230688  10218.361810
23.397811  10107.457202
23.564934  10004.712740
23.732057  9909.925674
23.899180  9822.801714
