0.000189  3098.038274
0.167312  3070.187775
0.334434  3044.681495
0.501557  3021.335353
0.668680  3000.006683
0.835803  2980.554279
1.002926  2962.827730
1.170049  2946.704411
1.337172  2932.022398
1.504295  2918.610462
1.671418  2906.295182
1.838541  2894.885277
2.005664  2884.196941
2.172787  2874.069559
2.339910  2864.340111
2.507033  2854.876813
2.674156  2845.582349
2.841279  2836.391890
3.008402  2827.257911
3.175525  2818.143390
3.342648  2809.015149
3.509771  2799.841481
3.676894  2790.591016
3.844017  2781.228417
4.011140  2771.713948
4.178263  2762.005192
4.345386  2752.062639
4.512509  2741.809601
4.679632  2731.114494
4.846755  2719.894230
5.013878  2708.056032
5.181001  2695.500976
5.348124  2682.140814
5.515247  2667.909641
5.682370  2652.754970
5.849493  2636.632588
6.016616  2619.518447
6.183739  2601.422637
6.350862  2582.356593
6.517985  2562.380464
6.685108  2541.582124
6.852231  2520.052581
7.019354  2497.891252
7.186477  2475.201548
7.353600  2452.098299
7.520723  2428.704084
7.687846  2405.154603
7.854969  2381.600283
8.022092  2358.193506
8.189214  2335.084170
8.356337  2312.427208
8.523460  2290.385322
8.690583  2269.125618
8.857706  2248.815024
9.024829  2229.616305
9.191952  2211.678519
9.359075  2195.128539
9.526198  2180.076972
9.693321  2166.624707
9.860444  2154.866044
10.027567  2144.894854
10.194690  2136.799209
10.361813  2130.647676
10.528936  2126.498498
10.696059  2124.427955
10.863182  2124.538728
11.030305  2126.919375
11.197428  2131.658810
11.364551  2138.871365
11.531674  2148.703135
11.698797  2161.345268
11.865920  2177.023397
12.033043  2195.921071
12.200166  2218.275517
12.367289  2244.391872
12.534412  2274.630769
12.701535  2309.426860
12.868658  2349.345563
13.035781  2395.129794
13.202904  2447.311017
13.370027  2505.970192
13.537150  2570.641832
13.704273  2640.607243
13.871396  2715.146834
14.038519  2793.538591
14.205642  2875.110956
14.372765  2959.232662
14.539888  3045.320224
14.707011  3132.849630
14.874134  3221.325151
15.041257  3310.282766
15.208380  3399.295552
15.375503  3487.958505
15.542626  3575.873154
15.709749  3662.643938
15.876872  3747.873123
16.043994  3831.157981
16.211117  3912.092652
16.378240  3990.271074
16.545363  4065.283137
16.712486  4136.707597
16.879609  4204.115241
17.046732  4267.071497
17.213855  4325.140419
17.380978  4377.910162
17.548101  4424.998527
17.715224  4466.050219
17.882347  4500.753033
18.049470  4528.849586
18.216593  4550.136499
18.383716  4564.473818
18.550839  4571.788078
18.717962  4572.075389
18.885085  4565.400574
19.052208  4551.921066
19.219331  4531.871846
19.386454  4505.512516
19.553577  4473.193817
19.720700  4435.331130
19.887823  4392.396144
20.054946  4344.908853
20.222069  4293.410285
20.389192  4238.440580
20.556315  4180.554215
20.723438  4120.312471
20.890561  4058.265863
21.057684  3994.955851
21.224807  3930.915655
21.391930  3866.667529
21.559053  3802.720334
21.726176  3739.553461
21.893299  3677.596014
22.060422  3617.246016
22.227545  3558.845544
22.394668  3502.676235
22.561791  3448.880618
22.728914  3397.620436
22.896037  3349.045017
23.063160  3303.253202
23.230283  3260.261120
23.397406  3220.071418
23.564529  3182.688607
23.731652  3148.076514
23.898774  3116.150351
