0.000188  4555.427569
0.167311  4515.088245
0.334434  4478.192561
0.501557  4444.479708
0.668680  4413.741885
0.835803  4385.772029
1.002926  4360.355229
1.170049  4337.308663
1.337172  4316.398750
1.504295  4297.378306
1.671418  4279.994107
1.838541  4263.969578
2.005664  4249.037867
2.172787  4234.961170
2.339910  4221.501338
2.507033  4208.461398
2.674156  4195.688410
2.841279  4183.070335
3.008402  4170.517447
3.175525  4157.953854
3.342648  4145.310035
3.509771  4132.519916
3.676894  4119.518633
3.844017  4106.237395
4.011140  4092.603322
4.178263  4078.542293
4.345386  4063.983801
4.512509  4048.810603
4.679632  4032.846561
4.846755  4015.980138
5.013878  3998.092034
5.181001  3979.058312
5.348124  3958.771781
5.515247  3937.155985
5.682370  3914.153680
5.849493  3889.721409
6.016616  3863.842612
6.183739  3836.543700
6.350862  3807.851235
6.517985  3777.850808
6.685108  3746.663093
6.852231  3714.412922
7.019354  3681.236087
7.186476  3647.274244
7.353599  3612.684332
7.520722  3577.634589
7.687845  3542.312143
7.854968  3506.925144
8.022091  3471.687182
8.189214  3436.811338
8.356337  3402.519541
8.523460  3369.046340
8.690583  3336.635145
8.857706  3305.531983
9.024829  3275.980440
9.191952  3248.209081
9.359075  3222.420239
9.526198  3198.796900
9.693321  3177.510759
9.860444  3158.725554
10.027567  3142.603601
10.194690  3129.298238
10.361813  3118.936849
10.528936  3111.629948
10.696059  3107.505921
10.863182  3106.722378
11.030305  3109.414572
11.197428  3115.712263
11.364551  3125.772722
11.531674  3139.790437
11.698797  3158.014471
11.865920  3180.737838
12.033043  3208.202001
12.200166  3240.713843
12.367289  3278.669316
12.534412  3322.540024
12.701535  3372.888224
12.868658  3430.436284
13.035781  3496.134435
13.202904  3570.700873
13.370027  3654.329625
13.537150  3746.549426
13.704273  3846.544107
13.871396  3953.458136
14.038519  4066.394602
14.205642  4184.483367
14.372765  4306.873014
14.539888  4432.742782
14.707011  4561.321269
14.874134  4691.851211
15.041256  4823.597297
15.208379  4955.856802
15.375502  5087.943937
15.542625  5219.174887
15.709748  5348.867630
15.876871  5476.339329
16.043994  5600.906576
16.211117  5721.891665
16.378240  5838.628960
16.545363  5950.461251
16.712486  6056.732586
16.879609  6156.793023
17.046732  6250.001839
17.213855  6335.734880
17.380978  6413.415605
17.548101  6482.521653
17.715224  6542.580031
17.882347  6593.186802
18.049470  6634.019946
18.216593  6664.836843
18.383716  6685.484859
18.550839  6695.903642
18.717962  6696.128432
18.885085  6686.288786
19.052208  6666.636515
19.219331  6637.523728
19.386454  6599.338405
19.553577  6552.586200
19.720700  6497.856773
19.887823  6435.814607
20.054946  6367.189834
20.222069  6292.742179
20.389192  6213.233914
20.556315  6129.450660
20.723438  6042.190910
20.890561  5952.244058
21.057684  5860.392610
21.224807  5767.410432
21.391930  5674.059937
21.559053  5581.085135
21.726176  5489.188547
21.893299  5399.005444
22.060422  5311.122900
22.227545  5226.046199
22.394668  5144.190053
22.561791  5065.788243
22.728914  4991.092236
22.896036  4920.326863
23.063159  4853.639203
23.230282  4791.063443
23.397405  4732.609121
23.564528  4678.277574
23.731651  4628.010951
23.898774  4581.685773
