0.000189  3801.301655
0.167312  3760.578240
0.334435  3723.018890
0.501558  3688.559622
0.668681  3657.130810
0.835804  3628.612529
1.002927  3602.861833
1.170050  3579.692250
1.337173  3558.854547
1.504296  3540.056134
1.671419  3522.965103
1.838542  3507.241808
2.005665  3492.568185
2.172788  3478.646051
2.339911  3465.209123
2.507034  3452.047791
2.674157  3438.997384
2.841280  3425.926960
3.008403  3412.722953
3.175526  3399.282847
3.342649  3385.520325
3.509772  3371.369950
3.676895  3356.782091
3.844018  3341.718251
4.011141  3326.149998
4.178264  3310.070009
4.345387  3293.497297
4.512510  3276.442493
4.679633  3258.837086
4.846756  3240.681814
5.013879  3221.977476
5.181002  3202.728125
5.348125  3182.938211
5.515248  3162.617028
5.682371  3141.791920
5.849494  3120.498994
6.016617  3098.781089
6.183740  3076.701810
6.350863  3054.320103
6.517985  3031.697213
6.685108  3008.909639
6.852231  2986.038648
7.019354  2963.162418
7.186477  2940.351419
7.353600  2917.666385
7.520723  2895.153846
7.687846  2872.855867
7.854969  2850.817624
8.022092  2829.079150
8.189215  2807.679544
8.356338  2786.664801
8.523461  2766.095589
8.690584  2746.046590
8.857707  2726.611052
9.024830  2707.896333
9.191953  2690.017660
9.359076  2673.088578
9.526199  2657.221995
9.693322  2642.537767
9.860445  2629.165896
10.027568  2617.250972
10.194691  2606.948571
10.361814  2598.406482
10.528937  2591.762759
10.696060  2587.169741
10.863183  2584.814244
11.030306  2584.906077
11.197429  2587.664885
11.364552  2593.327887
11.531675  2602.160288
11.698798  2614.499251
11.865921  2630.696373
12.033044  2651.023862
12.200167  2675.834833
12.367290  2705.546021
12.534413  2740.617657
12.701536  2781.555894
12.868659  2828.990420
13.035782  2883.862403
13.202905  2947.312046
13.370028  3020.109224
13.537151  3102.090953
13.704274  3192.242981
13.871397  3289.157290
14.038520  3391.261623
14.205643  3497.001353
14.372765  3604.926513
14.539888  3713.732329
14.707011  3822.285968
14.874134  3929.606318
15.041257  4034.851304
15.208380  4137.313966
15.375503  4236.400727
15.542626  4331.615584
15.709749  4422.547311
15.876872  4508.860290
16.043995  4590.290219
16.211118  4666.645953
16.378241  4737.813510
16.545364  4803.735280
16.712487  4864.402512
16.879610  4919.838012
17.046733  4970.078853
17.213856  5015.175518
17.380979  5055.210907
17.548102  5090.292953
17.715225  5120.543899
17.882348  5146.095847
18.049471  5167.078941
18.216594  5183.610063
18.383717  5195.784560
18.550840  5203.670332
18.717963  5207.314879
18.885086  5206.752553
19.052209  5202.012877
19.219332  5193.100616
19.386455  5180.014128
19.553578  5162.770308
19.720701  5141.384140
19.887824  5115.869775
20.054947  5086.250821
20.222070  5052.580195
20.389193  5014.933318
20.556316  4973.419229
20.723439  4928.177045
20.890562  4879.373179
21.057685  4827.224946
21.224808  4772.013161
21.391931  4714.074342
21.559054  4653.811916
21.726177  4591.687354
21.893300  4528.194298
22.060423  4463.857103
22.227545  4399.187107
22.394668  4334.665702
22.561791  4270.695491
22.728914  4207.738243
22.896037  4146.265711
23.063160  4086.679107
23.230283  4029.309263
23.397406  3974.474954
23.564529  3922.460311
23.731652  3873.457169
23.898775  3827.581198
