0.000593  5850.183909
0.167716  5802.984711
0.334839  5759.704718
0.501962  5720.013443
0.669085  5683.652201
0.836208  5650.369709
1.003331  5619.909323
1.170454  5592.052688
1.337577  5566.548932
1.504700  5543.139103
1.671823  5521.542051
1.838946  5501.465723
2.006069  5482.618313
2.173192  5464.730370
2.340315  5447.549157
2.507438  5430.843172
2.674561  5414.419232
2.841684  5398.115481
3.008807  5381.818329
3.175930  5365.428332
3.343053  5348.841004
3.510176  5331.955964
3.677299  5314.674752
3.844422  5296.885531
4.011545  5278.499188
4.178668  5259.444900
4.345791  5239.636802
4.512914  5218.976541
4.680037  5197.372684
4.847160  5174.695385
5.014283  5150.754643
5.181406  5125.413169
5.348529  5098.544434
5.515652  5070.062089
5.682775  5039.899610
5.849898  5008.011902
6.017021  4974.416948
6.184144  4939.152873
6.351267  4902.275627
6.518390  4863.906612
6.685513  4824.206235
6.852635  4783.335288
7.019758  4741.456862
7.186881  4698.740689
7.354004  4655.364237
7.521127  4611.526950
7.688250  4567.450498
7.855373  4523.376120
8.022496  4479.559444
8.189619  4436.264075
8.356742  4393.753698
8.523865  4352.307063
8.690988  4312.214180
8.858111  4273.773168
9.025234  4237.283580
9.192357  4203.022546
9.359480  4171.246012
9.526603  4142.188040
9.693726  4116.067906
9.860849  4093.102430
10.027972  4073.496948
10.195095  4057.444180
10.362218  4045.120382
10.529341  4036.697131
10.696464  4032.362716
10.863587  4032.303614
11.030710  4036.672845
11.197833  4045.608107
11.364956  4059.304530
11.532079  4078.010036
11.699202  4101.916427
11.866325  4131.231735
12.033448  4166.190616
12.200571  4207.087620
12.367694  4254.266546
12.534817  4308.140314
12.701940  4369.238530
12.869063  4438.160465
13.036186  4515.479339
13.203309  4601.694905
13.370432  4697.023530
13.537555  4801.422740
13.704678  4914.566960
13.871801  5035.825145
14.038924  5164.485922
14.206047  5299.787189
14.373170  5440.923639
14.540293  5587.048322
14.707416  5737.301759
14.874539  5890.799441
15.041662  6046.645602
15.208785  6203.948866
15.375908  6361.811850
15.543031  6519.329182
15.710154  6675.594594
15.877277  6829.702026
16.044400  6980.747016
16.211523  7127.836023
16.378646  7270.093189
16.545769  7406.651342
16.712892  7536.656881
16.880015  7659.278030
17.047138  7773.714173
17.214261  7879.220079
17.381384  7975.107960
17.548507  8060.745427
17.715630  8135.565075
17.882753  8199.083780
18.049876  8250.914012
18.216999  8290.766979
18.384121  8318.462216
18.551244  8333.927883
18.718367  8337.206730
18.885490  8328.443847
19.052613  8307.924641
19.219736  8276.059375
19.386859  8233.312481
19.553982  8180.241917
19.721105  8117.522912
19.888228  8045.942920
20.055351  7966.436111
20.222474  7879.927508
20.389597  7787.284614
20.556720  7689.460708
20.723843  7587.413547
20.890966  7482.094949
21.058089  7374.468520
21.225212  7265.493185
21.392335  7156.116772
21.559458  7047.245329
21.726581  6939.711384
21.893704  6834.274118
22.060827  6731.615787
22.227950  6632.300231
22.395073  6536.685827
22.562196  6445.140765
22.729319  6357.995871
22.896442  6275.504006
23.063565  6197.792335
23.230688  6124.907857
23.397811  6056.843646
23.564934  5993.549044
23.732057  5934.938185
23.899180  5880.867251
