0.000594  2291.833325
0.167717  2267.725177
0.334840  2245.300466
0.501963  2224.534589
0.669086  2205.401491
0.836209  2187.844800
1.003332  2171.798892
1.170455  2157.175494
1.337578  2143.848804
1.504701  2131.666129
1.671824  2120.445215
1.838947  2109.998531
2.006070  2100.142673
2.173193  2090.705349
2.340316  2081.529437
2.507439  2072.482101
2.674562  2063.457535
2.841685  2054.372087
3.008808  2045.161228
3.175931  2035.768565
3.343054  2026.145911
3.510177  2016.257618
3.677300  2006.078780
3.844423  1995.591944
4.011546  1984.800547
4.178669  1973.722057
4.345792  1962.377437
4.512915  1950.793623
4.680038  1939.019070
4.847161  1927.105508
5.014284  1915.025316
5.181407  1902.792039
5.348530  1890.417930
5.515653  1877.921793
5.682776  1865.324557
5.849899  1852.655775
6.017022  1839.963792
6.184145  1827.300776
6.351267  1814.697215
6.518390  1802.182615
6.685513  1789.799466
6.852636  1777.589092
7.019759  1765.582473
7.186882  1753.797758
7.354005  1742.236720
7.521128  1730.896167
7.688251  1719.770977
7.855374  1708.855596
8.022497  1698.143405
8.189620  1687.628900
8.356743  1677.308185
8.523866  1667.185662
8.690989  1657.278722
8.858112  1647.620597
9.025235  1638.256948
9.192358  1629.238596
9.359481  1620.616397
9.526604  1612.445768
9.693727  1604.786414
9.860850  1597.713484
10.027973  1591.305036
10.195096  1585.648321
10.362219  1580.838899
10.529342  1576.984725
10.696465  1574.205228
10.863588  1572.629809
11.030711  1572.400222
11.197834  1573.665604
11.364957  1576.623670
11.532080  1581.460195
11.699203  1588.319568
11.866326  1597.383745
12.033449  1608.836485
12.200572  1622.890864
12.367695  1639.790355
12.534818  1659.813368
12.701941  1683.289827
12.869064  1710.597995
13.036187  1742.178632
13.203310  1778.530020
13.370433  1819.982819
13.537556  1866.559287
13.704679  1917.853616
13.871802  1973.072288
14.038925  2031.284608
14.206048  2091.528637
14.373171  2152.893363
14.540294  2214.547713
14.707417  2275.757987
14.874540  2335.889819
15.041663  2394.406984
15.208786  2450.863004
15.375909  2504.892623
15.543032  2556.201169
15.710155  2604.561744
15.877278  2649.809141
16.044401  2691.835585
16.211524  2730.590204
16.378647  2766.070071
16.545770  2798.320272
16.712893  2827.411405
16.880016  2853.446101
17.047139  2876.556233
17.214262  2896.902052
17.381385  2914.664305
17.548508  2930.031030
17.715630  2943.195267
17.882753  2954.348503
18.049876  2963.666406
18.216999  2971.301978
18.384122  2977.375415
18.551245  2981.971421
18.718368  2985.136394
18.885491  2986.878683
19.052614  2987.176079
19.219737  2985.970744
19.386860  2983.164621
19.553983  2978.647417
19.721106  2972.304082
19.888229  2964.010955
20.055352  2953.630337
20.222475  2941.051610
20.389598  2926.212468
20.556721  2909.064344
20.723844  2889.585870
20.890967  2867.798858
21.058090  2843.766525
21.225213  2817.604731
21.392336  2789.480702
21.559459  2759.599989
21.726582  2728.209398
21.893705  2695.585622
22.060828  2662.022987
22.227951  2627.807646
22.395074  2593.166950
22.562197  2558.387773
22.729320  2523.782254
22.896443  2489.647284
23.063566  2456.233620
23.230689  2423.773448
23.397812  2392.483780
23.564935  2362.550188
23.732058  2334.118181
23.899181  2307.294390
