0.000593  3905.049237
0.167716  3866.439321
0.334839  3830.562422
0.501962  3797.365344
0.669085  3766.791843
0.836208  3738.743757
1.003331  3713.108387
1.170454  3689.734911
1.337577  3668.417311
1.504700  3648.907845
1.671823  3630.916081
1.838946  3614.143287
2.006069  3598.301282
2.173192  3583.121468
2.340315  3568.360906
2.507438  3553.817755
2.674561  3539.329920
2.841684  3524.767597
3.008807  3510.028066
3.175930  3495.020190
3.343053  3479.665142
3.510176  3463.901862
3.677299  3447.681708
3.844422  3430.966813
4.011545  3413.746504
4.178668  3396.028498
4.345791  3377.824475
4.512914  3359.151950
4.680037  3340.047969
4.847160  3320.537516
5.014283  3300.572931
5.181406  3280.156127
5.348529  3259.288187
5.515652  3237.978819
5.682775  3216.245541
5.849898  3194.122215
6.017021  3171.675155
6.184144  3148.985622
6.351267  3126.110975
6.518390  3103.108965
6.685513  3080.057071
6.852636  3057.036643
7.019759  3034.119982
7.186882  3011.364802
7.354005  2988.812152
7.521128  2966.499135
7.688251  2944.460814
7.855374  2922.732091
8.022497  2901.346493
8.189620  2880.340027
8.356743  2859.750805
8.523866  2839.626450
8.690989  2820.030826
8.858112  2801.047569
9.025235  2782.776613
9.192358  2765.324403
9.359481  2748.796274
9.526604  2733.301449
9.693727  2718.953648
9.860850  2705.882242
10.027973  2694.223502
10.195096  2684.121611
10.362219  2675.730454
10.529341  2669.217007
10.696464  2664.761836
10.863587  2662.557789
11.030710  2662.809203
11.197833  2665.724925
11.364956  2671.563294
11.532079  2680.590674
11.699202  2693.029862
11.866325  2709.137282
12.033448  2729.178731
12.200571  2753.460759
12.367694  2782.334591
12.534817  2816.195302
12.701940  2855.501022
12.869063  2900.775351
13.036186  2952.627343
13.203309  3011.750962
13.370432  3078.654778
13.537555  3153.451959
13.704678  3235.702027
13.871801  3324.409584
14.038924  3418.317311
14.206047  3516.073262
14.373170  3616.358140
14.540293  3717.942869
14.707416  3819.720691
14.874539  3920.715526
15.041662  4020.082329
15.208785  4117.097928
15.375908  4211.148578
15.543031  4301.716185
15.710154  4388.373486
15.877277  4470.775798
16.044400  4548.654776
16.211523  4621.817789
16.378646  4690.135867
16.545769  4753.540311
16.712892  4811.997204
16.880015  4865.514065
17.047138  4914.133275
17.214261  4957.931910
17.381384  4997.014159
17.548507  5031.496410
17.715630  5061.507548
17.882753  5087.182448
18.049876  5108.649338
18.216999  5126.023956
18.384122  5139.402280
18.551245  5148.859321
18.718368  5154.451021
18.885491  5156.214977
19.052614  5154.179926
19.219737  5148.355683
19.386860  5138.727208
19.553983  5125.289489
19.721106  5108.045350
19.888229  5086.998042
20.055352  5062.143510
20.222475  5033.508649
20.389598  5001.168854
20.556721  4965.211709
20.723844  4925.749186
20.890967  4882.935084
21.058090  4836.970695
21.225213  4788.118232
21.392336  4736.696964
21.559459  4683.070364
21.726582  4627.648423
21.893704  4570.868144
22.060827  4513.174991
22.227950  4454.984955
22.395073  4396.654426
22.562196  4338.613332
22.729319  4281.312049
22.896442  4225.164604
23.063565  4170.520484
23.230688  4117.700786
23.397811  4067.002600
23.564934  4018.675175
23.732057  3972.909249
23.899180  3929.836703
