0.000593  4800.384468
0.167716  4753.442641
0.334839  4709.822232
0.501962  4669.460233
0.669085  4632.289173
0.836208  4598.191758
1.003331  4567.031791
1.170454  4538.625040
1.337577  4512.719751
1.504700  4489.012874
1.671823  4467.149509
1.838946  4446.764547
2.006069  4427.506390
2.173192  4409.047854
2.340315  4391.093930
2.507438  4373.399819
2.674561  4355.768891
2.841684  4338.043637
3.008807  4320.098398
3.175930  4301.821655
3.343053  4283.116798
3.510176  4263.908186
3.677299  4244.134517
3.844422  4223.747638
4.011545  4202.730694
4.178668  4181.087728
4.345791  4158.827369
4.512914  4135.964475
4.680037  4112.535392
4.847160  4088.561702
5.014283  4063.987420
5.181406  4038.812446
5.348529  4013.037035
5.515652  3986.671689
5.682775  3959.737557
5.849898  3932.276785
6.017021  3904.370583
6.184144  3876.119186
6.351267  3847.595630
6.518390  3818.873873
6.685513  3790.051659
6.852636  3761.232616
7.019759  3732.510488
7.186882  3703.962347
7.354005  3675.646588
7.521128  3647.616913
7.688251  3619.924731
7.855374  3592.620924
8.022496  3565.754021
8.189619  3539.375501
8.356742  3513.539152
8.523865  3488.309075
8.690988  3463.767879
8.858111  3440.021087
9.025234  3417.193137
9.192357  3395.416210
9.359480  3374.820901
9.526603  3355.542293
9.693726  3337.720449
9.860849  3321.513041
10.027972  3307.086402
10.195095  3294.615427
10.362218  3284.286180
10.529341  3276.299519
10.696464  3270.871732
10.863587  3268.233809
11.030710  3268.629531
11.197833  3272.307746
11.364956  3279.572047
11.532079  3290.739354
11.699202  3306.080408
11.866325  3325.902837
12.033448  3350.526114
12.200571  3380.318515
12.367694  3415.701676
12.534817  3457.147557
12.701940  3505.200144
12.869063  3560.478687
13.036186  3623.699246
13.203309  3695.672011
13.370432  3776.995401
13.537555  3867.811008
13.704678  3967.618814
13.871801  4075.266048
14.038924  4189.274340
14.206047  4308.038595
14.373170  4429.980129
14.540293  4553.619282
14.707416  4677.617734
14.874539  4800.791068
15.041662  4922.110870
15.208785  5040.695438
15.375908  5155.795340
15.543031  5266.777267
15.710154  5373.117424
15.877277  5474.391513
16.044400  5570.266677
16.211523  5660.500460
16.378646  5744.926261
16.545769  5823.448296
16.712892  5896.012285
16.880015  5962.611850
17.047138  6023.280503
17.214261  6078.090855
17.381384  6127.146477
17.548507  6170.564843
17.715630  6208.478288
17.882753  6241.026281
18.049876  6268.341178
18.216999  6290.542504
18.384122  6307.728866
18.551245  6319.977286
18.718368  6327.346494
18.885491  6329.878900
19.052614  6327.611454
19.219737  6320.563688
19.386860  6308.731904
19.553982  6292.130012
19.721105  6270.784021
19.888228  6244.719012
20.055351  6213.940134
20.222474  6178.499592
20.389597  6138.523613
20.556720  6094.140514
20.723843  6045.507431
20.890966  5992.829911
21.058089  5936.366705
21.225212  5876.445881
21.392335  5813.459994
21.559458  5747.852820
21.726581  5680.122486
21.893704  5610.796582
22.060827  5540.409759
22.227950  5469.461286
22.395073  5398.387151
22.562196  5327.707026
22.729319  5257.960997
22.896442  5189.643944
23.063565  5123.174727
23.230688  5058.938085
23.397811  4997.289536
23.564934  4938.528628
23.732057  4882.885815
23.899180  4830.519886
