0.000594  1695.471401
0.167717  1676.531926
0.334840  1658.876167
0.501963  1642.488884
0.669086  1627.358899
0.836209  1613.450514
1.003332  1600.726152
1.170455  1589.134053
1.337578  1578.589315
1.504701  1568.984444
1.671824  1560.182121
1.838947  1552.038553
2.006070  1544.408001
2.173193  1537.148974
2.340316  1530.128841
2.507439  1523.230032
2.674562  1516.358379
2.841685  1509.439161
3.008808  1502.413378
3.175931  1495.229085
3.343054  1487.841342
3.510177  1480.215982
3.677300  1472.331183
3.844423  1464.171940
4.011546  1455.745070
4.178669  1447.072223
4.345792  1438.179215
4.512915  1429.098173
4.680038  1419.887446
4.847161  1410.635881
5.014284  1401.321871
5.181407  1391.966437
5.348530  1382.591591
5.515653  1373.226635
5.682776  1363.897400
5.849899  1354.638440
6.017022  1345.496488
6.184145  1336.516170
6.351268  1327.717728
6.518391  1319.120322
6.685514  1310.756955
6.852637  1302.656059
7.019760  1294.831049
7.186883  1287.281464
7.354006  1279.986364
7.521129  1272.918257
7.688252  1266.049498
7.855375  1259.353472
8.022498  1252.804367
8.189621  1246.377934
8.356744  1240.052789
8.523867  1233.817725
8.690990  1227.675835
8.858113  1221.646992
9.025236  1215.762259
9.192359  1210.056165
9.359482  1204.561323
9.526605  1199.313795
9.693728  1194.351250
9.860851  1189.730680
10.027974  1185.503626
10.195097  1181.733449
10.362220  1178.489556
10.529343  1175.854404
10.696466  1173.919446
10.863589  1172.786231
11.030712  1172.571110
11.197834  1173.400157
11.364957  1175.463940
11.532080  1178.909016
11.699203  1183.843382
11.866326  1190.429588
12.033449  1198.822399
12.200572  1209.210216
12.367695  1221.813434
12.534818  1236.893369
12.701941  1254.763647
12.869064  1275.777830
13.036187  1300.343759
13.203310  1328.895957
13.370433  1361.647058
13.537556  1398.489079
13.704679  1438.881920
13.871802  1481.981529
14.038925  1526.910304
14.206048  1572.832506
14.373171  1619.015575
14.540294  1664.829485
14.707417  1709.747264
14.874540  1753.332232
15.041663  1795.229617
15.208786  1835.151675
15.375909  1872.868966
15.543032  1908.198882
15.710155  1941.005617
15.877278  1971.195961
16.044401  1998.719122
16.211524  2023.568298
16.378647  2045.776882
16.545770  2065.422414
16.712893  2082.602669
16.880016  2097.444771
17.047139  2110.108233
17.214262  2120.785892
17.381385  2129.695597
17.548508  2137.068921
17.715631  2143.146693
17.882754  2148.174077
18.049877  2152.380473
18.217000  2155.971596
18.384123  2159.111447
18.551246  2161.918032
18.718369  2164.451415
18.885492  2166.715944
19.052615  2168.663544
19.219738  2170.189075
19.386861  2171.127496
19.553984  2171.283089
19.721107  2170.448174
19.888230  2168.398782
20.055353  2164.886131
20.222476  2159.700117
20.389599  2152.703052
20.556722  2143.770774
20.723845  2132.815832
20.890968  2119.806058
21.058091  2104.751329
21.225214  2087.715453
21.392337  2068.817729
21.559460  2048.215059
21.726583  2026.105272
21.893706  2002.718707
22.060829  1978.306180
22.227952  1953.125052
22.395075  1927.356220
22.562198  1901.233642
22.729320  1875.024697
22.896443  1848.993839
23.063566  1823.359377
23.230689  1798.322552
23.397812  1774.075253
23.564935  1750.787402
23.732058  1728.594481
23.899181  1707.598118
