0.000592  13711.958379
0.167715  13581.562265
0.334838  13460.387852
0.501961  13348.332780
0.669084  13245.269540
0.836207  13150.930672
1.003330  13064.971588
1.170453  12986.883879
1.337576  12915.948895
1.504699  12851.286678
1.671822  12791.860541
1.838945  12736.599131
2.006068  12684.470630
2.173191  12634.518262
2.340314  12585.886486
2.507437  12537.859277
2.674560  12489.854217
2.841683  12441.397905
3.008806  12392.098458
3.175929  12341.607532
3.343052  12289.622088
3.510175  12235.897487
3.677298  12180.231750
3.844421  12122.465703
4.011544  12062.521416
4.178667  12000.374815
4.345790  11936.018555
4.512913  11869.463013
4.680036  11800.778956
4.847159  11730.037713
5.014282  11657.147040
5.181405  11582.142450
5.348528  11505.078872
5.515651  11426.038094
5.682774  11345.133429
5.849897  11262.540371
6.017020  11178.531166
6.184143  11093.425710
6.351266  11007.474135
6.518389  10920.927427
6.685512  10834.096893
6.852635  10747.311026
7.019758  10660.870741
7.186881  10575.033003
7.354004  10490.003622
7.521127  10405.966524
7.688250  10323.094103
7.855373  10241.548401
8.022496  10161.473761
8.189619  10083.016147
8.356742  10006.322650
8.523865  9931.559310
8.690988  9858.935825
8.858111  9788.720656
9.025234  9721.232269
9.192357  9656.814948
9.359480  9595.813726
9.526603  9538.592576
9.693726  9485.532810
9.860848  9437.066341
10.027971  9393.653204
10.195094  9355.780518
10.362217  9323.969141
10.529340  9298.782551
10.696463  9280.825201
10.863586  9270.748943
11.030709  9269.243638
11.197832  9277.020295
11.364955  9294.924674
11.532078  9323.837231
11.699201  9364.562993
11.866324  9417.999519
12.033447  9485.065810
12.200570  9566.807297
12.367693  9664.405239
12.534816  9779.159984
12.701939  9912.534606
12.869062  10066.149261
13.036185  10241.801113
13.203308  10441.417219
13.370431  10666.384670
13.537554  10917.000981
13.704677  11191.987239
13.871800  11488.436046
14.038923  11802.502132
14.206046  12129.881308
14.373169  12466.219367
14.540292  12807.334543
14.707415  13149.376318
14.874538  13488.895810
15.041661  13822.881091
15.208784  14148.758512
15.375907  14464.367293
15.543030  14767.923700
15.710153  15057.999528
15.877276  15333.492619
16.044399  15593.599179
16.211522  15837.804384
16.378645  16065.835920
16.545768  16277.640806
16.712891  16473.301941
16.880014  16653.034719
17.047137  16817.158417
17.214260  16966.079019
17.381383  17100.263130
17.548506  17220.187854
17.715629  17326.336501
17.882752  17419.169523
18.049875  17499.081172
18.216998  17566.388233
18.384121  17621.304926
18.551244  17663.946812
18.718367  17694.345896
18.885490  17712.470034
19.052613  17718.252801
19.219736  17711.570066
19.386859  17692.242002
19.553982  17660.143382
19.721105  17615.182680
19.888228  17557.239685
20.055351  17486.043604
20.222474  17401.552838
20.389597  17304.095996
20.556720  17193.938719
20.723843  17071.435439
20.890966  16937.084100
21.058089  16791.531671
21.225211  16635.626482
21.392334  16470.404009
21.559457  16297.059449
21.726580  16116.954127
21.893703  15931.536834
22.060826  15742.281388
22.227949  15550.606224
22.395072  15357.816170
22.562195  15165.403184
22.729318  14974.893829
22.896441  14787.700831
23.063564  14605.047252
23.230687  14428.063271
23.397810  14257.800301
23.564933  14095.178988
23.732056  13940.945388
23.899179  13795.634968
