0.000188  9518.989675
0.167311  9439.959738
0.334434  9368.038869
0.501557  9302.628731
0.668680  9243.235508
0.835803  9189.386983
1.002926  9140.619949
1.170049  9096.536894
1.337172  9056.666936
1.504295  9020.521971
1.671418  8987.611206
1.838541  8957.403706
2.005664  8929.384436
2.172787  8903.096270
2.339910  8878.088300
2.507033  8853.980413
2.674156  8830.464963
2.841279  8807.299616
3.008402  8784.282003
3.175525  8761.232633
3.342648  8737.979756
3.509771  8714.353139
3.676894  8690.176089
3.844017  8665.257379
4.011140  8639.395198
4.178263  8612.382934
4.345386  8584.016699
4.512509  8554.011466
4.679632  8521.997563
4.846755  8487.729857
5.013878  8450.969723
5.181001  8411.482573
5.348124  8369.075015
5.515247  8323.618803
5.682369  8275.018795
5.849492  8223.211647
6.016615  8168.186097
6.183738  8110.007133
6.350861  8048.747487
6.517984  7984.582731
6.685107  7917.749846
6.852230  7848.496712
7.019353  7777.099287
7.186476  7703.851743
7.353599  7629.084379
7.520722  7553.157391
7.687845  7476.470234
7.854968  7399.467488
8.022091  7322.615940
8.189214  7246.385236
8.356337  7171.264170
8.523460  7097.767251
8.690583  7026.428249
8.857706  6957.786701
9.024829  6892.379783
9.191952  6830.719403
9.359075  6773.274698
9.526198  6720.480949
9.693321  6672.750996
9.860444  6630.481374
10.027567  6594.061757
10.194690  6563.860529
10.361813  6540.194786
10.528936  6523.339417
10.696059  6513.585995
10.863182  6511.259076
11.030305  6516.625947
11.197428  6529.927311
11.364551  6551.440209
11.531674  6581.499028
11.698797  6620.526469
11.865920  6669.014689
12.033043  6727.366542
12.200166  6796.080379
12.367289  6875.804692
12.534412  6967.327490
12.701535  7071.586478
12.868658  7189.771425
13.035781  7323.431143
13.202904  7473.806779
13.370027  7641.476264
13.537149  7826.073844
13.704272  8026.679212
13.871395  8242.210795
14.038518  8471.384721
14.205641  8712.817642
14.372764  8965.020462
14.539887  9226.433361
14.707010  9495.470976
14.874133  9770.482565
15.041256  10049.786487
15.208379  10331.702503
15.375502  10614.541945
15.542625  10896.597154
15.709748  11176.157658
15.876871  11451.515760
16.043994  11720.978686
16.211117  11982.884262
16.378240  12235.619798
16.545363  12477.617790
16.712486  12707.346427
16.879609  12923.320226
17.046732  13124.106581
17.213855  13308.342046
17.380978  13474.787413
17.548101  13622.337968
17.715224  13750.010493
17.882347  13856.981290
18.049470  13942.608100
18.216593  14006.423397
18.383716  14048.155480
18.550839  14067.730732
18.717962  14065.280483
18.885085  14041.133799
19.052208  13995.863387
19.219331  13930.251265
19.386454  13845.170466
19.553577  13741.724535
19.720700  13621.196591
19.887823  13485.044835
20.054946  13334.885721
20.222069  13172.393612
20.389192  12999.238957
20.556315  12817.151660
20.723438  12627.900857
20.890561  12433.262833
21.057684  12235.012576
21.224807  12034.896009
21.391929  11834.635305
21.559052  11635.895484
21.726175  11440.226699
21.893298  11249.023564
22.060421  11063.547935
22.227544  10884.864490
22.394667  10713.823465
22.561790  10550.926575
22.728913  10396.657105
22.896036  10251.400995
23.063159  10115.372333
23.230282  9988.557650
23.397405  9870.868929
23.564528  9762.172870
23.731651  9662.221938
23.898774  9570.653320
