0.000594  3228.866863
0.167717  3196.342520
0.334840  3166.112374
0.501963  3138.135350
0.669086  3112.367356
0.836209  3088.727009
1.003332  3067.120251
1.170455  3047.421147
1.337578  3029.456238
1.504700  3013.016759
1.671823  2997.857245
1.838946  2983.725460
2.006069  2970.377398
2.173192  2957.585299
2.340315  2945.142841
2.507438  2932.878105
2.674561  2920.653649
2.841684  2908.360157
3.008807  2895.912109
3.175930  2883.234157
3.343053  2870.261531
3.510176  2856.944971
3.677299  2843.246666
3.844422  2829.138112
4.011545  2814.614890
4.178668  2799.688714
4.345791  2784.374828
4.512914  2768.694118
4.680037  2752.687080
4.847160  2736.386429
5.014283  2719.752421
5.181406  2702.790510
5.348529  2685.504929
5.515652  2667.907598
5.682775  2650.016363
5.849898  2631.862238
6.017021  2613.503177
6.184144  2595.007757
6.351267  2576.422014
6.518390  2557.791887
6.685513  2539.180087
6.852636  2520.651401
7.019759  2502.261467
7.186882  2484.052299
7.354005  2466.049883
7.521128  2448.276011
7.688251  2430.750439
7.855374  2413.492528
8.022497  2396.520181
8.189620  2379.853133
8.356743  2363.512850
8.523866  2347.529442
8.690989  2331.947536
8.858112  2316.829539
9.025235  2302.252368
9.192358  2288.298863
9.359481  2275.051309
9.526604  2262.596200
9.693727  2251.024570
9.860850  2240.442616
10.027973  2230.962342
10.195096  2222.703978
10.362219  2215.797007
10.529342  2210.383648
10.696465  2206.618936
10.863588  2204.669224
11.030711  2204.712479
11.197834  2206.932218
11.364957  2211.559269
11.532080  2218.826383
11.699203  2228.924063
11.866326  2242.076429
12.033449  2258.514496
12.200572  2278.504651
12.367695  2302.351441
12.534818  2330.398577
12.701941  2363.047394
12.869063  2400.757832
13.036186  2444.066128
13.203309  2493.583970
13.370432  2549.750685
13.537555  2612.650446
13.704678  2681.871400
13.871801  2756.515619
14.038924  2835.469793
14.206047  2917.547933
14.373170  3001.600244
14.540293  3086.560422
14.707416  3171.472704
14.874539  3255.498556
15.041662  3337.916956
15.208785  3418.116185
15.375908  3495.583206
15.543031  3569.891378
15.710154  3640.696264
15.877277  3707.728179
16.044400  3770.786465
16.211523  3829.738677
16.378646  3884.509519
16.545769  3935.078445
16.712892  3981.455693
16.880015  4023.688449
17.047138  4061.855416
17.214261  4096.066089
17.381384  4126.453098
17.548507  4153.158003
17.715630  4176.330702
17.882753  4196.122896
18.049876  4212.675393
18.216999  4226.112251
18.384122  4236.533090
18.551245  4244.011631
18.718368  4248.596394
18.885491  4250.311374
19.052614  4249.164955
19.219737  4245.142016
19.386860  4238.198542
19.553983  4228.293099
19.721106  4215.387547
19.888229  4199.440365
20.055352  4180.398755
20.222475  4158.239608
20.389598  4132.988491
20.556721  4104.681667
20.723844  4073.379820
20.890967  4039.184500
21.058090  4002.240958
21.225213  3962.750565
21.392336  3920.967963
21.559459  3877.188938
21.726582  3831.753248
21.893705  3785.028372
22.060828  3737.393711
22.227951  3689.207387
22.395074  3640.770780
22.562197  3592.453197
22.729320  3544.645896
22.896443  3497.712142
23.063566  3451.959108
23.230689  3407.669983
23.397812  3365.107437
23.564935  3324.492921
23.732058  3285.997272
23.899181  3249.741179
