0.000190  2279.467276
0.167312  2253.467597
0.334435  2229.454896
0.501558  2207.395671
0.668681  2187.254182
0.835804  2168.959110
1.002927  2152.423367
1.170050  2137.534395
1.337173  2124.136111
1.504296  2112.043547
1.671419  2101.046296
1.838542  2090.926432
2.005665  2081.478609
2.172788  2072.510281
2.339911  2063.845462
2.507034  2055.345276
2.674157  2046.901613
2.841280  2038.431036
3.008403  2029.863424
3.175526  2021.136902
3.342649  2012.200277
3.509772  2003.017516
3.676895  1993.564827
3.844018  1983.827297
4.011141  1973.797704
4.178264  1963.485228
4.345387  1952.925544
4.512510  1942.163073
4.679633  1931.152903
4.846756  1919.910760
5.013879  1908.452214
5.181002  1896.793491
5.348125  1884.949618
5.515248  1872.938768
5.682371  1860.788625
5.849494  1848.527217
6.016617  1836.180766
6.183740  1823.789595
6.350863  1811.389832
6.517986  1799.019456
6.685109  1786.725286
6.852232  1774.552439
7.019355  1762.539252
7.186478  1750.714076
7.353601  1739.095900
7.520724  1727.691420
7.687847  1716.501199
7.854970  1705.527752
8.022092  1694.768495
8.189215  1684.219176
8.356338  1673.881469
8.523461  1663.769629
8.690584  1653.907944
8.857707  1644.335205
9.024830  1635.101174
9.191953  1626.262285
9.359076  1617.874275
9.526199  1609.993319
9.693322  1602.682370
9.860445  1596.012205
10.027568  1590.068659
10.194691  1584.946771
10.361814  1580.731908
10.528937  1577.504044
10.696060  1575.358335
10.863183  1574.417946
11.030306  1574.822881
11.197429  1576.722021
11.364552  1580.279788
11.531675  1585.682936
11.698798  1593.183369
11.865921  1603.029936
12.033044  1615.396116
12.200167  1630.530237
12.367290  1648.725127
12.534413  1670.302157
12.701536  1695.625015
12.868659  1725.155722
13.035782  1759.590043
13.202905  1799.752633
13.370028  1846.138003
13.537151  1898.480279
13.704274  1955.929939
13.871397  2017.422191
14.038520  2081.817645
14.205643  2148.022617
14.372766  2215.035601
14.539889  2281.971789
14.707012  2348.079511
14.874135  2412.718818
15.041258  2475.352860
15.208381  2535.546604
15.375504  2592.951291
15.542627  2647.292080
15.709750  2698.358333
15.876872  2745.997189
16.043995  2790.110115
16.211118  2830.653422
16.378241  2867.645064
16.545364  2901.146594
16.712487  2931.260757
16.879610  2958.116359
17.046733  2981.857691
17.213856  3002.635999
17.380979  3020.628071
17.548102  3036.027235
17.715225  3049.032350
17.882348  3059.840130
18.049471  3068.633678
18.216594  3075.569308
18.383717  3080.766674
18.550840  3084.301096
18.717963  3086.206253
18.885086  3086.476128
19.052209  3085.076414
19.219332  3081.932500
19.386455  3076.941408
19.553578  3069.999585
19.720701  3060.989701
19.887824  3049.785464
20.054947  3036.264089
20.222070  3020.330013
20.389193  3001.909182
20.556316  2980.965842
20.723439  2957.497915
20.890562  2931.532945
21.057685  2903.143639
21.224808  2872.459361
21.391931  2839.655612
21.559054  2804.966476
21.726177  2768.678795
21.893300  2731.104092
22.060423  2692.589054
22.227546  2653.481861
22.394669  2614.126970
22.561792  2574.800152
22.728915  2535.821868
22.896038  2497.530439
23.063161  2460.221640
23.230284  2424.136331
23.397407  2389.508949
23.564530  2356.557132
23.731652  2325.431127
23.898775  2296.224527
