0.000592  19580.746149
0.167715  19392.638251
0.334838  19217.716885
0.501961  19055.923806
0.669084  18907.161792
0.836207  18771.116796
1.003330  18647.344511
1.170453  18535.145931
1.337576  18433.491155
1.504699  18341.097159
1.671822  18256.434121
1.838945  18177.904637
2.006068  18103.964014
2.173191  18033.175585
2.340314  17964.245851
2.507437  17896.086237
2.674560  17827.802112
2.841683  17758.660079
3.008806  17688.051463
3.175929  17615.436957
3.343052  17540.348015
3.510175  17462.408051
3.677298  17381.307857
3.844421  17296.809132
4.011544  17208.803152
4.178667  17117.272985
4.345790  17022.233435
4.512913  16923.725136
4.680036  16821.862291
4.847159  16716.786152
5.014282  16608.465232
5.181405  16497.023235
5.348528  16382.615663
5.515651  16265.436178
5.682774  16145.717111
5.849897  16023.775565
6.017020  15900.064126
6.184143  15775.102383
6.351266  15649.303165
6.518389  15523.080236
6.685512  15396.924421
6.852635  15271.334384
7.019758  15146.750711
7.186881  15023.536888
7.354003  14901.971276
7.521126  14782.285229
7.688249  14664.679956
7.855372  14549.329339
8.022495  14436.371599
8.189618  14325.939915
8.356741  14218.162861
8.523864  14113.194482
8.690987  14011.252802
8.858110  13912.642734
9.025233  13817.746944
9.192356  13726.990283
9.359479  13640.806868
9.526602  13559.665243
9.693725  13484.067641
9.860848  13414.600405
10.027971  13351.902311
10.195094  13296.658963
10.362217  13249.612478
10.529340  13211.575136
10.696463  13183.430822
10.863586  13166.150251
11.030709  13160.759808
11.197832  13168.319052
11.364955  13190.075693
11.532078  13227.348613
11.699201  13281.413719
11.866324  13353.659439
12.033447  13445.494961
12.200570  13558.510500
12.367693  13694.494198
12.534816  13855.400182
12.701939  14043.401295
12.869062  14260.867756
13.036185  14510.348034
13.203308  14794.450309
13.370431  15114.933222
13.537554  15471.973177
13.704677  15863.543141
13.871800  16285.348303
14.038923  16731.711032
14.206046  17196.272206
14.373169  17672.583267
14.540292  18154.429240
14.707415  18636.075614
14.874538  19112.379267
15.041661  19578.857442
15.208784  20031.707660
15.375907  20467.777411
15.543030  20884.520119
15.710153  21279.970364
15.877276  21652.704212
16.044399  22001.803003
16.211522  22326.840830
16.378645  22627.819711
16.545768  22905.124448
16.712891  23159.403237
16.880014  23391.539746
17.047137  23602.593728
17.214260  23793.759381
17.381383  23966.304614
17.548506  24121.473963
17.715629  24260.451571
17.882752  24384.295913
18.049875  24493.859920
18.216998  24589.758767
18.384121  24672.329247
18.551244  24741.635682
18.718367  24797.504064
18.885489  24839.568525
19.052612  24867.335457
19.219735  24880.167088
19.386858  24877.295344
19.553981  24858.012130
19.721104  24821.652721
19.888227  24767.526554
20.055350  24694.777612
20.222473  24602.898009
20.389596  24491.923789
20.556719  24361.871489
20.723842  24212.928674
20.890965  24045.533149
21.058088  23860.395372
21.225211  23658.568497
21.392334  23441.426567
21.559457  23210.625186
21.726580  22968.100280
21.893703  22715.949725
22.060826  22456.335021
22.227949  22191.360632
22.395072  21923.028520
22.562195  21653.611137
22.729318  21385.441475
22.896441  21120.693335
23.063564  20861.281514
23.230687  20608.987070
23.397810  20365.484652
23.564933  20132.268552
23.732056  19910.586095
23.899179  19701.360847
