0.000189  1667.786780
0.167312  1653.059878
0.334435  1639.566232
0.501558  1627.168637
0.668681  1615.768653
0.835804  1605.292230
1.002927  1595.640532
1.170050  1586.760737
1.337173  1578.571758
1.504296  1570.986685
1.671419  1563.935598
1.838542  1557.327405
2.005665  1551.066439
2.172788  1545.086282
2.339910  1539.304106
2.507033  1533.649924
2.674156  1528.077564
2.841279  1522.568112
3.008402  1517.119218
3.175525  1511.738960
3.342648  1506.433152
3.509771  1501.203559
3.676894  1496.051602
3.844017  1490.974543
4.011140  1485.965796
4.178263  1481.007788
4.345386  1476.091803
4.512509  1471.199948
4.679632  1466.216290
4.846755  1461.073702
5.013878  1455.694598
5.181001  1449.989138
5.348124  1443.875058
5.515247  1437.291876
5.682370  1430.182383
5.849493  1422.487081
6.016616  1414.159023
6.183739  1405.177936
6.350862  1395.533751
6.517985  1385.271039
6.685108  1374.453561
6.852231  1363.144411
7.019354  1351.415185
7.186477  1339.338553
7.353600  1326.999276
7.520723  1314.490886
7.687846  1301.913264
7.854969  1289.377353
8.022092  1276.994262
8.189215  1264.867141
8.356338  1253.101503
8.523461  1241.806681
8.690584  1231.089735
8.857707  1221.051862
9.024830  1211.784867
9.191953  1203.363897
9.359076  1195.842922
9.526199  1189.260917
9.693322  1183.644873
9.860445  1179.013716
10.027568  1175.388223
10.194690  1172.785277
10.361813  1171.199110
10.528936  1170.622761
10.696059  1171.076436
10.863182  1172.603051
11.030305  1175.229362
11.197428  1178.991560
11.364551  1183.956610
11.531674  1190.225263
11.698797  1197.945767
11.865920  1207.278137
12.033043  1218.336303
12.200166  1231.291980
12.367289  1246.360507
12.534412  1263.792524
12.701535  1283.930654
12.868658  1307.260868
13.035781  1334.361552
13.202904  1365.455107
13.370027  1400.325514
13.537150  1438.299938
13.704273  1478.709188
13.871396  1521.016017
14.038519  1564.747942
14.205642  1609.520306
14.372765  1655.000103
14.539888  1700.915390
14.707011  1747.053521
14.874134  1793.226552
15.041257  1839.277123
15.208380  1885.078280
15.375503  1930.523589
15.542626  1975.508238
15.709749  2019.924835
15.876872  2063.656995
16.043995  2106.577663
16.211118  2148.540354
16.378241  2189.382352
16.545364  2228.924781
16.712487  2266.959828
16.879610  2303.255570
17.046733  2337.565445
17.213856  2369.611161
17.380979  2399.116643
17.548102  2425.807075
17.715225  2449.407003
17.882348  2469.653931
18.049470  2486.313561
18.216593  2499.178615
18.383716  2508.081653
18.550839  2512.900586
18.717962  2513.562950
18.885085  2510.036745
19.052208  2502.361545
19.219331  2490.657486
19.386454  2475.044987
19.553577  2455.723521
19.720700  2432.951224
19.887823  2407.038722
20.054946  2378.343154
20.222069  2347.237855
20.389192  2314.084708
20.556315  2279.261478
20.723438  2243.153086
20.890561  2206.138071
21.057684  2168.578641
21.224807  2130.823555
21.391930  2093.204926
21.559053  2056.041722
21.726176  2019.627003
21.893299  1984.198035
22.060422  1949.974810
22.227545  1917.142354
22.394668  1885.872573
22.561791  1856.199069
22.728914  1828.148779
22.896037  1801.751004
23.063160  1777.039413
23.230283  1753.976486
23.397406  1732.509722
23.564529  1712.613816
23.731652  1694.253495
23.898775  1677.362725
