0.000190  1519.836259
0.167313  1500.236006
0.334436  1482.009799
0.501559  1465.139841
0.668682  1449.626338
0.835805  1435.442230
1.002928  1422.555949
1.170051  1410.926964
1.337174  1400.470157
1.504297  1391.074454
1.671419  1382.599293
1.838542  1374.883892
2.005665  1367.769864
2.172788  1361.097576
2.339911  1354.703871
2.507034  1348.453931
2.674157  1342.244540
2.841280  1335.999549
3.008403  1329.656413
3.175526  1323.161717
3.342649  1316.472565
3.509772  1309.560958
3.676895  1302.411781
3.844018  1295.020745
4.011141  1287.393118
4.178264  1279.551146
4.345387  1271.539506
4.512510  1263.452174
4.679633  1255.260849
4.846756  1247.001744
5.013879  1238.713163
5.181002  1230.426799
5.348125  1222.172232
5.515248  1213.981549
5.682371  1205.885999
5.849494  1197.917065
6.016617  1190.097030
6.183740  1182.466579
6.350863  1175.057463
6.517986  1167.908086
6.685109  1161.068608
6.852232  1154.574623
7.019355  1148.441752
7.186478  1142.664901
7.353601  1137.223511
7.520724  1132.084309
7.687847  1127.207618
7.854970  1122.557427
8.022093  1118.092245
8.189216  1113.770923
8.356339  1109.562310
8.523462  1105.454722
8.690585  1101.449305
8.857708  1097.562962
9.024831  1093.823883
9.191954  1090.264657
9.359077  1086.909721
9.526199  1083.779461
9.693322  1080.902430
9.860445  1078.309637
10.027568  1076.051803
10.194691  1074.182943
10.361814  1072.737356
10.528937  1071.748767
10.696060  1071.273947
10.863183  1071.405500
11.030306  1072.246424
11.197429  1073.904809
11.364552  1076.508610
11.531675  1080.213898
11.698798  1085.262154
11.865921  1091.864632
12.033044  1100.172781
12.200167  1110.436741
12.367290  1122.952421
12.534413  1138.050954
12.701536  1156.121916
12.868659  1177.665371
13.035782  1203.416284
13.202905  1234.075275
13.370028  1269.750192
13.537151  1309.646213
13.704274  1352.555240
13.871397  1397.285272
14.038520  1442.765758
14.205643  1488.129166
14.372766  1532.686235
14.539889  1575.903848
14.707012  1617.387828
14.874135  1656.826328
15.041258  1693.972548
15.208381  1728.643376
15.375504  1760.701597
15.542627  1790.044855
15.709750  1816.599758
15.876873  1840.323411
16.043996  1861.203050
16.211119  1879.264894
16.378242  1894.593249
16.545365  1907.311466
16.712488  1917.592345
16.879611  1925.640774
17.046734  1931.698028
17.213857  1936.018199
17.380979  1938.903409
17.548102  1940.688116
17.715225  1941.730633
17.882348  1942.394584
18.049471  1943.031362
18.216594  1943.952265
18.383717  1945.400714
18.550840  1947.528636
18.717963  1950.383908
18.885086  1953.904961
19.052209  1957.942770
19.219332  1962.250095
19.386455  1966.498753
19.553578  1970.344345
19.720701  1973.417137
19.887824  1975.337382
20.054947  1975.737817
20.222070  1974.313300
20.389193  1970.815512
20.556316  1965.077415
20.723439  1956.989412
20.890562  1946.487789
21.057685  1933.560066
21.224808  1918.263988
21.391931  1900.701817
21.559054  1881.038419
21.726177  1859.501039
21.893300  1836.335233
22.060423  1811.832687
22.227546  1786.290712
22.394669  1760.013414
22.561792  1733.230366
22.728915  1706.218727
22.896038  1679.291078
23.063161  1652.719238
23.230284  1626.712441
23.397407  1601.484890
23.564530  1577.260111
23.731653  1554.199839
23.898776  1532.407303
