0.000594  3151.901455
0.167717  3125.452001
0.334840  3101.143280
0.501963  3078.795126
0.669086  3058.273079
0.836209  3039.445090
1.003332  3022.169872
1.170455  3006.332634
1.337578  2991.794858
1.504701  2978.412518
1.671824  2966.027054
1.838947  2954.474170
2.006070  2943.588959
2.173193  2933.221054
2.340316  2923.230165
2.507439  2913.486949
2.674561  2903.889026
2.841684  2894.355629
3.008807  2884.837318
3.175930  2875.293767
3.343053  2865.680257
3.510176  2855.953608
3.677299  2846.072216
3.844422  2835.985975
4.011545  2825.658319
4.178668  2815.062228
4.345791  2804.159984
4.512914  2792.903287
4.680037  2781.250036
4.847160  2769.130826
5.014283  2756.423835
5.181406  2743.037520
5.348529  2728.883428
5.515652  2713.897495
5.682775  2698.026453
5.849898  2681.230001
6.017021  2663.508569
6.184144  2644.872395
6.351267  2625.343467
6.518390  2604.989087
6.685513  2583.903819
6.852636  2562.183165
7.019759  2539.923735
7.186882  2517.225390
7.354005  2494.191057
7.521128  2470.935386
7.688251  2447.586094
7.855374  2424.281137
8.022497  2401.164431
8.189620  2378.382408
8.356743  2356.078939
8.523866  2334.404659
8.690989  2313.514707
8.858112  2293.567480
9.025235  2274.719307
9.192358  2257.109304
9.359481  2240.860061
9.526604  2226.079152
9.693727  2212.863705
9.860850  2201.309630
10.027973  2191.506281
10.195096  2183.537164
10.362219  2177.477675
10.529342  2173.404878
10.696465  2171.412373
10.863588  2171.598754
11.030711  2174.048654
11.197834  2178.845931
11.364957  2186.119624
11.532080  2196.033041
11.699203  2208.710236
11.866326  2224.295034
12.033449  2242.951840
12.200572  2264.886089
12.367695  2290.334109
12.534818  2319.577939
12.701941  2352.983434
12.869064  2390.967731
13.036187  2433.924714
13.203310  2482.171328
13.370433  2535.780543
13.537556  2594.606249
13.704679  2658.287587
13.871802  2726.264747
14.038925  2797.964239
14.206047  2872.827970
14.373170  2950.319397
14.540293  3029.921066
14.707416  3111.150403
14.874539  3193.545042
15.041662  3276.665130
15.208785  3360.097269
15.375908  3443.441746
15.543031  3526.304907
15.710154  3608.297336
15.877277  3689.029666
16.044400  3768.108740
16.211523  3845.140200
16.378646  3919.729459
16.545769  3991.473170
16.712892  4059.959846
16.880015  4124.773202
17.047138  4185.499317
17.214261  4241.741164
17.381384  4293.120329
17.548507  4339.276417
17.715630  4379.874555
17.882753  4414.618799
18.049876  4443.259482
18.216999  4465.598697
18.384122  4481.495586
18.551245  4490.869129
18.718368  4493.703017
18.885491  4490.039382
19.052614  4480.005008
19.219737  4463.803376
19.386860  4441.668267
19.553983  4413.889793
19.721106  4380.831430
19.888229  4342.919375
20.055352  4300.646291
20.222475  4254.510162
20.389598  4204.997860
20.556721  4152.629365
20.723844  4097.924038
20.890967  4041.394112
21.058090  3983.552796
21.225213  3924.911304
21.392336  3865.975747
21.559459  3807.229722
21.726582  3749.118901
21.893705  3692.053128
22.060828  3636.403065
22.227951  3582.475260
22.395074  3530.442975
22.562197  3480.501160
22.729320  3432.834577
22.896443  3387.592266
23.063566  3344.850822
23.230689  3304.645823
23.397812  3266.985906
23.564935  3231.860270
23.732058  3199.240123
23.899181  3169.063315
