0.000189  3162.361267
0.167312  3127.841353
0.334435  3095.991578
0.501558  3066.760759
0.668681  3040.092799
0.835804  3015.887211
1.002927  2994.023270
1.170050  2974.344082
1.337173  2956.638435
1.504296  2940.658253
1.671419  2926.122304
1.838542  2912.742214
2.005665  2900.247718
2.172788  2888.385534
2.339911  2876.928366
2.507034  2865.697543
2.674157  2854.553371
2.841280  2843.386060
3.008403  2832.101423
3.175526  2820.615132
3.342649  2808.856793
3.509772  2796.774323
3.676895  2784.329783
3.844018  2771.495248
4.011141  2758.251637
4.178264  2744.598692
4.345387  2730.561721
4.512510  2716.162100
4.679633  2701.341680
4.846756  2686.106520
5.013879  2670.462205
5.181002  2654.416509
5.348125  2637.976977
5.515248  2621.155280
5.682371  2603.978010
5.849494  2586.477326
6.016617  2568.689083
6.183740  2550.666874
6.350863  2532.459622
6.517986  2514.118337
6.685109  2495.706606
6.852231  2477.290503
7.019354  2458.931861
7.186477  2440.684291
7.353600  2422.592061
7.520723  2404.686159
7.687846  2386.992704
7.854969  2369.540281
8.022092  2352.352237
8.189215  2335.450627
8.356338  2318.863709
8.523461  2302.633029
8.690584  2286.812248
8.857707  2271.471602
9.024830  2256.693934
9.191953  2242.569346
9.359076  2229.186783
9.526199  2216.635154
9.693322  2205.010221
9.860445  2194.417108
10.027568  2184.975358
10.194691  2176.814915
10.361814  2170.057934
10.528937  2164.818700
10.696060  2161.225868
10.863183  2159.439588
11.030306  2159.640538
11.197429  2162.018901
11.364552  2166.781271
11.531675  2174.159380
11.698798  2184.451996
11.865921  2197.966888
12.033044  2214.935493
12.200167  2235.665148
12.367290  2260.518719
12.534413  2289.896115
12.701536  2324.240483
12.868659  2364.106906
13.035782  2410.328030
13.202905  2463.908611
13.370028  2525.510327
13.537151  2594.948058
13.704274  2671.295845
13.871397  2753.301888
14.038520  2839.581810
14.205643  2928.774952
14.372766  3019.616362
14.539889  3110.971830
14.707012  3201.861556
14.874134  3291.441082
15.041257  3378.990781
15.208380  3463.913289
15.375503  3545.714520
15.542626  3623.989388
15.709749  3698.410165
15.876872  3768.718188
16.043995  3834.719626
16.211118  3896.286507
16.378241  3953.361020
16.545364  4005.936101
16.712487  4054.049274
16.879610  4097.766451
17.046733  4137.166884
17.213856  4172.339960
17.380979  4203.402940
17.548102  4230.493253
17.715225  4253.757783
17.882348  4273.347543
18.049471  4289.406367
18.216594  4302.059601
18.383717  4311.405833
18.550840  4317.510935
18.717963  4320.413760
18.885086  4320.131777
19.052209  4316.670388
19.219332  4310.006323
19.386455  4300.103160
19.553578  4286.936064
19.720701  4270.474045
19.887824  4250.681797
20.054947  4227.530493
20.222070  4201.019045
20.389193  4171.168191
20.556316  4138.032242
20.723439  4101.695589
20.890562  4062.269437
21.057685  4019.912194
21.224808  3974.841480
21.391931  3927.325691
21.559054  3877.695499
21.726177  3826.336467
21.893300  3773.663602
22.060423  3720.123740
22.227546  3666.156851
22.394669  3612.183098
22.561792  3558.550155
22.728914  3505.659459
22.896037  3453.925198
23.063160  3403.702589
23.230283  3355.284033
23.397406  3308.952124
23.564529  3264.961494
23.731652  3223.485377
23.898775  3184.629677
