0.000189  7436.870574
0.167312  7358.480012
0.334435  7286.149440
0.501558  7219.787496
0.668681  7159.286156
0.835804  7104.437999
1.002927  7054.980659
1.170050  7010.554607
1.337173  6970.671336
1.504296  6934.754171
1.671419  6902.144094
1.838542  6872.167929
2.005665  6844.198077
2.172788  6817.647830
2.339911  6791.999318
2.507034  6766.843229
2.674157  6741.857225
2.841280  6716.783473
3.008403  6691.394851
3.175526  6665.485870
3.342649  6638.882686
3.509772  6611.448631
3.676895  6583.076091
3.844018  6553.679245
4.011141  6523.190679
4.178264  6491.579084
4.345387  6458.851709
4.512510  6425.003903
4.679633  6389.931083
4.846756  6353.637672
5.013878  6316.131959
5.181001  6277.428934
5.348124  6237.545646
5.515247  6196.505722
5.682370  6154.367736
5.849493  6111.214439
6.016616  6067.148295
6.183739  6022.309851
6.350862  5976.824980
6.517985  5930.823307
6.685108  5884.465232
6.852231  5837.922556
7.019354  5791.361859
7.186477  5744.937208
7.353600  5698.783416
7.520723  5653.008717
7.687846  5607.714089
7.854969  5563.001483
8.022092  5518.957719
8.189215  5475.667188
8.356338  5433.223194
8.523461  5391.741446
8.690584  5351.361312
8.857707  5312.254156
9.024830  5274.616898
9.191953  5238.661484
9.359076  5204.596882
9.526199  5172.633050
9.693322  5142.995616
9.860445  5115.929754
10.027568  5091.706011
10.194691  5070.615870
10.361814  5052.944950
10.528937  5038.967537
10.696060  5028.984594
10.863183  5023.361510
11.030306  5022.507727
11.197429  5026.851765
11.364552  5036.855120
11.531675  5053.031502
11.698798  5076.010424
11.865921  5106.456263
12.033044  5144.925795
12.200167  5192.103582
12.367290  5248.782379
12.534413  5315.835992
12.701536  5394.218322
12.868658  5485.089789
13.035781  5590.130613
13.202904  5711.315287
13.370027  5849.978544
13.537150  6005.906388
13.704273  6177.383181
13.871396  6361.905024
14.038519  6556.583193
14.205642  6758.483614
14.372765  6964.808441
14.539888  7172.993039
14.707011  7380.779177
14.874134  7586.201608
15.041257  7787.576062
15.208380  7983.499944
15.375503  8172.813821
15.542626  8354.572980
15.709749  8528.018552
15.876872  8692.557123
16.043995  8847.744558
16.211118  8993.285777
16.378241  9129.031925
16.545364  9254.940757
16.712487  9371.056660
16.879610  9477.476679
17.046733  9574.317672
17.213856  9661.714285
17.380979  9739.844698
17.548102  9808.916899
17.715225  9869.153354
17.882348  9920.780932
18.049471  9964.009588
18.216594  9999.016300
18.383717  10025.930852
18.550840  10044.829120
18.717963  10055.748541
18.885086  10058.708598
19.052209  10053.725089
19.219332  10040.772469
19.386455  10019.823347
19.553578  9990.889792
19.720701  9953.981499
19.887824  9909.099807
20.054947  9856.256643
20.222070  9795.533999
20.389193  9727.082153
20.556316  9651.113163
20.723438  9567.890819
20.890561  9477.726068
21.057684  9381.019667
21.224807  9278.295164
21.391930  9170.176898
21.559053  9057.412115
21.726176  8940.863051
21.893299  8821.461206
22.060422  8700.190984
22.227545  8578.015843
22.394668  8455.844582
22.561791  8334.475274
22.728914  8214.806409
22.896037  8097.745998
23.063160  7984.069327
23.230283  7874.431600
23.397406  7769.461477
23.564529  7669.723508
23.731652  7575.623510
23.898775  7487.428934
