0.000138  2350.162502
0.167261  2323.494278
0.334384  2298.868760
0.501507  2276.250939
0.668630  2255.602958
0.835753  2236.850634
1.002876  2219.903435
1.169999  2204.644467
1.337122  2190.912688
1.504245  2178.517694
1.671368  2167.243377
1.838491  2156.866388
2.005614  2147.176497
2.172737  2137.976863
2.339860  2129.088059
2.506983  2120.368560
2.674106  2111.708064
2.841229  2103.021223
3.008352  2094.236156
3.175475  2085.289309
3.342598  2076.127995
3.509721  2066.714888
3.676844  2057.025030
3.843967  2047.042429
4.011090  2036.758874
4.178213  2026.182730
4.345336  2015.348889
4.512459  2004.299774
4.679582  1992.989251
4.846705  1981.432088
5.013828  1969.642902
5.180951  1957.637150
5.348074  1945.429215
5.515197  1933.036745
5.682319  1920.487366
5.849442  1907.809363
6.016565  1895.029594
6.183688  1882.189168
6.350811  1869.325069
6.517934  1856.476121
6.685057  1843.690176
6.852180  1831.013842
7.019303  1818.487335
7.186426  1806.141187
7.353549  1793.996701
7.520672  1782.062856
7.687795  1770.342563
7.854918  1758.840677
8.022041  1747.556932
8.189164  1736.489336
8.356287  1725.641744
8.523410  1715.030514
8.690533  1704.682084
8.857656  1694.637490
9.024779  1684.948847
9.191902  1675.675052
9.359025  1666.874463
9.526148  1658.605977
9.693271  1650.935323
9.860394  1643.936256
10.027517  1637.697568
10.194640  1632.317444
10.361763  1627.884649
10.528886  1624.482355
10.696009  1622.208772
10.863132  1621.190202
11.030255  1621.570066
11.197378  1623.500756
11.364501  1627.150177
11.531624  1632.708604
11.698747  1640.431312
11.865870  1650.571491
12.032993  1663.306447
12.200116  1678.888005
12.367239  1697.613086
12.534362  1719.807604
12.701485  1745.839771
12.868608  1776.177021
13.035731  1811.523304
13.202854  1852.717043
13.369977  1900.270410
13.537099  1953.932270
13.704222  2012.855909
13.871345  2075.968840
14.038468  2142.116501
14.205591  2210.185091
14.372714  2279.150681
14.539837  2348.105402
14.706960  2416.275192
14.874083  2482.999369
15.041206  2547.722339
15.208329  2609.992459
15.375452  2669.446465
15.542575  2725.797035
15.709698  2778.822900
15.876821  2828.362142
16.043944  2874.308579
16.211067  2916.612072
16.378190  2955.284928
16.545313  2990.383669
16.712436  3022.006159
16.879559  3050.276354
17.046682  3075.333257
17.213805  3097.322805
17.380928  3116.416263
17.548051  3132.801383
17.715174  3146.671429
17.882297  3158.217804
18.049420  3167.618728
18.216543  3175.026384
18.383666  3180.557357
18.550789  3184.285296
18.717912  3186.243945
18.885035  3186.429381
19.052158  3184.811213
19.219281  3181.320415
19.386404  3175.861349
19.553527  3168.338963
19.720650  3158.645270
19.887773  3146.663840
20.054896  3132.281981
20.222019  3115.413841
20.389142  3095.994583
20.556265  3073.996833
20.723388  3049.426298
20.890511  3022.317880
21.057634  2992.751594
21.224757  2960.863985
21.391880  2926.837948
21.559002  2890.915062
21.726125  2853.389588
21.893248  2814.580757
22.060371  2774.842637
22.227494  2734.530316
22.394617  2693.994125
22.561740  2653.515361
22.728863  2613.420382
22.895986  2574.052907
23.063109  2535.713187
23.230232  2498.646089
23.397355  2463.089560
23.564478  2429.263663
23.731601  2397.320078
23.898724  2367.353140
