0.000594  2227.807756
0.167717  2209.082337
0.334840  2191.888888
0.501963  2176.080722
0.669086  2161.553741
0.836209  2148.212101
1.003332  2135.946762
1.170455  2124.678726
1.337578  2114.310994
1.504701  2104.744342
1.671824  2095.870754
1.838947  2087.577822
2.006070  2079.749793
2.173193  2072.283185
2.340316  2065.083052
2.507439  2058.057533
2.674562  2051.137330
2.841685  2044.270510
3.008808  2037.431864
3.175931  2030.604133
3.343054  2023.764556
3.510177  2016.889164
3.677300  2009.955450
3.844423  2002.931221
4.011546  1995.793174
4.178669  1988.523912
4.345792  1981.095271
4.512915  1973.468692
4.680038  1965.614027
4.847161  1957.482777
5.014284  1948.965386
5.181407  1939.978888
5.348530  1930.442246
5.515653  1920.296117
5.682776  1909.489222
5.849899  1897.979957
6.017022  1885.760320
6.184145  1872.825508
6.351268  1859.185436
6.518391  1844.892301
6.685514  1830.021360
6.852637  1814.648128
7.019760  1798.849929
7.186883  1782.707905
7.354006  1766.305038
7.521128  1749.733522
7.688251  1733.096500
7.855374  1716.505001
8.022497  1700.074286
8.189620  1683.919320
8.356743  1668.151035
8.523866  1652.884769
8.690989  1638.237226
8.858112  1624.325478
9.025235  1611.261871
9.192358  1599.141103
9.359481  1588.042378
9.526604  1578.030642
9.693727  1569.161284
9.860850  1561.488438
10.027973  1555.059219
10.195096  1549.917713
10.362219  1546.101313
10.529342  1543.651104
10.696465  1542.625491
10.863588  1543.088429
11.030711  1545.095513
11.197834  1548.707369
11.364957  1554.031814
11.532080  1561.199618
11.699203  1570.301320
11.866326  1581.454446
12.033449  1594.795382
12.200572  1610.495190
12.367695  1628.747783
12.534818  1649.789044
12.701941  1673.933093
12.869064  1701.537977
13.036187  1732.927276
13.203310  1768.324512
13.370433  1807.711093
13.537556  1850.881076
13.704679  1897.449875
13.871802  1946.898832
14.038925  1998.749164
14.206048  2052.568906
14.373171  2107.965135
14.540294  2164.574856
14.707417  2222.074627
14.874540  2280.164886
15.041663  2338.569859
15.208786  2397.039901
15.375909  2455.339506
15.543032  2513.239691
15.710155  2570.514481
15.877278  2626.935956
16.044401  2682.269886
16.211524  2736.275328
16.378647  2788.704896
16.545770  2839.296204
16.712893  2887.771469
16.880016  2933.838447
17.047139  2977.197939
17.214262  3017.555403
17.381385  3054.620761
17.548508  3088.109342
17.715631  3117.746847
17.882754  3143.282975
18.049877  3164.497041
18.217000  3181.205742
18.384123  3193.266501
18.551246  3200.582483
18.718369  3203.107289
18.885491  3200.839136
19.052614  3193.846013
19.219737  3182.261757
19.386860  3166.245153
19.553983  3145.996693
19.721106  3121.781259
19.888229  3093.917109
20.055352  3062.779195
20.222475  3028.747869
20.389598  2992.197251
20.556721  2953.532885
20.723844  2913.159410
20.890967  2871.474816
21.058090  2828.875147
21.225213  2785.752646
21.392336  2742.495115
21.559459  2699.469629
21.726582  2657.007718
21.893705  2615.413969
22.060828  2574.964273
22.227951  2535.891582
22.395074  2498.301173
22.562197  2462.315427
22.729320  2428.052890
22.896443  2395.614091
23.063566  2365.041415
23.230689  2336.345175
23.397812  2309.515153
23.564935  2284.532210
23.732058  2261.367311
23.899181  2239.968238
