0.000189  1916.855662
0.167312  1899.857424
0.334435  1884.291255
0.501558  1870.014192
0.668681  1856.921662
0.835804  1844.924225
1.002927  1833.916162
1.170050  1823.829687
1.337173  1814.567682
1.504296  1806.027853
1.671419  1798.117733
1.838541  1790.726549
2.005664  1783.743703
2.172787  1777.083307
2.339910  1770.648418
2.507033  1764.360408
2.674156  1758.166470
2.841279  1752.041017
3.008402  1745.974202
3.175525  1739.965706
3.342648  1734.014805
3.509771  1728.118339
3.676894  1722.272216
3.844017  1716.467463
4.011140  1710.690075
4.178263  1704.917984
4.345386  1699.135129
4.512509  1693.304549
4.679632  1687.312565
4.846755  1681.090059
5.013878  1674.557450
5.181001  1667.625473
5.348124  1660.212498
5.515247  1652.257228
5.682370  1643.704765
5.849493  1634.501320
6.016616  1624.607602
6.183739  1614.012449
6.350862  1602.711106
6.517985  1590.748458
6.685108  1578.190663
6.852231  1565.104582
7.019354  1551.565187
7.186477  1537.649670
7.353600  1523.446505
7.520723  1509.051944
7.687846  1494.570500
7.854969  1480.118124
8.022092  1465.811186
8.189215  1451.760043
8.356338  1438.077556
8.523461  1424.880742
8.690584  1412.285965
8.857707  1400.405126
9.024830  1389.342289
9.191953  1379.186137
9.359076  1370.004491
9.526199  1361.850042
9.693321  1354.764604
9.860444  1348.782665
10.027567  1343.939549
10.194690  1340.266445
10.361813  1337.774914
10.528936  1336.472431
10.696059  1336.389270
10.863182  1337.579126
11.030305  1340.081954
11.197428  1343.944100
11.364551  1349.239634
11.531674  1356.073899
11.698797  1364.595835
11.865920  1374.974694
12.033043  1387.337021
12.200166  1401.861878
12.367289  1418.777283
12.534412  1438.350130
12.701535  1460.925444
12.868658  1486.975651
13.035781  1517.088769
13.202904  1551.568805
13.370027  1590.301263
13.537150  1632.717025
13.704273  1678.166077
13.871396  1726.086612
14.038519  1775.961507
14.205642  1827.347393
14.372765  1879.848690
14.539888  1933.124778
14.707011  1986.893400
14.874134  2040.899289
15.041257  2094.918593
15.208380  2148.760489
15.375503  2202.255295
15.542626  2255.237339
15.709749  2307.540523
15.876872  2358.991907
16.043995  2409.408777
16.211118  2458.593689
16.378241  2506.336751
16.545364  2552.413629
16.712487  2596.575694
16.879610  2638.553674
17.046733  2678.063492
17.213856  2714.798648
17.380979  2748.458176
17.548101  2778.748971
17.715224  2805.383512
17.882347  2828.094313
18.049470  2846.647523
18.216593  2860.842370
18.383716  2870.522603
18.550839  2875.581207
18.717962  2875.964136
18.885085  2871.664970
19.052208  2862.752088
19.219331  2849.368245
19.386454  2831.665432
19.553577  2809.874043
19.720700  2784.281709
19.887823  2755.226884
20.054946  2723.092790
20.222069  2688.279752
20.389192  2651.181184
20.556315  2612.204698
20.723438  2571.764402
20.890561  2530.266029
21.057684  2488.101727
21.224807  2445.651036
21.391930  2403.278680
21.559053  2361.335573
21.726176  2320.145684
21.893299  2279.982042
22.060422  2241.096713
22.227545  2203.702466
22.394668  2167.983688
22.561791  2133.995091
22.728914  2101.796302
22.896037  2071.444558
23.063160  2042.982251
23.230283  2016.382529
23.397406  1991.607071
23.564529  1968.635579
23.731652  1947.429156
23.898775  1927.915042
