0.000189  2227.117070
0.167312  2207.103635
0.334435  2188.760821
0.501558  2171.939874
0.668681  2156.530429
0.835804  2142.430708
1.002927  2129.525522
1.170050  2117.732253
1.337172  2106.935453
1.504295  2097.013189
1.671418  2087.848011
1.838541  2079.305032
2.005664  2071.252710
2.172787  2063.582546
2.339910  2056.178676
2.507033  2048.948377
2.674156  2041.827794
2.841279  2034.782132
3.008402  2027.792492
3.175525  2020.849520
3.342648  2013.944870
3.509771  2007.068856
3.676894  2000.210922
3.844017  1993.355490
4.011140  1986.481453
4.178263  1979.561718
4.345386  1972.574684
4.512509  1965.472239
4.679632  1958.139754
4.846755  1950.506862
5.013878  1942.492551
5.181001  1934.007294
5.348124  1924.969338
5.515247  1915.316740
5.682370  1904.996840
5.849493  1893.960433
6.016616  1882.174396
6.183739  1869.635404
6.350862  1856.343762
6.517985  1842.347659
6.685108  1827.718412
6.852231  1812.528588
7.019354  1796.858035
7.186477  1780.788909
7.353600  1764.413854
7.520723  1747.832483
7.687846  1731.154134
7.854969  1714.500157
8.022092  1697.992180
8.189215  1681.747350
8.356338  1665.886146
8.523461  1650.534257
8.690584  1635.818390
8.857707  1621.862416
9.024830  1608.783843
9.191953  1596.685846
9.359075  1585.650664
9.526198  1575.745464
9.693321  1567.027552
9.860444  1559.547604
10.027567  1553.356924
10.194690  1548.502541
10.361813  1545.012907
10.528936  1542.910830
10.696059  1542.240156
10.863182  1543.069478
11.030305  1545.454544
11.197428  1549.455402
11.364551  1555.158198
11.531674  1562.679589
11.698797  1572.179181
11.865920  1583.842203
12.033043  1597.812083
12.200166  1614.285174
12.367289  1633.512979
12.534412  1655.790345
12.701535  1681.486281
12.868658  1711.094542
13.035781  1745.245940
13.202904  1784.320000
13.370027  1828.265266
13.537150  1876.544762
13.704273  1928.479477
13.871396  1983.455122
14.038519  2040.893270
14.205642  2100.284833
14.372765  2161.167602
14.539888  2223.131220
14.707011  2285.823550
14.874134  2348.919909
15.041257  2412.126938
15.208380  2475.186282
15.375503  2537.861770
15.542626  2599.923384
15.709749  2661.142794
15.876872  2721.287390
16.043995  2780.116818
16.211118  2837.380707
16.378241  2892.820621
16.545364  2946.167244
16.712487  2997.131870
16.879610  3045.409537
17.046733  3090.683029
17.213855  3132.619881
17.380978  3170.897878
17.548101  3205.208894
17.715224  3235.256616
17.882347  3260.771037
18.049470  3281.520988
18.216593  3297.313696
18.383716  3308.004981
18.550839  3313.503366
18.717962  3313.773269
18.885085  3308.832007
19.052208  3298.775166
19.219331  3283.769945
19.386454  3263.997342
19.553577  3239.718096
19.720700  3211.249199
19.887823  3178.955869
20.054946  3143.245310
20.222069  3104.543596
20.389192  3063.274940
20.556315  3019.877531
20.723438  2974.796038
20.890561  2928.464397
21.057684  2881.303520
21.224807  2833.723219
21.391930  2786.118795
21.559053  2738.872064
21.726176  2692.338769
21.893299  2646.826353
22.060422  2602.619851
22.227545  2559.962974
22.394668  2519.063066
22.561791  2479.999494
22.728914  2442.864237
22.896037  2407.745413
23.063160  2374.704433
23.230283  2343.732007
23.397406  2314.808715
23.564529  2287.928115
23.731652  2263.057913
23.898775  2240.127422
