0.000594  2635.429071
0.167717  2613.275651
0.334840  2592.922836
0.501963  2574.210278
0.669086  2557.021140
0.836209  2541.243397
1.003332  2526.754250
1.170455  2513.458591
1.337578  2501.240714
1.504701  2489.981060
1.671824  2479.548503
1.838947  2469.806981
2.006070  2460.618770
2.173193  2451.859492
2.340316  2443.413885
2.507439  2435.174036
2.674562  2427.056419
2.841685  2418.996693
3.008808  2410.959150
3.175931  2402.916376
3.343054  2394.836049
3.510177  2386.686055
3.677300  2378.435544
3.844423  2370.044435
4.011546  2361.483591
4.178669  2352.731386
4.345792  2343.755354
4.512915  2334.512702
4.680038  2324.967786
4.847161  2315.062189
5.014284  2304.682192
5.181406  2293.741842
5.348529  2282.157389
5.515652  2269.867546
5.682775  2256.820198
5.849898  2242.974162
6.017021  2228.324919
6.184144  2212.874785
6.351267  2196.639066
6.518390  2179.676311
6.685513  2162.069979
6.852636  2143.904142
7.019759  2125.264352
7.186882  2106.239651
7.354005  2086.921476
7.521128  2067.411549
7.688251  2047.823272
7.855374  2028.278916
8.022497  2008.905747
8.189620  1989.832069
8.356743  1971.182834
8.523866  1953.088492
8.690989  1935.682390
8.858112  1919.099589
9.025235  1903.471774
9.192358  1888.913409
9.359481  1875.523131
9.526604  1863.385074
9.693727  1852.573478
9.860850  1843.161334
10.027973  1835.214984
10.195096  1828.796345
10.362219  1823.960144
10.529342  1820.763758
10.696465  1819.281327
10.863588  1819.592438
11.030711  1821.765861
11.197834  1825.872526
11.364957  1832.028756
11.532080  1840.379438
11.699203  1851.030646
11.866326  1864.111368
12.033449  1879.770261
12.200572  1898.193271
12.367695  1919.593020
12.534818  1944.225237
12.701941  1972.425203
12.869064  2004.575182
13.036187  2041.029413
13.203310  2082.055391
13.370433  2127.679769
13.537556  2177.726143
13.704679  2231.823647
13.871802  2289.437449
14.038925  2350.047327
14.206048  2413.165900
14.373171  2478.337218
14.540294  2545.130303
14.707417  2613.151070
14.874540  2682.027166
15.041663  2751.409042
15.208786  2820.973027
15.375909  2890.409087
15.543032  2959.413325
15.710155  3027.685432
15.877278  3094.924110
16.044401  3160.822921
16.211524  3225.071377
16.378647  3287.355441
16.545770  3347.349072
16.712892  3404.714263
16.880015  3459.103212
17.047138  3510.165350
17.214261  3557.560357
17.381384  3600.959036
17.548507  3640.043401
17.715630  3674.512995
17.882753  3704.098253
18.049876  3728.567158
18.216999  3747.731448
18.384122  3761.451194
18.551245  3769.638449
18.718368  3772.261989
18.885491  3769.341332
19.052614  3760.972075
19.219737  3747.319923
19.386860  3728.577577
19.553983  3704.986322
19.721106  3676.855463
19.888229  3644.552561
20.055352  3608.508074
20.222475  3569.155793
20.389598  3526.917526
20.556721  3482.247584
20.723844  3435.598505
20.890967  3387.415230
21.058090  3338.142604
21.225213  3288.222959
21.392336  3238.094280
21.559459  3188.173482
21.726582  3138.841492
21.893705  3090.448593
22.060828  3043.312301
22.227951  2997.697070
22.395074  2953.739131
22.562197  2911.594105
22.729320  2871.410963
22.896443  2833.312018
23.063566  2797.355449
23.230689  2763.563707
23.397812  2731.936254
23.564935  2702.458335
23.732058  2675.101289
23.899181  2649.808581
