0.000592  18691.706684
0.167715  18560.879040
0.334838  18442.804111
0.501961  18336.133277
0.669084  18239.730894
0.836207  18152.569551
1.003330  18073.677895
1.170453  18002.251041
1.337576  17937.494054
1.504699  17878.650008
1.671822  17824.963116
1.838945  17775.665129
2.006068  17729.988751
2.173191  17687.218539
2.340314  17646.683563
2.507437  17607.749601
2.674560  17569.848142
2.841683  17532.461917
3.008806  17495.175472
3.175929  17457.597819
3.343052  17419.311467
3.510175  17379.883195
3.677298  17338.861843
3.844421  17295.734800
4.011544  17250.017958
4.178667  17201.260089
4.345790  17148.968894
4.512913  17092.624369
4.680036  17031.708548
4.847159  16965.651927
5.014282  16893.797073
5.181405  16815.670294
5.348528  16730.874428
5.515651  16639.148498
5.682774  16540.319181
5.849897  16434.293520
6.017020  16321.149306
6.184143  16201.042675
6.351266  16074.230313
6.518389  15941.138356
6.685512  15802.287891
6.852635  15658.220876
7.019758  15509.520946
7.186881  15356.829490
7.354004  15200.849027
7.521127  15042.375170
7.688250  14882.285233
7.855373  14721.531533
8.022496  14561.131581
8.189619  14402.134189
8.356742  14245.599403
8.523864  14092.629663
8.690987  13944.348440
8.858110  13801.884554
9.025233  13666.358580
9.192356  13538.826376
9.359479  13420.286520
9.526602  13311.662766
9.693725  13213.822436
9.860848  13127.597398
10.027971  13053.754950
10.195094  12993.002307
10.362217  12945.969498
10.529340  12913.233093
10.696463  12895.364054
10.863586  12892.866691
11.030709  12906.105740
11.197832  12935.352234
11.364955  12980.977031
11.532078  13043.448864
11.699201  13123.093269
11.866324  13220.233234
12.033447  13335.226061
12.200570  13468.544245
12.367693  13620.768440
12.534816  13792.659044
12.701939  13985.229734
12.869062  14199.622145
13.036185  14436.915218
13.203308  14698.139309
13.370431  14984.126011
13.537554  15295.700449
13.704677  15633.435634
13.871800  15997.343516
14.038923  16387.006474
14.206046  16801.488082
14.373169  17239.332666
14.540292  17698.610969
14.707415  18177.019358
14.874538  18671.899203
15.041661  19180.315742
15.208784  19699.135563
15.375907  20225.043296
15.543030  20754.578987
15.710153  21284.190076
15.877276  21810.266122
16.044399  22329.170252
16.211522  22837.273673
16.378645  23330.996316
16.545768  23806.806055
16.712891  24261.254758
16.880014  24691.013492
17.047137  25092.907693
17.214260  25463.987750
17.381383  25801.537590
17.548506  26103.088285
17.715629  26366.435969
17.882752  26589.705755
18.049875  26771.389351
18.216998  26910.360461
18.384121  27005.910125
18.551244  27057.753624
18.718367  27066.042568
18.885490  27031.325083
19.052613  26954.631810
19.219736  26837.440265
19.386859  26681.513068
19.553982  26488.945454
19.721105  26262.246832
19.888228  26004.369285
20.055350  25718.884553
20.222473  25409.313146
20.389596  25078.888130
20.556719  24731.208041
20.723842  24369.959458
20.890965  23998.869138
21.058088  23621.710427
21.225211  23242.185660
21.392334  22863.895420
21.559457  22490.233145
21.726580  22124.248985
21.893703  21768.645471
22.060826  21425.763605
22.227949  21097.519867
22.395072  20785.214685
22.562195  20489.964933
22.729318  20212.628598
22.896441  19953.751753
23.063564  19713.478756
23.230687  19491.641293
23.397810  19287.831261
23.564933  19101.451043
23.732056  18931.763949
23.899179  18777.863511
