0.000190  1716.694610
0.167313  1695.898670
0.334436  1676.644185
0.501559  1658.908320
0.668682  1642.673794
0.835805  1627.895279
1.002928  1614.518709
1.170050  1602.473392
1.337173  1591.649878
1.504296  1581.911886
1.671419  1573.098394
1.838542  1565.036487
2.005665  1557.558995
2.172788  1550.505673
2.339911  1543.722564
2.507034  1537.084960
2.674157  1530.495694
2.841280  1523.880466
3.008403  1517.177821
3.175526  1510.334201
3.342649  1503.304839
3.509772  1496.059449
3.676895  1488.579699
3.844018  1480.856171
4.011141  1472.886744
4.178264  1464.684115
4.345387  1456.290412
4.512510  1447.791292
4.679633  1439.144050
4.846756  1430.373614
5.013879  1421.507922
5.181002  1412.572479
5.348125  1403.590202
5.515248  1394.586063
5.682371  1385.588415
5.849494  1376.623856
6.016617  1367.710607
6.183740  1358.881798
6.350863  1350.169027
6.517986  1341.605696
6.685109  1333.233985
6.852232  1325.089324
7.019355  1317.195138
7.186478  1309.560386
7.353601  1302.182809
7.520724  1295.048481
7.687847  1288.135446
7.854970  1281.424851
8.022093  1274.893394
8.189216  1268.516902
8.356339  1262.279190
8.523462  1256.180059
8.690585  1250.229088
8.857708  1244.450523
9.024830  1238.878778
9.191953  1233.554031
9.359076  1228.513128
9.526199  1223.790990
9.693322  1219.429224
9.860445  1215.473426
10.027568  1211.987532
10.194691  1209.041815
10.361814  1206.689091
10.528937  1204.979314
10.696060  1203.980871
10.863183  1203.790764
11.030306  1204.520515
11.197429  1206.289043
11.364552  1209.231664
11.531675  1213.507215
11.698798  1219.356540
11.865921  1226.991099
12.033044  1236.543645
12.200167  1248.243877
12.367290  1262.359565
12.534413  1279.182651
12.701536  1299.055085
12.868659  1322.418816
13.035782  1349.939538
13.202905  1382.362951
13.370028  1420.003352
13.537151  1462.339350
13.704274  1508.387587
13.871397  1557.084406
14.038520  1607.391460
14.205643  1658.392216
14.372766  1709.301362
14.539889  1759.467864
14.707012  1808.372173
14.874135  1855.586739
15.041258  1900.762376
15.208381  1943.625150
15.375504  1983.961298
15.542627  2021.605893
15.709750  2056.434995
15.876873  2088.363654
16.043996  2117.345162
16.211119  2143.374320
16.378242  2166.503112
16.545365  2186.821180
16.712488  2204.462555
16.879611  2219.588183
17.046733  2232.384880
17.213856  2243.044074
17.380979  2251.792020
17.548102  2258.876652
17.715225  2264.558912
17.882348  2269.099231
18.049471  2272.744601
18.216594  2275.710095
18.383717  2278.162555
18.550840  2280.207852
18.717963  2281.888462
18.885086  2283.180030
19.052209  2284.006185
19.219332  2284.228449
19.386455  2283.658787
19.553578  2282.097890
19.720701  2279.323196
19.887824  2275.098030
20.054947  2269.188097
20.222070  2261.398224
20.389193  2251.563297
20.556316  2239.574874
20.723439  2225.366673
20.890562  2208.908967
21.057685  2190.218039
21.224808  2169.372118
21.391931  2146.491371
21.559054  2121.755965
21.726177  2095.403984
21.893300  2067.689444
22.060423  2038.907486
22.227546  2009.357678
22.394669  1979.353502
22.561792  1949.131220
22.728915  1918.960575
22.896038  1889.139227
23.063161  1859.933656
23.230284  1831.552610
23.397407  1804.202089
23.564530  1778.086415
23.731653  1753.347834
23.898776  1730.074160
