0.000594  3818.175677
0.167717  3786.240511
0.334839  3756.878517
0.501962  3729.881580
0.669085  3705.091807
0.836208  3682.352561
1.003331  3661.498323
1.170454  3642.390483
1.337577  3624.862416
1.504700  3608.740065
1.671823  3593.831286
1.838946  3579.936913
2.006069  3566.857299
2.173192  3554.408886
2.340315  3542.419858
2.507438  3530.732506
2.674561  3519.220031
2.841684  3507.780763
3.008807  3496.348485
3.175930  3484.867613
3.343053  3473.278462
3.510176  3461.524041
3.677299  3449.549590
3.844422  3437.292202
4.011545  3424.705299
4.178668  3411.753918
4.345791  3398.392325
4.512914  3384.563631
4.680037  3370.217952
4.847160  3355.274155
5.014283  3339.597044
5.181406  3323.086054
5.348529  3305.645531
5.515652  3287.207787
5.682775  3267.718141
5.849898  3247.137571
6.017021  3225.473250
6.184144  3202.744006
6.351267  3178.979713
6.518390  3154.259744
6.685513  3128.694036
6.852636  3102.393537
7.019759  3075.469706
7.186882  3048.036973
7.354005  3020.213345
7.521128  2992.130308
7.688251  2963.934670
7.855374  2935.785426
8.022497  2907.848831
8.189620  2880.295416
8.356743  2853.294114
8.523866  2827.022388
8.690989  2801.664109
8.858112  2777.408372
9.025235  2754.443492
9.192358  2732.939929
9.359481  2713.050364
9.526604  2694.911635
9.693727  2678.649315
9.860850  2664.387917
10.027973  2652.245075
10.195096  2642.331091
10.362219  2634.746559
10.529342  2629.592773
10.696465  2626.987829
10.863588  2627.054024
11.030711  2629.895712
11.197834  2635.613661
11.364957  2644.355982
11.532080  2656.310479
11.699202  2671.622147
11.866325  2690.454942
12.033448  2712.995051
12.200571  2739.475529
12.367694  2770.165617
12.534817  2805.385192
12.701940  2845.546531
12.869063  2891.118926
13.036186  2942.549616
13.203309  3000.211841
13.370432  3064.219777
13.537555  3134.446229
13.704678  3210.521520
13.871801  3291.840178
14.038924  3377.761661
14.206047  3467.646575
14.373170  3560.866974
14.540293  3656.805766
14.707416  3754.876594
14.874539  3854.508774
15.041662  3955.151135
15.208785  4056.277785
15.375908  4157.375147
15.543031  4257.934615
15.710154  4357.451920
15.877277  4455.423821
16.044400  4551.345085
16.211523  4644.713111
16.378646  4735.029897
16.545769  4821.793302
16.712892  4904.498293
16.880015  4982.641324
17.047138  5055.728294
17.214261  5123.290749
17.381384  5184.888108
17.548507  5240.106315
17.715630  5288.566417
17.882753  5329.938323
18.049876  5363.948495
18.216999  5390.385379
18.384122  5409.104836
18.551245  5420.032478
18.718368  5423.168812
18.885491  5418.582379
19.052614  5406.438079
19.219737  5386.987238
19.386860  5360.515670
19.553983  5327.374202
19.721106  5287.994424
19.888229  5242.874384
20.055352  5192.579008
20.222475  5137.685606
20.389598  5078.769665
20.556721  5016.440375
20.723844  4951.309286
20.890967  4883.982138
21.058090  4815.065133
21.225213  4745.161575
21.392336  4674.867536
21.559459  4604.753298
21.726582  4535.347206
21.893705  4467.135266
22.060828  4400.556417
22.227951  4335.974040
22.395074  4273.605624
22.562197  4213.692867
22.729320  4156.463277
22.896443  4102.099471
23.063566  4050.699979
23.230689  4002.314776
23.397811  3956.961127
23.564934  3914.631818
23.732057  3875.297591
23.899180  3838.889124
