0.000594  1898.649728
0.167717  1882.871355
0.334840  1868.415050
0.501963  1855.138985
0.669086  1842.944484
0.836209  1831.746714
1.003332  1821.444622
1.170455  1811.971485
1.337578  1803.246266
1.504701  1795.187935
1.671824  1787.710524
1.838947  1780.723968
2.006070  1774.133003
2.173193  1767.853894
2.340316  1761.811045
2.507439  1755.926523
2.674562  1750.142311
2.841685  1744.415039
3.008808  1738.726215
3.175931  1733.064869
3.343054  1727.413655
3.510177  1721.752383
3.677300  1716.062884
3.844423  1710.316678
4.011546  1704.493028
4.178669  1698.576835
4.345792  1692.542373
4.512915  1686.353463
4.680038  1679.982317
4.847161  1673.388148
5.014284  1666.462026
5.181407  1659.121946
5.348530  1651.287797
5.515653  1642.900965
5.682776  1633.909715
5.849899  1624.270721
6.017022  1613.971710
6.184145  1603.000463
6.351268  1591.363475
6.518391  1579.109430
6.685514  1566.308042
6.852637  1553.028859
7.019760  1539.344271
7.186883  1525.331798
7.354006  1511.070901
7.521129  1496.649922
7.688252  1482.167635
7.855375  1467.730006
8.022498  1453.447091
8.189621  1439.426922
8.356744  1425.772580
8.523867  1412.590732
8.690990  1399.987752
8.858113  1388.068653
9.025236  1376.932110
9.192359  1366.658206
9.359482  1357.311815
9.526605  1348.942977
9.693728  1341.592167
9.860850  1335.298293
10.027973  1330.092002
10.195096  1326.002255
10.362219  1323.051251
10.529342  1321.265576
10.696465  1320.689669
10.863588  1321.372793
11.030711  1323.357218
11.197834  1326.692277
11.364957  1331.477913
11.532080  1337.830900
11.699203  1345.825803
11.866326  1355.567933
12.033449  1367.180023
12.200572  1380.816457
12.367695  1396.650261
12.534818  1414.896960
12.701941  1435.850329
12.869064  1459.845471
13.036187  1487.176047
13.203310  1518.020254
13.370433  1552.317026
13.537556  1589.843594
13.704679  1630.216360
13.871802  1672.947013
14.038925  1717.605997
14.206048  1763.816474
14.373171  1811.242483
14.540294  1859.580328
14.707417  1908.567292
14.874540  1957.966223
15.041663  2007.564591
15.208786  2057.175914
15.375909  2106.627511
15.543032  2155.752643
15.710155  2204.386065
15.877278  2252.358670
16.044401  2299.493188
16.211524  2345.601655
16.378647  2390.486066
16.545770  2433.929595
16.712893  2475.696537
16.880016  2515.532067
17.047139  2553.170511
17.214262  2588.346322
17.381385  2620.792263
17.548508  2650.241932
17.715631  2676.432473
17.882754  2699.119683
18.049877  2718.082610
18.217000  2733.133260
18.384123  2744.118703
18.551246  2750.927797
18.718369  2753.495776
18.885492  2751.797903
19.052615  2745.875260
19.219738  2735.832972
19.386861  2721.801333
19.553984  2703.946313
19.721107  2682.498887
19.888230  2657.746222
20.055353  2630.041050
20.222476  2599.735910
20.389599  2567.167994
20.556722  2532.713504
20.723845  2496.746254
20.890968  2459.633156
21.058091  2421.740700
21.225214  2383.432330
21.392336  2345.069316
21.559459  2306.992896
21.726582  2269.505980
21.893705  2232.886097
22.060828  2197.383502
22.227951  2163.213747
22.395074  2130.460192
22.562197  2099.216744
22.729320  2069.573737
22.896443  2041.610603
23.063566  2015.352001
23.230689  1990.791452
23.397812  1967.902676
23.564935  1946.654901
23.732058  1927.010842
23.899181  1908.914607
