0.000188  5670.056930
0.167311  5621.011051
0.334434  5576.244209
0.501557  5535.417568
0.668680  5498.257033
0.835803  5464.494080
1.002926  5433.856951
1.170049  5406.114030
1.337172  5380.978653
1.504295  5358.149831
1.671418  5337.321856
1.838541  5318.161865
2.005664  5300.347812
2.172787  5283.593365
2.339910  5267.612949
2.507033  5252.168405
2.674156  5237.071220
2.841279  5222.178168
3.008402  5207.372383
3.175525  5192.552778
3.342648  5177.625014
3.509771  5162.498132
3.676894  5147.080529
3.844017  5131.274189
4.011140  5114.975938
4.178263  5098.081074
4.345386  5080.488237
4.512509  5062.041355
4.679632  5042.520489
4.846755  5021.783100
5.013878  4999.682611
5.181001  4976.070078
5.348124  4950.819620
5.515247  4923.844423
5.682370  4895.078567
5.849493  4864.473791
6.016616  4832.014280
6.183739  4797.734683
6.350862  4761.672434
6.517985  4723.933262
6.685107  4684.663254
6.852230  4644.013774
7.019353  4602.151327
7.186476  4559.251243
7.353599  4515.509183
7.520722  4471.136628
7.687845  4426.368135
7.854968  4381.464871
8.022091  4336.698329
8.189214  4292.340048
8.356337  4248.672706
8.523460  4205.994848
8.690583  4164.616624
8.857706  4124.851534
9.024829  4087.010896
9.191952  4051.388921
9.359075  4018.250442
9.526198  3987.837786
9.693321  3960.379318
9.860444  3936.093606
10.027567  3915.196407
10.194690  3897.891504
10.361813  3884.351102
10.528936  3874.724298
10.696059  3869.177330
10.863182  3867.905798
11.030305  3871.074431
11.197428  3878.837067
11.364551  3891.377086
11.531674  3908.919434
11.698797  3931.750559
11.865920  3960.205726
12.033043  3994.561097
12.200166  4035.164106
12.367289  4082.465189
12.534412  4137.005717
12.701535  4199.429849
12.868658  4270.562219
13.035781  4351.484256
13.202904  4443.030393
13.370027  4545.486081
13.537150  4658.419676
13.704273  4781.011504
13.871396  4912.373775
14.038519  5051.538497
14.205642  5197.531302
14.372765  5349.364169
14.539887  5506.053012
14.707010  5666.642263
14.874133  5830.169649
15.041256  5995.680874
15.208379  6162.244994
15.375502  6328.940548
15.542625  6494.842099
15.709748  6659.024535
15.876871  6820.562357
16.043994  6978.533099
16.211117  7132.025511
16.378240  7280.149195
16.545363  7422.030751
16.712486  7556.806643
16.879609  7683.629592
17.046732  7801.672436
17.213855  7910.137875
17.380978  8008.294954
17.548101  8095.486419
17.715224  8171.121503
17.882347  8234.700580
18.049470  8285.830032
18.216593  8324.218287
18.383716  8349.688923
18.550839  8362.182322
18.717962  8361.759614
18.885085  8348.599079
19.052208  8323.027724
19.219331  8285.497114
19.386454  8236.506712
19.553577  8176.698610
19.720700  8106.822176
19.887823  8027.728433
20.054946  7940.358613
20.222069  7845.686048
20.389192  7744.678106
20.556315  7638.332120
20.723438  7527.663370
20.890561  7413.683889
21.057684  7297.403070
21.224807  7179.817834
21.391930  7061.914453
21.559053  6944.653010
21.726176  6828.934078
21.893299  6715.571290
22.060422  6605.310900
22.227545  6498.790172
22.394667  6396.525077
22.561790  6298.811717
22.728913  6205.954387
22.896036  6118.213136
23.063159  6035.748276
23.230282  5958.580967
23.397405  5886.696173
23.564528  5820.060658
23.731651  5758.568857
23.898774  5702.038500
