0.000190  1970.048253
0.167313  1946.878740
0.334436  1925.451388
0.501559  1905.739885
0.668681  1887.719820
0.835804  1871.334550
1.002927  1856.514886
1.170050  1843.170402
1.337173  1831.168950
1.504296  1820.350947
1.671419  1810.531166
1.838542  1801.514607
2.005665  1793.115865
2.172788  1785.158689
2.339911  1777.478871
2.507034  1769.946107
2.674157  1762.459655
2.841280  1754.942928
3.008403  1747.332189
3.175526  1739.571830
3.342649  1731.616371
3.509772  1723.434870
3.676895  1715.008273
3.844018  1706.326232
4.011141  1697.385669
4.178264  1688.199126
4.345387  1678.805553
4.512510  1669.261402
4.679633  1659.527047
4.846756  1649.623392
5.013879  1639.571356
5.181002  1629.391203
5.348125  1619.101265
5.515248  1608.722276
5.682371  1598.282423
5.849494  1587.809361
6.016617  1577.327173
6.183740  1566.874080
6.350863  1556.483457
6.517986  1546.190699
6.685109  1536.039775
6.852232  1526.070451
7.019355  1516.313035
7.186478  1506.785719
7.353601  1497.496162
7.520724  1488.439669
7.687847  1479.605159
7.854970  1470.983720
8.022093  1462.561273
8.189216  1454.322669
8.356339  1446.259444
8.523461  1438.376741
8.690584  1430.689828
8.857707  1423.228389
9.024830  1416.032699
9.191953  1409.149017
9.359076  1402.621465
9.526199  1396.493613
9.693322  1390.815605
9.860445  1385.644061
10.027568  1381.051040
10.194691  1377.116638
10.361814  1373.909390
10.528937  1371.493455
10.696060  1369.949323
10.863183  1369.386003
11.030306  1369.928215
11.197429  1371.708983
11.364552  1374.877273
11.531675  1379.604753
11.698798  1386.131263
11.865921  1394.687962
12.033044  1405.433136
12.200167  1418.604737
12.367290  1434.483444
12.534413  1453.377064
12.701536  1475.636969
12.868659  1501.710705
13.035782  1532.271116
13.202905  1568.088318
13.370028  1609.562335
13.537151  1656.323067
13.704274  1707.469076
13.871397  1761.940175
14.038520  1818.646915
14.205643  1876.580349
14.372766  1934.843403
14.539889  1992.664682
14.707012  2049.406407
14.874135  2104.535439
15.041258  2157.611499
15.208381  2208.284797
15.375504  2256.279951
15.542627  2301.383908
15.709750  2343.436982
15.876873  2382.328306
16.043996  2417.993467
16.211119  2450.416844
16.378241  2479.641264
16.545364  2505.750703
16.712487  2528.870831
16.879610  2549.154132
17.046733  2566.772265
17.213856  2581.904618
17.380979  2594.759041
17.548102  2605.561553
17.715225  2614.545376
17.882348  2621.940892
18.049471  2627.962798
18.216594  2632.794667
18.383717  2636.576381
18.550840  2639.394192
18.717963  2641.281350
18.885086  2642.218757
19.052209  2642.147938
19.219332  2640.959297
19.386455  2638.504666
19.553578  2634.629556
19.720701  2629.160790
19.887824  2621.912760
20.054947  2612.702103
20.222070  2601.378216
20.389193  2587.818450
20.556316  2571.945627
20.723439  2553.720590
20.890562  2533.136652
21.057685  2510.232950
21.224808  2485.107601
21.391931  2457.903674
21.559054  2428.823177
21.726177  2398.122797
21.893300  2366.082482
22.060423  2333.019324
22.227546  2299.253709
22.394669  2265.107438
22.561792  2230.834456
22.728915  2196.732060
22.896038  2163.118875
23.063161  2130.274182
23.230284  2098.423106
23.397407  2067.786982
23.564530  2038.576572
23.731653  2010.938954
23.898776  1984.966529
