0.000593  7692.580637
0.167716  7617.901229
0.334839  7548.452436
0.501962  7484.158244
0.669085  7424.933227
0.836208  7370.610455
1.003331  7320.984576
1.170454  7275.766058
1.337577  7234.550120
1.504700  7196.845524
1.671823  7162.074784
1.838946  7129.642051
2.006069  7098.974655
2.173192  7069.541984
2.340315  7040.868056
2.507438  7012.558664
2.674561  6984.297813
2.841684  6955.833496
3.008807  6926.964318
3.175929  6897.513099
3.343052  6867.326921
3.510175  6836.286009
3.677298  6804.292758
3.844421  6771.271465
4.011544  6737.194120
4.178667  6702.064336
4.345790  6665.893003
4.512913  6628.699109
4.680036  6590.531898
4.847159  6551.421733
5.014282  6511.300772
5.181405  6470.177290
5.348528  6428.064107
5.515651  6384.989895
5.682774  6341.000487
5.849897  6296.175468
6.017020  6250.653932
6.184143  6204.604252
6.351266  6158.152307
6.518389  6111.427151
6.685512  6064.594205
6.852635  6017.827438
7.019758  5971.283961
7.186881  5925.094138
7.354004  5879.359413
7.521127  5834.171032
7.688250  5789.614834
7.855373  5745.772677
8.022496  5702.718476
8.189619  5660.528810
8.356742  5619.281621
8.523865  5579.067851
8.690988  5540.005288
8.858111  5502.246524
9.025234  5465.973538
9.192357  5431.381355
9.359480  5398.663605
9.526603  5368.022993
9.693726  5339.671493
9.860849  5313.849693
10.027972  5290.815491
10.195095  5270.840951
10.362218  5254.217338
10.529341  5241.260580
10.696464  5232.313161
10.863587  5227.745430
11.030710  5227.947654
11.197833  5233.320608
11.364956  5244.344308
11.532079  5261.529587
11.699202  5285.334496
11.866325  5316.267183
12.033448  5354.854018
12.200571  5401.698739
12.367694  5457.488567
12.534817  5522.984489
12.701940  5599.053050
12.869063  5686.666923
13.036186  5786.920259
13.203309  5901.009187
13.370432  6029.796815
13.537555  6173.459865
13.704678  6331.219938
13.871801  6501.309012
14.038924  6681.419927
14.206047  6869.011900
14.373170  7061.551224
14.540292  7256.634862
14.707415  7452.073733
14.874538  7645.923332
15.041661  7836.497426
15.208784  8022.362686
15.375907  8202.318642
15.543030  8375.373496
15.710153  8540.730948
15.877276  8697.772131
16.044399  8846.038901
16.211522  8985.229048
16.378645  9115.170327
16.545768  9235.806570
16.712891  9347.151650
16.880014  9449.291489
17.047137  9542.368662
17.214260  9626.577209
17.381383  9702.149226
17.548506  9769.326752
17.715629  9828.361845
17.882752  9879.502399
18.049875  9922.969748
18.216998  9958.950978
18.384121  9987.586140
18.551244  10008.968228
18.718367  10023.150804
18.885490  10030.154956
19.052613  10029.988080
19.219736  10022.627088
19.386859  10008.011001
19.553982  9986.109092
19.721105  9956.908908
19.888228  9920.387145
20.055351  9876.456223
20.222474  9825.130871
20.389597  9766.591434
20.556720  9700.995171
20.723843  9628.549414
20.890966  9549.540689
21.058089  9464.339875
21.225212  9373.429600
21.392335  9277.396663
21.559458  9176.916123
21.726581  9072.756563
21.893704  8965.737078
22.060827  8856.691400
22.227950  8746.407174
22.395073  8635.598217
22.562196  8525.104255
22.729319  8415.793701
22.896442  8308.465602
23.063565  8203.806034
23.230688  8102.448842
23.397811  8004.983205
23.564934  7911.917269
23.732057  7823.655977
23.899180  7740.486025
