0.000595  1487.655606
0.167718  1469.983615
0.334841  1453.438037
0.501964  1438.007351
0.669087  1423.694944
0.836210  1410.479206
1.003333  1398.339492
1.170456  1387.250776
1.337579  1377.151386
1.504702  1367.958272
1.671825  1359.553838
1.838948  1351.809082
2.006071  1344.588950
2.173194  1337.757687
2.340316  1331.179290
2.507439  1324.728910
2.674562  1318.305609
2.841685  1311.830177
3.008808  1305.242569
3.175931  1298.490341
3.343054  1291.526451
3.510177  1284.314888
3.677300  1276.832670
3.844423  1269.064747
4.011546  1261.023177
4.178669  1252.739815
4.345792  1244.252032
4.512915  1235.602757
4.680038  1226.858292
4.847161  1218.120836
5.014284  1209.383564
5.181407  1200.673599
5.348530  1192.020247
5.515653  1183.463856
5.682776  1175.038281
5.849899  1166.786343
6.017022  1158.762299
6.184145  1151.015478
6.351268  1143.564821
6.518391  1136.433993
6.685514  1129.661403
6.852637  1123.273531
7.019760  1117.272575
7.186883  1111.641026
7.354006  1106.337188
7.521129  1101.311126
7.688252  1096.514417
7.855375  1091.901069
8.022498  1087.426899
8.189621  1083.051469
8.356744  1078.738321
8.523867  1074.463868
8.690990  1070.221610
8.858113  1066.024197
9.025236  1061.896440
9.192359  1057.864357
9.359482  1053.949741
9.526605  1050.176710
9.693728  1046.569394
9.860851  1043.174153
10.027974  1040.029953
10.195097  1037.186732
10.362220  1034.698521
10.529343  1032.633521
10.696466  1031.072324
10.863589  1030.110732
11.030712  1029.856179
11.197835  1030.426063
11.364958  1032.007903
11.532081  1034.744362
11.699204  1038.752705
11.866327  1044.203220
12.033450  1051.259073
12.200573  1060.128942
12.367696  1071.062835
12.534819  1084.359120
12.701942  1100.379713
12.869065  1119.527078
13.036188  1142.226892
13.203311  1168.864921
13.370434  1199.516862
13.537557  1233.886764
13.704680  1271.257318
13.871802  1310.662473
14.038925  1351.164442
14.206048  1391.935790
14.373171  1432.304959
14.540294  1471.729656
14.707417  1509.786663
14.874540  1546.141607
15.041663  1580.536008
15.208786  1612.770197
15.375909  1642.691432
15.543032  1670.181267
15.710155  1695.157521
15.877278  1717.571449
16.044401  1737.409987
16.211524  1754.700460
16.378647  1769.511879
16.545770  1781.956592
16.712893  1792.169799
16.880016  1800.317651
17.047139  1806.603792
17.214262  1811.274095
17.381385  1814.609363
17.548508  1816.913992
17.715631  1818.509994
17.882754  1819.731521
18.049877  1820.900190
18.217000  1822.310834
18.384123  1824.203769
18.551246  1826.750926
18.718369  1830.032567
18.885492  1834.036650
19.052615  1838.663744
19.219738  1843.724403
19.386861  1848.933755
19.553984  1853.962573
19.721107  1858.466982
19.888230  1862.085945
20.055353  1864.430662
20.222476  1865.178073
20.389599  1864.116770
20.556722  1861.054184
20.723845  1855.854058
20.890968  1848.451013
21.058091  1838.829464
21.225214  1827.032720
21.392337  1813.164221
21.559460  1797.369460
21.726583  1779.840022
21.893706  1760.802757
22.060829  1740.504786
22.227952  1719.193275
22.395075  1697.038323
22.562198  1674.271467
22.729321  1651.167147
22.896444  1627.995590
23.063567  1604.978460
23.230690  1582.320550
23.397813  1560.221230
23.564936  1538.862410
23.732059  1518.395822
23.899182  1498.935873
