0.000593  10091.601661
0.167716  9994.700168
0.334839  9904.607430
0.501962  9821.231112
0.669085  9744.465326
0.836207  9674.099989
1.003330  9609.872207
1.170453  9551.405046
1.337576  9498.169543
1.504699  9449.521740
1.671822  9404.704392
1.838945  9362.935854
2.006068  9323.464845
2.173191  9285.596094
2.340314  9248.707543
2.507437  9212.282449
2.674560  9175.904077
2.841683  9139.237302
3.008806  9102.010651
3.175929  9063.984125
3.343052  9024.949734
3.510175  8984.742424
3.677298  8943.226582
3.844421  8900.295912
4.011544  8855.905461
4.178667  8810.051203
4.345790  8762.739831
4.512913  8713.989595
4.680036  8663.859678
4.847159  8612.392827
5.014282  8559.507932
5.181405  8505.221318
5.348528  8449.558649
5.515651  8392.565704
5.682774  8334.310256
5.849897  8274.904061
6.017020  8214.533956
6.184143  8153.423938
6.351266  8091.744476
6.518389  8029.669229
6.685512  7967.418151
6.852635  7905.223045
7.019758  7843.294936
7.186881  7781.811466
7.354004  7720.913159
7.521127  7660.726578
7.688250  7601.370734
7.855373  7542.958639
8.022496  7485.592102
8.189619  7429.375440
8.356742  7374.414204
8.523865  7320.829750
8.690988  7268.777308
8.858111  7218.456594
9.025234  7170.105131
9.192357  7123.978275
9.359480  7080.330621
9.526603  7039.429404
9.693726  7001.554301
9.860849  6967.022173
10.027972  6936.171926
10.195095  6909.361362
10.362218  6886.973211
10.529341  6869.421864
10.696464  6857.154795
10.863587  6850.655156
11.030710  6850.432380
11.197833  6857.010142
11.364956  6871.014018
11.532079  6893.106059
11.699202  6923.884159
11.866325  6964.010877
12.033448  7014.169473
12.200571  7075.140963
12.367693  7147.811854
12.534816  7233.161649
12.701939  7332.300161
12.869062  7446.464771
13.036185  7577.036278
13.203308  7725.511673
13.370431  7892.972367
13.537554  8079.648709
13.704677  8284.565168
13.871800  8505.491840
14.038923  8739.498636
14.206046  8983.334884
14.373169  9233.737263
14.540292  9487.592521
14.707415  9742.050260
14.874538  9994.568373
15.041661  10242.935070
15.208784  10485.265592
15.375907  10719.979107
15.543030  10945.769255
15.710153  11161.587366
15.877276  11366.619218
16.044399  11560.263240
16.211522  11742.123519
16.378645  11911.975410
16.545768  12069.747344
16.712891  12215.460514
16.880014  12349.229728
17.047137  12471.243122
17.214260  12581.753892
17.381383  12681.062861
17.548506  12769.482555
17.715629  12847.336942
17.882752  12914.942951
18.049875  12972.581386
18.216998  13020.487810
18.384121  13058.835765
18.551244  13087.737618
18.718367  13107.254661
18.885490  13117.407101
19.052613  13118.197116
19.219736  13109.587973
19.386859  13091.497219
19.553982  13063.882297
19.721105  13026.725089
19.888228  12979.993139
20.055351  12923.565831
20.222474  12857.461087
20.389597  12781.921942
20.556720  12697.158295
20.723843  12603.444113
20.890966  12501.155555
21.058089  12390.778399
21.225212  12272.944478
21.392335  12148.421519
21.559458  12018.092239
21.726581  11882.959695
21.893704  11744.091178
22.060827  11602.572292
22.227950  11459.434342
22.395073  11315.615877
22.562196  11172.207838
22.729319  11030.333075
22.896442  10891.026327
23.063565  10755.178346
23.230688  10623.611786
23.397811  10497.091695
23.564934  10376.281913
23.732056  10261.715253
23.899179  10153.770172
