0.000189  2611.075916
0.167312  2587.586459
0.334435  2566.065212
0.501558  2546.348832
0.668681  2528.313354
0.835803  2511.839281
1.002926  2496.796342
1.170049  2483.083750
1.337172  2470.565123
1.504295  2459.096356
1.671418  2448.534348
1.838541  2438.718803
2.005664  2429.495082
2.172787  2420.731369
2.339910  2412.291301
2.507033  2404.065614
2.674156  2395.976313
2.841279  2387.975579
3.008402  2380.031905
3.175525  2372.123497
3.342648  2364.230844
3.509771  2356.334392
3.676894  2348.414032
3.844017  2340.444908
4.011140  2332.397060
4.178263  2324.236400
4.345386  2315.933077
4.512509  2307.425445
4.679632  2298.592576
4.846755  2289.358869
5.013878  2279.638726
5.181001  2269.339382
5.348124  2258.377083
5.515247  2246.688646
5.682370  2234.221700
5.849493  2220.929570
6.016616  2206.783545
6.183739  2191.786701
6.350862  2175.944717
6.517985  2159.310818
6.685108  2141.963362
6.852231  2123.982815
7.019354  2105.457356
7.186477  2086.478272
7.353600  2067.147606
7.520723  2047.574550
7.687846  2027.879398
7.854969  2008.195530
8.022092  1988.657471
8.189215  1969.396205
8.356338  1950.546715
8.523461  1932.250343
8.690583  1914.651091
8.857706  1897.891380
9.024829  1882.108417
9.191952  1867.425556
9.359075  1853.944905
9.526198  1841.753048
9.693321  1830.926895
9.860444  1821.536881
10.027567  1813.653537
10.194690  1807.342470
10.361813  1802.650737
10.528936  1799.617532
10.696059  1798.301376
10.863182  1798.786209
11.030305  1801.142826
11.197428  1805.444245
11.364551  1811.788957
11.531674  1820.306188
11.698797  1831.168456
11.865920  1844.578019
12.033043  1860.695973
12.200166  1879.735982
12.367289  1901.972668
12.534412  1927.729545
12.701535  1957.402545
12.868658  1991.513034
13.035781  2030.738631
13.202904  2075.530861
13.370027  2125.904660
13.537150  2181.364379
13.704273  2241.217256
13.871396  2304.803647
14.038519  2371.482591
14.205642  2440.673358
14.372765  2511.838860
14.539888  2584.491206
14.707011  2658.200520
14.874134  2732.564491
15.041257  2807.212034
15.208380  2881.807849
15.375503  2956.038556
15.542626  3029.597267
15.709749  3102.179579
15.876872  3173.477965
16.043995  3243.178486
16.211118  3310.960538
16.378241  3376.499156
16.545363  3439.461549
16.712486  3499.499627
16.879609  3556.253076
17.046732  3609.352348
17.213855  3658.419494
17.380978  3703.093045
17.548101  3743.032837
17.715224  3777.917473
17.882347  3807.459761
18.049470  3831.418717
18.216593  3849.598951
18.383716  3861.860368
18.550839  3868.121609
18.717962  3868.363106
18.885085  3862.625184
19.052208  3851.032269
19.219331  3833.781930
19.386454  3811.090879
19.553577  3783.260094
19.720700  3750.650524
19.887823  3713.675394
20.054946  3672.792913
20.222069  3628.479926
20.389192  3581.210272
20.556315  3531.470854
20.723438  3479.754566
20.890561  3426.543711
21.057684  3372.310040
21.224807  3317.515657
21.391930  3262.610590
21.559053  3208.031735
21.726176  3154.188395
21.893299  3101.441703
22.060422  3050.126832
22.227545  3000.531413
22.394668  2952.895004
22.561791  2907.325772
22.728914  2863.948189
22.896037  2822.878773
23.063160  2784.195590
23.230283  2747.901484
23.397406  2713.988268
23.564529  2682.454924
23.731652  2653.267365
23.898775  2626.348619
