0.000189  1444.877945
0.167312  1433.449767
0.334435  1423.082570
0.501558  1413.613837
0.668681  1404.920880
0.835804  1396.927127
1.002927  1389.529102
1.170050  1382.680409
1.337173  1376.320408
1.504296  1370.385080
1.671419  1364.839745
1.838542  1359.629422
2.005665  1354.687804
2.172788  1349.981731
2.339911  1345.457638
2.507034  1341.063912
2.674157  1336.765229
2.841279  1332.547639
3.008402  1328.411892
3.175525  1324.368163
3.342648  1320.421474
3.509771  1316.570611
3.676894  1312.814140
3.844017  1309.148160
4.011140  1305.568796
4.178263  1302.057496
4.345386  1298.598467
4.512509  1295.178885
4.679632  1291.671783
4.846755  1287.999950
5.013878  1284.079576
5.181001  1279.815080
5.348124  1275.121256
5.515247  1269.937552
5.682370  1264.202926
5.849493  1257.853456
6.016616  1250.834592
6.183739  1243.111869
6.350862  1234.671073
6.517985  1225.552798
6.685108  1215.813422
6.852231  1205.511930
7.019354  1194.720325
7.186477  1183.514643
7.353600  1171.985734
7.520723  1160.236949
7.687846  1148.376904
7.854969  1136.525189
8.022092  1124.803854
8.189215  1113.325497
8.356338  1102.203971
8.523461  1091.554923
8.690584  1081.488942
8.857707  1072.108536
9.024830  1063.504367
9.191953  1055.748755
9.359076  1048.893837
9.526199  1042.977115
9.693322  1038.021356
9.860445  1034.039527
10.027568  1031.045475
10.194691  1029.048441
10.361814  1028.031871
10.528937  1027.978365
10.696060  1028.895983
10.863182  1030.807328
11.030305  1033.717905
11.197428  1037.646578
11.364551  1042.643759
11.531674  1048.793982
11.698797  1056.229070
11.865920  1065.078618
12.033043  1075.432058
12.200166  1087.425653
12.367289  1101.225981
12.534412  1117.028240
12.701535  1135.127675
12.868658  1155.969079
13.035781  1180.039229
13.202904  1207.442303
13.370027  1237.954704
13.537150  1271.008662
13.704273  1306.130815
13.871396  1342.936153
14.038519  1381.069618
14.205642  1420.240802
14.372765  1460.193118
14.539888  1500.723449
14.707011  1541.672153
14.874134  1582.892039
15.041257  1624.255811
15.208380  1665.650851
15.375503  1706.975112
15.542626  1748.119677
15.709749  1788.967446
15.876872  1829.389548
16.043995  1869.249039
16.211118  1908.388577
16.378241  1946.636229
16.545364  1983.809603
16.712487  2019.697593
16.879610  2054.065806
17.046733  2086.671456
17.213856  2117.233746
17.380979  2145.476798
17.548102  2171.119855
17.715225  2193.878021
17.882348  2213.472415
18.049471  2229.646138
18.216594  2242.164344
18.383717  2250.828790
18.550840  2255.485350
18.717962  2256.031180
18.885085  2252.402044
19.052208  2244.603154
19.219331  2232.734950
19.386454  2216.901147
19.553577  2197.287858
19.720700  2174.150014
19.887823  2147.808751
20.054946  2118.644010
20.222069  2087.054599
20.389192  2053.423095
20.556315  2018.151767
20.723438  1981.650919
20.890561  1944.335035
21.057684  1906.604539
21.224807  1868.848025
21.391930  1831.438428
21.559053  1794.734601
21.726176  1759.065965
21.893299  1724.698859
22.060422  1691.874548
22.227545  1660.787584
22.394668  1631.615616
22.561791  1604.393771
22.728914  1579.114061
22.896037  1555.756925
23.063160  1534.316012
23.230283  1514.705177
23.397406  1496.804081
23.564529  1480.516617
23.731652  1465.745992
23.898775  1452.375303
