0.000189  13423.326039
0.167312  13284.113276
0.334435  13155.740259
0.501558  13038.071119
0.668681  12930.932721
0.835804  12833.981063
1.002927  12746.764231
1.170050  12668.641466
1.337173  12598.739846
1.504296  12536.021264
1.671419  12479.294727
1.838542  12427.343431
2.005665  12379.030692
2.172788  12333.296272
2.339911  12289.206230
2.507034  12246.010196
2.674157  12203.104718
2.841280  12159.994366
3.008403  12116.235037
3.175526  12071.421273
3.342649  12025.203279
3.509772  11977.296917
3.676895  11927.471396
3.844017  11875.537968
4.011140  11821.342494
4.178263  11764.793058
4.345386  11705.870645
4.512509  11644.575941
4.679632  11580.741963
4.846755  11514.387592
5.013878  11445.553563
5.181001  11374.297944
5.348124  11300.683337
5.515247  11224.781925
5.682370  11146.724527
5.849493  11066.688209
6.016616  10984.887628
6.183739  10901.601403
6.350862  10817.084412
6.517985  10731.592345
6.685108  10645.433838
6.852231  10558.940864
7.019354  10472.437447
7.186477  10386.226717
7.353600  10300.577039
7.520723  10215.709999
7.687846  10131.830483
7.854969  10049.139976
8.022092  9967.808786
8.189215  9888.001717
8.356338  9809.895962
8.523461  9733.704241
8.690584  9659.676580
8.857707  9588.117334
9.024830  9519.375192
9.191953  9453.827779
9.359076  9391.850492
9.526199  9333.823329
9.693322  9280.155598
9.860445  9231.289238
10.027568  9187.710337
10.194691  9149.940233
10.361814  9118.489643
10.528937  9093.852586
10.696060  9076.564630
10.863183  9067.264695
11.030306  9066.666823
11.197429  9075.516045
11.364552  9094.610744
11.531675  9124.837451
11.698798  9167.280095
11.865920  9223.064885
12.033043  9293.149429
12.200166  9378.713180
12.367289  9481.100701
12.534412  9601.785026
12.701535  9742.374183
12.868658  9904.793371
13.035781  10091.769724
13.202904  10306.507506
13.370027  10551.222650
13.537150  10825.647117
13.704273  11127.080029
13.871396  11451.438819
14.038519  11793.889648
14.205642  12149.423343
14.372765  12513.181904
14.539888  12880.649304
14.707011  13247.798793
14.874134  13611.093622
15.041257  13967.480391
15.208380  14314.400272
15.375503  14649.732145
15.542626  14971.749307
15.709749  15279.069835
15.876872  15570.622959
16.043995  15845.619515
16.211118  16103.548147
16.378241  16344.168770
16.545364  16567.440580
16.712487  16773.486994
16.879610  16962.531509
17.046733  17134.841578
17.213856  17290.712611
17.380979  17430.508976
17.548102  17554.635811
17.715225  17663.514728
17.882348  17757.559066
18.049471  17837.134443
18.216594  17902.532266
18.383717  17953.944097
18.550840  17991.453077
18.717963  18015.064383
18.885086  18024.744448
19.052209  18020.445613
19.219332  18002.048042
19.386455  17969.438355
19.553578  17922.572836
19.720700  17861.404208
19.887823  17785.866762
20.054946  17695.914757
20.222069  17591.654763
20.389192  17473.349029
20.556315  17341.381276
20.723438  17196.225953
20.890561  17038.439432
21.057684  16868.735997
21.224807  16688.058607
21.391930  16497.528812
21.559053  16298.488002
21.726176  16092.490746
21.893299  15881.213021
22.060422  15666.418311
22.227545  15449.834212
22.394668  15233.113394
22.561791  15017.736519
22.728914  14805.318023
22.896037  14597.470310
23.063160  14395.578610
23.230283  14200.821261
23.397406  14014.317504
23.564529  13837.077362
23.731652  13669.848658
23.898775  13513.139974
