0.000594  1963.722265
0.167717  1942.428390
0.334840  1922.597052
0.501963  1904.210122
0.669086  1887.251091
0.836209  1871.675730
1.003332  1857.433596
1.170455  1844.455893
1.337578  1832.638210
1.504701  1821.851184
1.671824  1811.935798
1.838947  1802.726685
2.006070  1794.059932
2.173193  1785.779384
2.340316  1777.740390
2.507439  1769.818802
2.674562  1761.915864
2.841685  1753.953990
3.008808  1745.873601
3.175931  1737.622804
3.343054  1729.157146
3.510177  1720.443948
3.677300  1711.461454
3.844423  1702.195246
4.011546  1692.651957
4.178669  1682.852437
4.345792  1672.821236
4.512915  1662.588756
4.680038  1652.207908
4.847161  1641.741948
5.014284  1631.168963
5.181407  1620.506398
5.348530  1609.770579
5.515653  1598.984350
5.682776  1588.171008
5.849899  1577.361775
6.017022  1566.604212
6.184145  1555.947289
6.351268  1545.416912
6.518391  1535.038249
6.685514  1524.849033
6.852637  1514.883779
7.019760  1505.164238
7.186883  1495.698186
7.354006  1486.475629
7.521129  1477.480816
7.688252  1468.696622
7.855375  1460.105980
8.022498  1451.691239
8.189621  1443.436359
8.356744  1435.327508
8.523866  1427.359806
8.690989  1419.541803
8.858112  1411.898094
9.025235  1404.465162
9.192358  1397.283786
9.359481  1390.393819
9.526604  1383.839085
9.693727  1377.666671
9.860850  1371.939709
10.027973  1366.722198
10.195096  1362.087469
10.362219  1358.116347
10.529342  1354.902192
10.696465  1352.549635
10.863588  1351.173866
11.030711  1350.902747
11.197834  1351.872442
11.364957  1354.270750
11.532080  1358.266458
11.699203  1363.989761
11.866326  1371.612546
12.033449  1381.306522
12.200572  1393.274111
12.367695  1407.748599
12.534818  1424.998947
12.701941  1445.345042
12.869064  1469.151167
13.036187  1496.835589
13.203310  1528.855016
13.370433  1565.475945
13.537556  1606.652814
13.704679  1651.924512
13.871802  1700.483087
14.038925  1751.426609
14.206048  1803.855706
14.373171  1856.945989
14.540294  1909.964886
14.707417  1962.281392
14.874540  2013.360927
15.041663  2062.760297
15.208786  2110.116780
15.375909  2155.138555
15.543032  2197.593603
15.710155  2237.307543
15.877278  2274.158551
16.044401  2308.074591
16.211524  2339.034366
16.378647  2367.060451
16.545770  2392.220951
16.712893  2414.607748
16.880016  2434.343706
17.047139  2451.581955
17.214262  2466.505697
17.381385  2479.320560
17.548508  2490.241575
17.715631  2499.490008
17.882754  2507.286448
18.049877  2513.834361
18.217000  2519.312077
18.384123  2523.859585
18.551246  2527.574315
18.718369  2530.505474
18.885492  2532.654515
19.052615  2533.981954
19.219738  2534.402660
19.386861  2533.781490
19.553984  2531.963362
19.721107  2528.784239
19.888230  2524.066627
20.055353  2517.610783
20.222475  2509.251562
20.389598  2498.886190
20.556721  2486.422953
20.723844  2471.802713
20.890967  2455.015086
21.058090  2436.091816
21.225213  2415.117708
21.392336  2392.230016
21.559459  2367.604794
21.726582  2341.460246
21.893705  2314.045723
22.060828  2285.629341
22.227951  2256.475272
22.395074  2226.786575
22.562197  2196.824815
22.729320  2166.879875
22.896443  2137.230552
23.063566  2108.111009
23.230689  2079.738523
23.397812  2052.318062
23.564935  2026.027550
23.732058  2001.008347
23.899181  1977.365577
