0.000189  9797.658758
0.167312  9695.345336
0.334435  9600.958348
0.501558  9514.384560
0.668681  9435.487530
0.835804  9364.003332
1.002927  9299.593433
1.170050  9241.787757
1.337173  9189.946736
1.504296  9143.313279
1.671419  9101.021353
1.838542  9062.186452
2.005665  9025.984013
2.172788  8991.645044
2.339911  8958.491898
2.507034  8925.985799
2.674157  8893.698823
2.841280  8861.284895
3.008403  8828.436877
3.175526  8794.875588
3.342649  8760.362670
3.509772  8724.707923
3.676895  8687.759329
3.844018  8649.394209
4.011141  8609.514812
4.178264  8568.070566
4.345386  8525.062451
4.512509  8480.485604
4.679632  8434.208576
4.846755  8386.239809
5.013878  8336.597344
5.181001  8285.309601
5.348124  8232.408008
5.515247  8177.931886
5.682370  8121.964509
5.849493  8064.620922
6.016616  8006.042252
6.183739  7946.418123
6.350862  7885.919702
6.517985  7824.721816
6.685108  7763.038888
6.852231  7701.101171
7.019354  7639.133079
7.186477  7577.343621
7.353600  7515.917039
7.520723  7455.003289
7.687846  7394.741962
7.854969  7335.272730
8.022092  7276.714688
8.189215  7219.183264
8.356338  7162.804455
8.523461  7107.732289
8.690584  7054.150481
8.857707  7002.283818
9.024830  6952.390300
9.191953  6904.748342
9.359076  6859.633655
9.526199  6817.324186
9.693322  6778.118776
9.860445  6742.341437
10.027568  6710.349051
10.194691  6682.525370
10.361814  6659.246681
10.528937  6640.875315
10.696060  6627.806802
10.863183  6620.517669
11.030306  6619.540686
11.197429  6625.432711
11.364552  6638.792806
11.531675  6660.287599
11.698798  6690.732058
11.865921  6730.981611
12.033044  6781.756745
12.200167  6843.940843
12.367289  6918.550553
12.534412  7006.704663
12.701535  7109.624079
12.868658  7228.783112
13.035781  7366.294790
13.202904  7524.639504
13.370027  7705.513146
13.537150  7908.678968
13.704273  8132.010541
13.871396  8372.357369
14.038519  8626.043884
14.205642  8889.303090
14.372765  9158.514991
14.539888  9430.339471
14.707011  9701.818071
14.874134  9970.364739
15.041257  10233.755555
15.208380  10490.133053
15.375503  10737.959375
15.542626  10975.981108
15.709749  11203.191959
15.876872  11418.806340
16.043995  11622.237506
16.211118  11813.095745
16.378241  11991.183683
16.545364  12156.443964
16.712487  12308.933199
16.879610  12448.776994
17.046733  12576.127841
17.213856  12691.160156
17.380979  12794.103053
17.548102  12885.222305
17.715225  12964.801776
17.882348  13033.129689
18.049471  13090.471262
18.216594  13137.048693
18.383717  13173.022923
18.550840  13198.485576
18.717963  13213.479353
18.885086  13218.024648
19.052209  13212.137048
19.219332  13195.779742
19.386455  13168.916181
19.553578  13131.561507
19.720701  13083.728906
19.887824  13025.421056
20.054947  12956.654641
20.222069  12877.540315
20.389192  12788.281548
20.556315  12689.163135
20.723438  12580.536052
20.890561  12462.812054
21.057684  12336.519268
21.224807  12202.347537
21.391930  12061.118128
21.559053  11913.812282
21.726176  11761.562023
21.893299  11605.588456
22.060422  11447.179022
22.227545  11287.593419
22.394668  11128.024319
22.561791  10969.525210
22.728914  10813.267273
22.896037  10660.428182
23.063160  10512.015200
23.230283  10368.881241
23.397406  10231.841929
23.564529  10101.631187
23.731652  9978.782756
23.898775  9863.652623
