0.000593  6013.664003
0.167716  5955.045236
0.334839  5900.550199
0.501962  5850.110579
0.669085  5803.651118
0.836208  5761.033387
1.003331  5722.091925
1.170454  5686.598032
1.337577  5654.235541
1.504700  5624.622316
1.671823  5597.309947
1.838946  5571.836545
2.006069  5547.757812
2.173192  5524.661089
2.340315  5502.175349
2.507438  5479.993156
2.674561  5457.868298
2.841684  5435.604526
3.008807  5413.045214
3.175930  5390.052191
3.343053  5366.506121
3.510176  5342.313595
3.677299  5317.398694
3.844422  5291.702336
4.011545  5265.203093
4.178668  5237.904304
4.345791  5209.814755
4.512914  5180.949928
4.680037  5151.350253
4.847160  5121.039254
5.014283  5089.954913
5.181406  5058.099028
5.348529  5025.475531
5.515651  4992.101031
5.682774  4958.006178
5.849897  4923.248583
6.017020  4887.933634
6.184143  4852.190165
6.351266  4816.113467
6.518389  4779.800749
6.685512  4743.378477
6.852635  4706.980500
7.019758  4670.727978
7.186881  4634.721202
7.354004  4599.037670
7.521127  4563.747907
7.688250  4528.919055
7.855373  4494.616319
8.022496  4460.900068
8.189619  4427.833659
8.356742  4395.482471
8.523865  4363.923103
8.690988  4333.253967
8.858111  4303.601255
9.025234  4275.114231
9.192357  4247.951991
9.359480  4222.271820
9.526603  4198.237298
9.693726  4176.018523
9.860849  4155.807481
10.027972  4137.808398
10.195095  4122.236135
10.362218  4109.319965
10.529341  4099.307951
10.696464  4092.468032
10.863587  4089.088327
11.030710  4089.472740
11.197833  4093.932653
11.364956  4102.843575
11.532079  4116.601947
11.699202  4135.555809
11.866325  4160.095773
12.033448  4190.627375
12.200571  4227.617199
12.367694  4271.597901
12.534817  4323.161858
12.701940  4382.987454
12.869063  4451.841957
13.036186  4530.601001
13.203309  4620.238424
13.370432  4721.465797
13.537555  4834.440664
13.704678  4958.547720
13.871801  5092.377692
14.038924  5234.104704
14.206047  5381.730830
14.373170  5533.276685
14.540293  5686.875939
14.707416  5840.835141
14.874539  5993.653701
15.041662  6144.030433
15.208785  6290.855645
15.375908  6433.194038
15.543031  6570.264905
15.710154  6701.432316
15.877277  6826.191689
16.044400  6944.157970
16.211523  7055.063120
16.378646  7158.736836
16.545769  7255.097896
16.712892  7344.118034
16.880015  7425.826428
17.047137  7500.298841
17.214260  7567.654832
17.381383  7628.047699
17.548506  7681.642911
17.715629  7728.618937
17.882752  7769.156637
18.049875  7803.421537
18.216998  7831.557702
18.384121  7853.677603
18.551244  7869.861963
18.718367  7880.165055
18.885490  7884.619201
19.052613  7883.248860
19.219736  7876.056725
19.386859  7863.017706
19.553982  7844.131004
19.721105  7819.410957
19.888228  7788.864800
20.055351  7752.454102
20.222474  7710.216492
20.389597  7662.311626
20.556720  7608.884172
20.723843  7550.116877
20.890966  7486.254023
21.058089  7417.604440
21.225212  7344.562547
21.392335  7267.602400
21.559458  7187.264129
21.726581  7104.158696
21.893704  7018.934808
22.060827  6932.250706
22.227950  6844.724946
22.395073  6756.910000
22.562196  6669.460106
22.729319  6583.053067
22.896442  6498.311106
23.063565  6415.764939
23.230688  6335.903688
23.397811  6259.180448
23.564934  6185.981809
23.732057  6116.610830
23.899180  6051.279438
