0.000189  5811.549146
0.167312  5750.102732
0.334435  5693.422121
0.501558  5641.425924
0.668681  5594.020803
0.835804  5551.036628
1.002927  5512.263249
1.170050  5477.417818
1.337173  5446.119357
1.504296  5417.919443
1.671419  5392.306812
1.838542  5368.759522
2.005665  5346.790238
2.172788  5325.942401
2.339911  5305.812046
2.507034  5286.080511
2.674157  5266.497242
2.841280  5246.862340
3.008403  5227.000336
3.175526  5206.752482
3.342649  5185.984592
3.509772  5164.591959
3.676895  5142.492641
3.844018  5119.621286
4.011141  5095.926477
4.178264  5071.385214
4.345387  5046.006782
4.512510  5019.789007
4.679633  4992.640902
4.846756  4964.561710
5.013879  4935.552292
5.181002  4905.618624
5.348124  4874.768031
5.515247  4843.013640
5.682370  4810.397270
5.849493  4776.979089
6.016616  4742.834017
6.183739  4708.067408
6.350862  4672.774785
6.517985  4637.054713
6.685108  4601.029970
6.852231  4564.832743
7.019354  4528.591493
7.186477  4492.424975
7.353600  4456.437402
7.520723  4420.712476
7.687846  4385.328662
7.854969  4350.366685
8.022092  4315.896834
8.189215  4281.988273
8.356338  4248.718389
8.523461  4216.183320
8.690584  4184.498318
8.857707  4153.804386
9.024830  4124.262499
9.191953  4096.045001
9.359076  4069.321440
9.526199  4044.261181
9.693322  4021.044721
9.860445  3999.867224
10.027568  3980.943401
10.194691  3964.503968
10.361814  3950.772851
10.528937  3939.962894
10.696060  3932.307143
10.863183  3928.088598
11.030306  3927.624963
11.197429  3931.248654
11.364552  3939.317122
11.531675  3952.228026
11.698798  3970.473833
11.865921  3994.573853
12.033044  4024.953754
12.200167  4062.145561
12.367290  4106.769371
12.534413  4159.508682
12.701536  4221.110809
12.868659  4292.492747
13.035782  4374.999463
13.202905  4470.233536
13.370027  4579.285101
13.537150  4701.977658
13.704273  4836.923863
13.871396  4982.121865
14.038519  5135.283810
14.205642  5294.105873
14.372765  5456.408252
14.539888  5620.206108
14.707011  5783.760524
14.874134  5945.561371
15.041257  6104.313292
15.208380  6258.933154
15.375503  6408.518516
15.542626  6552.324801
15.709749  6689.743404
15.876872  6820.286743
16.043995  6943.577835
16.211118  7059.351665
16.378241  7167.455631
16.545364  7267.819446
16.712487  7360.441020
16.879610  7445.360656
17.046733  7522.635800
17.213856  7592.340464
17.380979  7654.587815
17.548102  7709.519940
17.715225  7757.295412
17.882348  7798.081804
18.049471  7832.038868
18.216594  7859.305316
18.383717  7879.987394
18.550840  7894.153053
18.717963  7901.843901
18.885086  7903.090192
19.052209  7897.921800
19.219332  7886.338637
19.386455  7868.341131
19.553578  7843.961712
19.720701  7813.231516
19.887824  7776.175935
20.054947  7732.829478
20.222070  7683.280500
20.389193  7627.667500
20.556316  7566.176835
20.723439  7499.035180
20.890562  7426.505301
21.057685  7348.919334
21.224807  7266.703001
21.391930  7180.358654
21.559053  7090.483216
21.726176  6997.761005
21.893299  6902.927136
22.060422  6806.757053
22.227545  6710.007167
22.394668  6613.389391
22.561791  6517.520494
22.728914  6423.098299
22.896037  6330.829617
23.063160  6241.316297
23.230283  6155.063183
23.397406  6072.554281
23.564529  5994.221888
23.731652  5920.369596
23.898775  5851.191269
