0.000594  2704.782590
0.167717  2676.976506
0.334840  2651.125911
0.501963  2627.199166
0.669086  2605.161621
0.836209  2584.945043
1.003332  2566.469851
1.170455  2549.629398
1.337578  2534.275437
1.504701  2520.229390
1.671824  2507.280611
1.838947  2495.213000
2.006070  2483.816684
2.173193  2472.895515
2.340316  2462.271678
2.507439  2451.796120
2.674562  2441.349986
2.841685  2430.839055
3.008808  2420.190152
3.175931  2409.339130
3.343054  2398.231093
3.510177  2386.824911
3.677300  2375.090447
3.844422  2363.005743
4.011545  2350.570737
4.178668  2337.799971
4.345791  2324.711418
4.512914  2311.328927
4.680037  2297.697083
4.847160  2283.858307
5.014283  2269.779156
5.181406  2255.469194
5.348529  2240.936774
5.515652  2226.197290
5.682775  2211.270183
5.849898  2196.185458
6.017021  2180.995343
6.184144  2165.758744
6.351267  2150.512850
6.518390  2135.294132
6.685513  2120.153551
6.852636  2105.142597
7.019759  2090.303406
7.186882  2075.665255
7.354005  2061.241474
7.521128  2047.040835
7.688251  2033.070036
7.855374  2019.335193
8.022497  2005.840983
8.189620  1992.593301
8.356743  1979.599514
8.523866  1966.875162
8.690989  1954.449144
8.858112  1942.366835
9.025235  1930.686875
9.192358  1919.473563
9.359481  1908.791257
9.526604  1898.708990
9.693727  1889.300457
9.860850  1880.654638
10.027973  1872.864957
10.195096  1866.033725
10.362219  1860.272147
10.529342  1855.703993
10.696465  1852.465032
10.863588  1850.701378
11.030711  1850.571249
11.197834  1852.239501
11.364957  1855.918403
11.532080  1861.814578
11.699203  1870.092171
11.866326  1880.950709
12.033449  1894.593760
12.200572  1911.256098
12.367695  1931.205511
12.534818  1954.746009
12.701941  1982.235590
12.869064  2014.085372
13.036187  2050.776136
13.203310  2092.857305
13.370433  2140.714307
13.537556  2194.408332
13.704679  2253.544931
13.871802  2317.296961
14.038925  2384.661588
14.206048  2454.581233
14.373171  2526.037541
14.540294  2598.089922
14.707417  2669.898584
14.874540  2740.730137
15.041663  2809.958058
15.208786  2877.055172
15.375908  2941.584804
15.543031  3003.189722
15.710154  3061.588632
15.877277  3116.569365
16.044400  3167.983649
16.211523  3215.746077
16.378646  3259.823784
16.545769  3300.235217
16.712892  3337.026757
16.880015  3370.278836
17.047138  3400.101720
17.214261  3426.634355
17.381384  3450.036472
17.548507  3470.474882
17.715630  3488.122000
17.882753  3503.149264
18.049876  3515.713822
18.216999  3525.952411
18.384122  3533.972724
18.551245  3539.851621
18.718368  3543.634256
18.885491  3545.334640
19.052614  3544.943877
19.219737  3542.424151
19.386860  3537.703987
19.553983  3530.707014
19.721106  3521.356119
19.888229  3509.567953
20.055352  3495.245687
20.222475  3478.320861
20.389598  3458.773646
20.556721  3436.595508
20.723844  3411.803320
20.890967  3384.455456
21.058090  3354.651966
21.225213  3322.546363
21.392336  3288.343686
21.559459  3252.288134
21.726582  3214.666115
21.893705  3175.792917
22.060828  3135.999239
22.227951  3095.602309
22.395074  3054.862013
22.562197  3014.101185
22.729320  2973.666093
22.896443  2933.882391
23.063566  2895.025693
23.230689  2857.350733
23.397812  2821.094345
23.564935  2786.457432
23.732058  2753.596258
23.899181  2722.623548
