0.000189  2668.385828
0.167312  2638.648966
0.334435  2611.203013
0.501558  2586.006778
0.668681  2563.014647
0.835804  2542.141316
1.002927  2523.283160
1.170050  2506.306175
1.337173  2491.028538
1.504296  2477.236421
1.671419  2464.687859
1.838542  2453.134129
2.005665  2442.341786
2.172788  2432.092511
2.339911  2422.189020
2.507034  2412.476012
2.674157  2402.832226
2.841280  2393.163178
3.008403  2383.388636
3.175526  2373.437258
3.342649  2363.249699
3.509772  2352.783013
3.676895  2342.007285
3.844018  2330.901956
4.011141  2319.454599
4.178264  2307.670139
4.345387  2295.579723
4.512510  2283.216886
4.679633  2270.530733
4.846756  2257.532378
5.013879  2244.232576
5.181002  2230.643511
5.348125  2216.776674
5.515248  2202.647204
5.682371  2188.282360
5.849494  2173.711935
6.016617  2158.966329
6.183740  2144.091314
6.350863  2129.128342
6.517986  2114.120759
6.685109  2099.122208
6.852232  2084.186766
7.019355  2069.363217
7.186478  2054.691486
7.353601  2040.202396
7.520723  2025.914118
7.687846  2011.839239
7.854969  1997.992360
8.022092  1984.382776
8.189215  1971.018107
8.356338  1957.911776
8.523461  1945.089725
8.690584  1932.588548
8.857707  1920.460074
9.024830  1908.767746
9.191953  1897.582057
9.359076  1886.972991
9.526199  1877.011108
9.693322  1867.773921
9.860445  1859.347658
10.027568  1851.833362
10.194691  1845.342055
10.361814  1839.976245
10.528937  1835.832037
10.696060  1833.020239
10.863183  1831.680809
11.030306  1831.972212
11.197429  1834.062192
11.364552  1838.134181
11.531675  1844.394727
11.698798  1853.115483
11.865921  1864.570521
12.033044  1878.957510
12.200167  1896.548387
12.367290  1917.663808
12.534413  1942.656171
12.701536  1971.920378
12.868659  2005.955326
13.035782  2045.511533
13.202905  2091.491492
13.370028  2144.472442
13.537151  2204.242638
13.704274  2269.938895
13.871397  2340.429796
14.038520  2414.476936
14.205643  2490.870450
14.372766  2568.488213
14.539889  2646.326992
14.707012  2723.523911
14.874135  2799.338022
15.041258  2873.141978
15.208381  2944.420824
15.375503  3012.755446
15.542626  3077.809537
15.709749  3139.318890
15.876872  3197.083850
16.043995  3250.965184
16.211118  3300.884277
16.378241  3346.828253
16.545364  3388.831164
16.712487  3426.969443
16.879610  3461.346189
17.046733  3492.078315
17.213856  3519.290425
17.380979  3543.132530
17.548102  3563.771756
17.715225  3581.381480
17.882348  3596.134875
18.049471  3608.193761
18.216594  3617.696694
18.383717  3624.750220
18.550840  3629.422469
18.717963  3631.747471
18.885086  3631.728915
19.052209  3629.350611
19.219332  3624.562901
19.386455  3617.295891
19.553578  3607.484969
19.720701  3595.055506
19.887824  3579.925913
20.054947  3562.019122
20.222070  3541.285141
20.389193  3517.695278
20.556316  3491.256100
20.723439  3462.005613
20.890562  3430.009579
21.057685  3395.379161
21.224808  3358.282600
21.391931  3318.935736
21.559054  3277.614091
21.726177  3234.646495
21.893300  3190.388483
22.060423  3145.229141
22.227546  3099.555900
22.394669  3053.746025
22.561792  3008.106769
22.728915  2962.993579
22.896038  2918.777266
23.063161  2875.779605
23.230283  2834.264479
23.397406  2794.487331
23.564529  2756.681396
23.731652  2721.006661
23.898775  2687.562148
