0.000189  4651.110018
0.167312  4601.812584
0.334435  4556.351297
0.501558  4514.651387
0.668681  4476.630085
0.835804  4442.144368
1.002927  4411.022043
1.170050  4383.035944
1.337173  4357.882681
1.504296  4335.205972
1.671419  4314.601019
1.838542  4295.654377
2.005665  4277.979346
2.172788  4261.213452
2.339911  4245.034605
2.507034  4229.188841
2.674157  4213.476184
2.841280  4197.736836
3.008403  4181.831078
3.175526  4165.632328
3.342649  4149.033457
3.509772  4131.951671
3.676895  4114.322678
3.844018  4096.095356
4.011141  4077.230137
4.178264  4057.711463
4.345387  4037.552536
4.512510  4016.756107
4.679633  3995.241902
4.846756  3973.007522
5.013879  3950.051336
5.181002  3926.375953
5.348125  3901.984899
5.515248  3876.887123
5.682371  3851.114356
5.849494  3824.711266
6.016616  3797.732808
6.183739  3770.258724
6.350862  3742.362738
6.517985  3714.121139
6.685108  3685.629204
6.852231  3656.989486
7.019354  3628.301834
7.186477  3599.658135
7.353600  3571.139084
7.520723  3542.809034
7.687846  3514.727905
7.854969  3486.958809
8.022092  3459.558171
8.189215  3432.581696
8.356338  3406.092747
8.523461  3380.171104
8.690584  3354.912709
8.857707  3330.434979
9.024830  3306.871699
9.191953  3284.365786
9.359076  3263.057967
9.526199  3243.088210
9.693322  3224.604631
9.860445  3207.766979
10.027568  3192.751035
10.194691  3179.745229
10.361814  3168.930245
10.528937  3160.475760
10.696060  3154.567278
10.863183  3151.430169
11.030306  3151.317245
11.197429  3154.492716
11.364552  3161.240756
11.531675  3171.877964
11.698798  3186.801815
11.865921  3206.429568
12.033044  3231.092838
12.200167  3261.214293
12.367290  3297.290310
12.534413  3339.868691
12.701536  3389.549699
12.868659  3447.075645
13.035782  3513.548240
13.202905  3590.298645
13.370028  3678.237437
13.537151  3777.209654
13.704274  3886.060676
13.871396  4003.150508
14.038519  4126.625662
14.205642  4254.637105
14.372765  4385.448913
14.539888  4517.490214
14.707011  4649.390314
14.874134  4779.958974
15.041257  4908.172300
15.208380  5033.168631
15.375503  5154.222852
15.542626  5270.727954
15.709749  5382.178986
15.876872  5488.161966
16.043995  5588.347826
16.211118  5682.494500
16.378241  5770.449966
16.545364  5852.128261
16.712487  5927.499668
16.879610  5996.570500
17.046733  6059.362840
17.213856  6115.914567
17.380979  6166.300142
17.548102  6210.622589
17.715225  6249.002438
17.882348  6281.572565
18.049471  6308.464670
18.216594  6329.797483
18.383717  6345.667458
18.550840  6356.142988
18.717963  6361.273465
18.885086  6361.099417
19.052209  6355.661206
19.219332  6344.975173
19.386455  6329.056786
19.553578  6307.947056
19.720701  6281.686920
19.887824  6250.315903
20.054947  6213.883640
20.222070  6172.477959
20.389193  6126.218691
20.556316  6075.263735
20.723439  6019.804080
20.890562  5960.060498
21.057685  5896.310925
21.224808  5828.907062
21.391931  5758.263336
21.559054  5684.870446
21.726176  5609.286855
21.893299  5532.109006
22.060422  5453.965960
22.227545  5375.469367
22.394668  5297.193231
22.561791  5219.624933
22.728914  5143.318747
22.896037  5068.837457
23.063160  4996.658934
23.230283  4927.179727
23.397406  4860.780369
23.564529  4797.799049
23.731652  4738.466656
23.898775  4682.924596
