0.000188  13007.422314
0.167311  12902.822094
0.334434  12807.879615
0.501557  12721.732502
0.668680  12643.662069
0.835803  12572.996729
1.002926  12509.087773
1.170049  12451.387375
1.337172  12399.265885
1.504295  12352.078522
1.671418  12309.190494
1.838541  12269.913433
2.005664  12233.574569
2.172787  12199.583471
2.339910  12167.356088
2.507033  12136.392736
2.674156  12106.279708
2.841279  12076.679885
3.008402  12047.307100
3.175525  12017.903134
3.342648  11988.214518
3.509771  11957.984348
3.676894  11926.940544
3.844017  11894.786399
4.011140  11861.209583
4.178263  11825.887466
4.345386  11788.503540
4.512509  11748.651077
4.679632  11705.809932
4.846755  11659.628683
5.013878  11609.780152
5.181000  11555.949302
5.348123  11497.881651
5.515246  11435.414397
5.682369  11368.421211
5.849492  11296.817792
6.016615  11220.591311
6.183738  11139.830616
6.350861  11054.645397
6.517984  10965.285514
6.685107  10872.079800
6.852230  10775.372357
7.019353  10675.551233
7.186476  10573.033808
7.353599  10468.293283
7.520722  10361.850498
7.687845  10254.278785
7.854968  10146.215092
8.022091  10038.334207
8.189214  9931.314479
8.356337  9825.860023
8.523460  9722.709479
8.690583  9622.626044
8.857706  9526.377387
9.024829  9434.725610
9.191952  9348.397061
9.359075  9268.061981
9.526198  9194.343501
9.693321  9127.829471
9.860444  9069.080903
10.027567  9018.644579
10.194690  8977.033022
10.361813  8944.684065
10.528936  8921.973992
10.696059  8909.294255
10.863182  8907.065369
11.030305  8915.616994
11.197428  8935.233987
11.364551  8966.243217
11.531674  9009.042163
11.698797  9064.139995
11.865920  9132.122375
12.033043  9213.461377
12.200166  9308.747453
12.367289  9418.755007
12.534412  9544.437994
12.701535  9686.945621
12.868658  9847.743168
13.035780  10028.719626
13.202903  10231.376299
13.370026  10456.485056
13.537149  10703.732610
13.704272  10972.221265
13.871395  11260.861292
14.038518  11568.259295
14.205641  11892.828989
14.372764  12232.776847
14.539887  12586.155471
14.707010  12950.922515
14.874133  13324.895776
15.041256  13705.808541
15.208379  14091.353946
15.375502  14479.180233
15.542625  14866.882457
15.709748  15252.032123
15.876871  15632.188843
16.043994  16004.922571
16.211117  16367.833116
16.378240  16718.580970
16.545363  17054.885392
16.712486  17374.516469
16.879609  17675.313945
17.046732  17955.201382
17.213855  18212.204724
17.380978  18444.529331
17.548101  18650.573994
17.715224  18828.912756
17.882347  18978.350455
18.049470  19097.954957
18.216593  19187.047170
18.383716  19245.232580
18.550839  19272.403097
18.717962  19268.745623
18.885085  19234.724205
19.052208  19171.141107
19.219331  19079.101879
19.386454  18959.845257
19.553577  18814.931250
19.720700  18646.184491
19.887823  18455.697208
20.054946  18245.799611
20.222069  18018.884593
20.389192  17777.308263
20.556315  17523.505862
20.723438  17259.973634
20.890560  16989.237264
21.057683  16713.826597
21.224806  16436.220128
21.391929  16158.861563
21.559052  15884.103061
21.726175  15614.117917
21.893298  15350.848903
22.060421  15096.040375
22.227544  14851.152032
22.394667  14617.344994
22.561790  14395.302272
22.728913  14185.641618
22.896036  13988.825112
23.063159  13805.086014
23.230282  13634.344461
23.397405  13476.403257
23.564528  13330.993796
23.731651  13197.698316
23.898774  13075.951680
