0.000188  7232.580699
0.167311  7171.435303
0.334434  7115.727400
0.501557  7065.008787
0.668680  7018.912232
0.835803  6977.082996
1.002926  6939.169570
1.170049  6904.871001
1.337172  6873.825359
1.504295  6845.655928
1.671418  6819.982210
1.838541  6796.392096
2.005664  6774.486698
2.172787  6753.911308
2.339910  6734.314603
2.507033  6715.402248
2.674156  6696.938608
2.841279  6678.741056
3.008402  6660.658700
3.175525  6642.559093
3.342648  6624.317006
3.509771  6605.809881
3.676894  6586.911902
3.844017  6567.487295
4.011140  6547.392759
4.178263  6526.482142
4.345386  6504.611218
4.512509  6481.568466
4.679632  6457.072358
4.846755  6430.937120
5.013878  6402.977025
5.181001  6373.007014
5.348124  6340.872842
5.515247  6306.470156
5.682370  6269.720875
5.849493  6230.570809
6.016616  6189.006073
6.183738  6145.073321
6.350861  6098.824158
6.517984  6050.391365
6.685107  5999.956409
6.852230  5947.708700
7.019353  5893.858319
7.186476  5838.628414
7.353599  5782.268929
7.520722  5725.051439
7.687845  5667.277391
7.854968  5609.282446
8.022091  5551.417762
8.189214  5494.035914
8.356337  5437.503816
8.523460  5382.208121
8.690583  5328.550270
8.857706  5276.936159
9.024829  5227.769585
9.191952  5181.434158
9.359075  5138.279058
9.526198  5098.626557
9.693321  5062.781662
9.860444  5031.037133
10.027567  5003.681199
10.194690  4980.986493
10.361813  4963.186586
10.528936  4950.483724
10.696059  4943.096231
10.863182  4941.272730
11.030305  4945.220810
11.197428  4955.130760
11.364551  4971.224731
11.531674  4993.772244
11.698797  5023.114241
11.865920  5059.649430
12.033043  5103.705753
12.200166  5155.690254
12.367289  5216.132059
12.534412  5285.671124
12.701535  5365.067634
12.868658  5455.289839
13.035781  5557.604747
13.202904  5673.017289
13.370027  5801.950336
13.537150  5944.031531
13.704273  6098.426615
13.871396  6264.183760
14.038518  6440.213620
14.205641  6625.375932
14.372764  6818.474894
14.539887  7018.284529
14.707010  7223.582327
14.874133  7433.113768
15.041256  7645.615497
15.208379  7859.837911
15.375502  8074.533480
15.542625  8288.445197
15.709748  8500.316078
15.876871  8708.891212
16.043994  8912.924890
16.211117  9111.192012
16.378240  9302.501390
16.545363  9485.691444
16.712486  9659.622039
16.879609  9823.182315
17.046732  9975.295250
17.213855  10114.930917
17.380978  10241.150043
17.548101  10353.112475
17.715224  10450.067595
17.882347  10531.384301
18.049470  10596.568458
18.216593  10645.257970
18.383716  10677.239006
18.550839  10692.447885
18.717962  10690.976283
18.885085  10673.066415
19.052208  10639.147638
19.219331  10589.808000
19.386454  10525.702515
19.553577  10447.664067
19.720700  10356.662415
19.887823  10253.799632
20.054946  10140.296619
20.222069  10017.417325
20.389192  9886.420931
20.556315  9748.608898
20.723438  9605.309324
20.890561  9457.851953
21.057684  9307.565540
21.224807  9155.760053
21.391930  9003.730194
21.559053  8852.731572
21.726176  8703.936800
21.893298  8558.403492
22.060421  8417.093611
22.227544  8280.822106
22.394667  8150.241132
22.561790  8025.731396
22.728913  7907.670294
22.896036  7796.367499
23.063159  7692.001282
23.230282  7594.574796
23.397405  7504.038672
23.564528  7420.312445
23.731651  7343.225593
23.898774  7272.515393
