0.000595  1634.691594
0.167718  1621.155694
0.334841  1608.763438
0.501964  1597.376683
0.669087  1586.902334
0.836210  1577.269395
1.003332  1568.382835
1.170455  1560.188329
1.337578  1552.619333
1.504701  1545.610793
1.671824  1539.096606
1.838947  1533.006208
2.006070  1527.260275
2.173193  1521.790882
2.340316  1516.539655
2.507439  1511.437959
2.674562  1506.435932
2.841685  1501.496416
3.008808  1496.606281
3.175931  1491.760462
3.343054  1486.946365
3.510177  1482.146141
3.677300  1477.345596
3.844423  1472.519427
4.011546  1467.649026
4.178669  1462.721465
4.345792  1457.713762
4.512915  1452.592186
4.680038  1447.333580
4.847161  1441.911647
5.014284  1436.215127
5.181407  1430.161777
5.348530  1423.672084
5.515653  1416.689103
5.682776  1409.160811
5.849899  1401.042663
6.017022  1392.318742
6.184145  1382.966782
6.351268  1372.989557
6.518391  1362.434162
6.685514  1351.366940
6.852637  1339.853107
7.019760  1327.961443
7.186883  1315.767154
7.354006  1303.346684
7.521129  1290.784485
7.688252  1278.175341
7.855375  1265.620494
8.022498  1253.225213
8.189621  1241.090492
8.356744  1229.311493
8.523867  1217.986661
8.690990  1207.212666
8.858113  1197.083608
9.025236  1187.685475
9.192359  1179.084151
9.359482  1171.330511
9.526605  1164.459900
9.693728  1158.498256
9.860851  1153.470238
10.027974  1149.390290
10.195097  1146.273588
10.362220  1144.127963
10.529343  1142.967091
10.696466  1142.824136
10.863589  1143.736208
11.030712  1145.735060
11.197835  1148.863210
11.364958  1153.222323
11.532081  1158.920406
11.699204  1166.017559
11.866327  1174.613419
12.033450  1184.823592
12.200573  1196.794464
12.367696  1210.687040
12.534818  1226.709579
12.701941  1245.155279
12.869064  1266.358446
13.036187  1290.600110
13.203310  1318.013424
13.370433  1348.474072
13.537556  1381.713177
13.704679  1417.302435
13.871802  1454.742828
14.038925  1493.628851
14.206048  1533.624219
14.373171  1574.441662
14.540294  1615.831965
14.707417  1657.590862
14.874540  1699.541877
15.041663  1741.533713
15.208786  1783.440787
15.375909  1825.150837
15.543032  1866.556912
15.710155  1907.551806
15.877278  1948.022679
16.044401  1987.847543
16.211524  2026.889937
16.378647  2065.001011
16.545770  2102.009899
16.712893  2137.724252
16.880016  2171.927668
17.047139  2204.390266
17.214262  2234.878841
17.381385  2263.152077
17.548508  2288.965705
17.715631  2312.071305
17.882754  2332.234145
18.049877  2349.234839
18.217000  2362.883426
18.384123  2373.017473
18.551246  2379.512077
18.718369  2382.284078
18.885492  2381.284702
19.052615  2376.527328
19.219738  2368.088695
19.386861  2356.071149
19.553984  2340.603681
19.721107  2321.883274
19.888230  2300.165089
20.055353  2275.773917
20.222476  2249.031043
20.389599  2220.239580
20.556722  2189.745799
20.723845  2157.893146
20.890968  2125.018762
21.058091  2091.458998
21.225214  2057.547526
21.392337  2023.619196
21.559460  1989.990020
21.726583  1956.933918
21.893706  1924.703390
22.060829  1893.526192
22.227952  1863.609952
22.395075  1835.016611
22.562198  1807.811247
22.729321  1782.057760
22.896444  1757.821640
23.063567  1735.115738
23.230690  1713.921725
23.397813  1694.201138
23.564936  1675.918377
23.732059  1659.035656
23.899182  1643.500987
