0.000593  7458.595853
0.167716  7399.773055
0.334839  7345.937972
0.501962  7296.656023
0.669085  7251.581445
0.836208  7210.382389
1.003331  7172.726238
1.170454  7138.328349
1.337577  7106.869539
1.504700  7078.023275
1.671823  7051.438576
1.838946  7026.751783
2.006069  7003.600524
2.173192  6981.649917
2.340315  6960.586474
2.507438  6940.123791
2.674561  6920.020314
2.841684  6900.071362
3.008807  6880.130104
3.175930  6860.066417
3.343053  6839.743884
3.510176  6819.030075
3.677299  6797.793080
3.844422  6775.882993
4.011545  6753.175688
4.178668  6729.568438
4.345790  6704.939956
4.512913  6679.154730
4.680036  6652.083815
4.847159  6623.552538
5.014282  6593.321572
5.181405  6561.219109
5.348528  6527.089763
5.515651  6490.828854
5.682774  6452.358295
5.849897  6411.627682
6.017020  6368.663434
6.184143  6323.518890
6.351266  6276.270381
6.518389  6227.071844
6.685512  6176.123633
6.852635  6123.627562
7.019758  6069.789967
7.186881  6014.827103
7.354004  5958.967046
7.521127  5902.466996
7.688250  5845.612548
7.855373  5788.714838
8.022496  5732.104626
8.189619  5676.123729
8.356742  5621.115343
8.523865  5567.441804
8.690988  5515.479547
8.858111  5465.614771
9.025234  5418.236040
9.192357  5373.705576
9.359480  5332.360969
9.526603  5294.513167
9.693726  5260.455139
9.860849  5230.475882
10.027972  5204.849423
10.195095  5183.832863
10.362218  5167.661668
10.529341  5156.562769
10.696464  5150.779639
10.863587  5150.549129
11.030710  5156.062997
11.197833  5167.489052
11.364956  5185.059551
11.532079  5209.070327
11.699202  5239.749956
11.866325  5277.340477
12.033448  5322.113908
12.200571  5374.412335
12.367694  5434.637050
12.534817  5503.272167
12.701940  5580.937192
12.869063  5668.330219
13.036186  5766.119162
13.203309  5874.901164
13.370432  5994.979650
13.537555  6126.394902
13.704678  6268.877597
13.871801  6421.793882
14.038924  6584.383857
14.206047  6755.788515
14.373170  6935.057949
14.540293  7121.156550
14.707416  7313.000775
14.874539  7509.449508
15.041662  7709.326015
15.208785  7911.441748
15.375908  8114.588904
15.543031  8317.542941
15.710154  8519.075486
15.877276  8717.959093
16.044399  8912.971861
16.211522  9102.910311
16.378645  9286.599372
16.545768  9462.882944
16.712891  9630.631059
16.880014  9788.751013
17.047137  9936.197981
17.214260  10072.004535
17.381383  10195.282621
17.548506  10305.221156
17.715629  10401.096830
17.882752  10482.297289
18.049875  10548.335142
18.216998  10598.850837
18.384121  10633.625388
18.551244  10652.580260
18.718367  10655.784451
18.885490  10643.439108
19.052613  10615.922478
19.219736  10573.770730
19.386859  10517.593855
19.553982  10448.121100
19.721105  10366.228655
19.888228  10272.937215
20.055351  10169.464306
20.222474  10057.015161
20.389597  9936.715445
20.556720  9809.810069
20.723843  9677.555284
20.890966  9541.204139
21.058089  9402.026069
21.225212  9261.280490
21.392335  9120.207543
21.559458  8979.989218
21.726581  8841.707464
21.893704  8706.342914
22.060827  8574.770677
22.227950  8447.710291
22.395073  8325.629110
22.562196  8208.991769
22.729319  8098.204884
22.896442  7993.569355
23.063565  7895.227151
23.230688  7803.214756
23.397811  7717.496216
23.564934  7637.976337
23.732057  7564.514332
23.899180  7496.897593
