0.000189  19406.434312
0.167312  19202.296216
0.334435  19013.915075
0.501558  18841.179539
0.668681  18683.920515
0.835804  18541.707856
1.002927  18413.938020
1.170050  18299.707664
1.337173  18197.748254
1.504296  18106.531251
1.671419  18024.282383
1.838542  17949.173235
2.005665  17879.490958
2.172788  17813.633614
2.339911  17750.183700
2.507034  17687.991131
2.674157  17626.124778
2.841280  17563.812847
3.008403  17500.360933
3.175526  17435.136944
3.342649  17367.598797
3.509771  17297.306742
3.676894  17223.904912
3.844017  17147.107744
4.011140  17066.691758
4.178263  16982.530814
4.345386  16894.585996
4.512509  16802.874401
4.679632  16707.247721
4.846755  16607.798286
5.013878  16504.660498
5.181001  16397.993926
5.348124  16287.965576
5.515247  16174.753334
5.682370  16058.605556
5.849493  15939.844350
6.016616  15818.851371
6.183739  15696.100363
6.350862  15572.016850
6.517985  15447.022444
6.685108  15321.612123
6.852231  15196.300707
7.019354  15071.578252
7.186477  14947.891332
7.353600  14825.621110
7.520723  14705.070096
7.687846  14586.504277
7.854969  14470.169326
8.022092  14356.254444
8.189215  14244.931681
8.356338  14136.382134
8.523461  14030.833912
8.690584  13928.570389
8.857707  13829.952299
9.024830  13735.408819
9.191953  13645.415146
9.359076  13560.444738
9.526199  13480.983547
9.693322  13407.570783
9.860445  13340.800322
10.027568  13281.337061
10.194691  13229.899236
10.361814  13187.203316
10.528937  13153.956973
10.696060  13130.934834
10.863183  13119.072623
11.030306  13119.413246
11.197429  13133.043647
11.364551  13161.136541
11.531674  13205.004683
11.698797  13266.232204
11.865920  13346.469227
12.033043  13447.207769
12.200166  13570.232288
12.367289  13717.554510
12.534412  13891.378852
12.701535  14094.093904
12.868658  14328.495108
13.035781  14598.441250
13.202904  14908.306175
13.370027  15260.979957
13.537150  15655.930630
13.704273  16089.213330
13.871396  16554.852333
14.038519  17045.745221
14.205642  17554.492995
14.372765  18073.878710
14.539888  18597.154950
14.707011  19118.278791
14.874134  19631.933825
15.041257  20133.542466
15.208380  20619.299318
15.375503  21086.098595
15.542626  21531.479350
15.709749  21953.560696
15.876872  22350.994732
16.043995  22722.920239
16.211118  23068.957005
16.378241  23389.188186
16.545364  23684.048191
16.712487  23954.262921
16.879610  24200.743097
17.046733  24424.488102
17.213856  24626.538595
17.380979  24808.006474
17.548102  24970.006628
17.715225  25113.600859
17.882348  25239.741245
18.049471  25349.197185
18.216594  25442.507136
18.383717  25519.940266
18.550840  25581.486735
18.717963  25626.913207
18.885086  25655.839041
19.052209  25667.790796
19.219331  25662.128589
19.386454  25638.177938
19.553577  25595.353196
19.720700  25533.066731
19.887823  25450.724551
20.054946  25347.791192
20.222069  25223.979370
20.389192  25079.268832
20.556315  24913.859929
20.723438  24728.123211
20.890561  24522.591629
21.057684  24298.077490
21.224807  24055.779299
21.391930  23797.217255
21.559053  23524.278805
21.726176  23239.203984
21.893299  22944.459203
22.060422  22642.671010
22.227545  22336.440577
22.394668  22028.267808
22.561791  21720.467073
22.728914  21415.555312
22.896037  21116.039776
23.063160  20824.084383
23.230283  20541.556542
23.397406  20270.241865
23.564529  20011.770258
23.731652  19767.399094
23.898775  19538.029687
