0.000592  13238.484915
0.167715  13139.329990
0.334838  13048.996188
0.501961  12966.666349
0.669084  12891.677085
0.836207  12823.408676
1.003330  12761.250074
1.170453  12704.682459
1.337576  12653.148448
1.504699  12606.088460
1.671822  12562.914824
1.838945  12523.019315
2.006068  12485.793738
2.173191  12450.675012
2.340314  12417.137878
2.507437  12384.696474
2.674560  12352.927382
2.841683  12321.456878
3.008806  12290.001219
3.175929  12258.300902
3.343052  12226.082363
3.510175  12193.072842
3.677298  12158.995994
3.844421  12123.536540
4.011544  12086.415742
4.178667  12047.390201
4.345790  12006.185536
4.512913  11962.507706
4.680036  11916.073932
4.847159  11866.550845
5.014282  11813.511281
5.181405  11756.651780
5.348528  11695.709521
5.515651  11630.513302
5.682774  11560.942721
5.849897  11486.924915
6.017020  11408.513114
6.184143  11325.809070
6.351266  11238.970368
6.518389  11148.286253
6.685512  11054.119644
6.852635  10956.837611
7.019758  10856.823618
7.186881  10754.489030
7.354004  10650.273668
7.521127  10544.673926
7.688250  10438.237845
7.855373  10331.561743
8.022496  10225.282761
8.189619  10120.057476
8.356742  10016.546730
8.523865  9915.446056
8.690988  9817.473417
8.858111  9723.358797
9.025234  9633.833286
9.192357  9549.582114
9.359480  9471.250989
9.526603  9399.436581
9.693726  9334.702419
9.860849  9277.598922
10.027972  9228.641199
10.195095  9188.310133
10.362218  9157.040984
10.529341  9135.243183
10.696464  9123.341212
10.863587  9121.732038
11.030709  9130.722668
11.197832  9150.564989
11.364955  9181.608038
11.532078  9224.288956
11.699201  9278.934053
11.866324  9345.884583
12.033447  9425.520270
12.200570  9518.326494
12.367693  9624.883435
12.534816  9745.913222
12.701939  9882.346334
12.869062  10035.218544
13.036185  10205.500906
13.203308  10394.066310
13.370431  10601.426476
13.537554  10827.821614
13.704677  11073.095670
13.871800  11336.593913
14.038923  11617.458905
14.206046  11914.601481
14.373169  12226.685489
14.540292  12552.135621
14.707415  12889.200828
14.874538  13235.949912
15.041661  13590.319455
15.208784  13950.164150
15.375907  14313.255883
15.543030  14677.300393
15.710153  15039.969180
15.877276  15398.916233
16.044399  15751.794445
16.211522  16096.280282
16.378645  16430.098270
16.545768  16751.012138
16.712891  17056.844079
16.880014  17345.495771
17.047137  17614.968233
17.214260  17863.414164
17.381383  18089.140755
17.548506  18290.610178
17.715629  18466.453724
17.882752  18615.515635
18.049875  18736.878700
18.216998  18829.867245
18.384121  18894.071463
18.551244  18929.346564
18.718367  18935.823414
18.885490  18913.878471
19.052613  18864.207704
19.219736  18787.795782
19.386859  18685.778735
19.553982  18559.503608
19.721105  18410.588594
19.888228  18240.942165
20.055351  18052.899130
20.222474  17848.729679
20.389597  17630.474467
20.556720  17400.432619
20.723843  17160.942126
20.890966  16914.352213
21.058089  16663.049801
21.225212  16409.388591
21.392335  16155.675964
21.559458  15904.099507
21.726581  15656.637244
21.893704  15415.064399
22.060827  15180.954339
22.227950  14955.609190
22.395073  14739.884976
22.562195  14534.573247
22.729318  14340.334163
22.896441  14157.637278
23.063564  13986.675486
23.230687  13827.442014
23.397810  13679.789835
23.564933  13543.459613
23.732056  13418.110866
23.899179  13303.283998
