   2.0000000e+01   2.1090328e+00   1.8555668e-02  -3.9230095e+01   1.1856711e-01
   2.0200401e+01   2.0500057e+00   1.9546673e-02  -3.8360536e+01   1.1954659e-01
   2.0400802e+01   1.9923954e+00   1.9908079e-02  -3.7509377e+01   1.2135711e-01
   2.0601202e+01   1.9459604e+00   2.0014022e-02  -3.6680002e+01   1.2198254e-01
   2.0801603e+01   1.9215573e+00   1.9100362e-02  -3.5839702e+01   1.1938048e-01
   2.1002004e+01   1.9086982e+00   2.1268475e-02  -3.4998786e+01   1.1787681e-01
   2.1202405e+01   1.9150591e+00   2.0496687e-02  -3.4165306e+01   1.1713294e-01
   2.1402806e+01   1.9117234e+00   2.2987035e-02  -3.3353250e+01   1.1402499e-01
   2.1603206e+01   1.8741949e+00   2.4894628e-02  -3.2532303e+01   1.1081030e-01
   2.1803607e+01   1.8541770e+00   2.4131162e-02  -3.1726276e+01   1.0592606e-01
   2.2004008e+01   1.8397121e+00   2.0375964e-02  -3.0926432e+01   1.0448543e-01
   2.2204409e+01   1.8151673e+00   1.7973307e-02  -3.0138752e+01   1.0399234e-01
   2.2404810e+01   1.7877351e+00   1.7838120e-02  -2.9349566e+01   9.9694131e-02
   2.2605210e+01   1.7753546e+00   1.9751568e-02  -2.8566193e+01   1.0023198e-01
   2.2805611e+01   1.7649815e+00   2.0214403e-02  -2.7789402e+01   9.9699446e-02
   2.3006012e+01   1.7499287e+00   1.4754185e-02  -2.7032798e+01   9.8529545e-02
   2.3206413e+01   1.7476729e+00   1.4329065e-02  -2.6281225e+01   9.8504353e-02
   2.3406814e+01   1.7580011e+00   1.0493352e-02  -2.5530080e+01   1.0069733e-01
   2.3607214e+01   1.7619578e+00   1.0193677e-02  -2.4767793e+01   1.0249998e-01
   2.3807615e+01   1.7697164e+00   1.1627605e-02  -2.4015677e+01   1.0351547e-01
   2.4008016e+01   1.7728628e+00   1.0256665e-02  -2.3276905e+01   1.0732266e-01
   2.4208417e+01   1.7742673e+00   1.1026688e-02  -2.2544133e+01   1.0753765e-01
   2.4408818e+01   1.7929143e+00   8.3751862e-03  -2.1810307e+01   1.1028175e-01
   2.4609218e+01   1.8104698e+00   9.6155417e-03  -2.1065305e+01   1.1141687e-01
   2.4809619e+01   1.8114446e+00   1.4065183e-02  -2.0319870e+01   1.1291563e-01
   2.5010020e+01   1.8155391e+00   1.0179035e-02  -1.9581904e+01   1.1207791e-01
   2.5210421e+01   1.8268260e+00   1.3958243e-02  -1.8854898e+01   1.1070471e-01
   2.5410822e+01   1.8459238e+00   1.2086336e-02  -1.8127222e+01   1.1058730e-01
   2.5611222e+01   1.8626680e+00   1.1829160e-02  -1.7413804e+01   1.0918591e-01
   2.5811623e+01   1.8829164e+00   1.3593303e-02  -1.6695308e+01   1.0682661e-01
   2.6012024e+01   1.9081253e+00   1.4281143e-02  -1.5965813e+01   1.0653799e-01
   2.6212425e+01   1.9429596e+00   1.4784156e-02  -1.5241990e+01   1.0354514e-01
   2.6412826e+01   1.9826119e+00   1.2373139e-02  -1.4522272e+01   1.0225036e-01
   2.6613226e+01   2.0195647e+00   1.1864049e-02  -1.3807606e+01   1.0090564e-01
   2.6813627e+01   2.0601410e+00   1.1365909e-02  -1.3092191e+01   9.9689220e-02
   2.7014028e+01   2.0893072e+00   1.1055951e-02  -1.2381612e+01   9.8679271e-02
   2.7214429e+01   2.1177962e+00   7.5662751e-03  -1.1673780e+01   9.9525328e-02
   2.7414830e+01   2.1541785e+00   7.4941284e-03  -1.0963259e+01   9.9893125e-02
   2.7615230e+01   2.2011080e+00   5.5155366e-03  -1.0247735e+01   1.0230788e-01
   2.7815631e+01   2.2575823e+00   4.0940138e-03  -9.5255160e+00   1.0471655e-01
   2.8016032e+01   2.3108452e+00   4.5622521e-03  -8.8024645e+00   1.0670003e-01
   2.8216433e+01   2.3639965e+00   2.4569110e-03  -8.0783294e+00   1.1075628e-01
   2.8416834e+01   2.4233863e+00   3.9673991e-03  -7.3546442e+00   1.1430502e-01
   2.8617234e+01   2.4825710e+00   3.0305998e-03  -6.6244595e+00   1.2015717e-01
   2.8817635e+01   2.5553782e+00   4.1414361e-03  -5.8894630e+00   1.2397710e-01
   2.9018036e+01   2.6298048e+00   3.8070379e-03  -5.1465549e+00   1.3075405e-01
   2.9218437e+01   2.7023880e+00   2.5706610e-03  -4.3982930e+00   1.3352010e-01
   2.9418838e+01   2.7612461e+00   1.6451508e-03  -3.6570336e+00   1.3615068e-01
   2.9619238e+01   2.8274811e+00   1.2155007e-03  -2.9250555e+00   1.3989715e-01
   2.9819639e+01   2.8953521e+00   3.1194689e-03  -2.1984852e+00   1.3914817e-01
   3.0020040e+01   2.9702908e+00   4.3825549e-03  -1.4663502e+00   1.4136654e-01
   3.0220441e+01   3.0537921e+00   2.8310327e-03  -7.3268853e-01   1.4097121e-01
   3.0420842e+01   3.1634070e+00   2.2362247e-03  -6.2578422e-03   1.4085427e-01
   3.0621242e+01   3.2922727e+00   2.5977277e-03   7.4540255e-01   1.4095639e-01
   3.0821643e+01   3.4092572e+00   3.2472512e-03   1.5107926e+00   1.3831978e-01
   3.1022044e+01   3.5224183e+00   1.8643465e-03   2.2986283e+00   1.3791576e-01
   3.1222445e+01   3.6156878e+00   1.6634446e-03   3.0893983e+00   1.3739791e-01
   3.1422846e+01   3.7211174e+00   1.6612304e-03   3.8838992e+00   1.3486936e-01
   3.1623246e+01   3.8209236e+00   1.6010056e-03   4.6655293e+00   1.3361041e-01
   3.1823647e+01   3.9100470e+00   2.9329264e-03   5.4465091e+00   1.3177784e-01
   3.2024048e+01   4.0104274e+00   6.3977945e-03   6.2212702e+00   1.3323293e-01
   3.2224449e+01   4.1298619e+00   9.2413457e-03   6.9905100e+00   1.3261059e-01
   3.2424850e+01   4.2474994e+00   1.0730302e-02   7.7707239e+00   1.3466516e-01
   3.2625251e+01   4.3898351e+00   1.5352797e-02   8.5565965e+00   1.3750964e-01
   3.2825651e+01   4.5460611e+00   1.8970497e-02   9.3413114e+00   1.4125265e-01
   3.3026052e+01   4.7282624e+00   2.0197889e-02   1.0133092e+01   1.4449525e-01
   3.3226453e+01   4.9219418e+00   1.8858098e-02   1.0945070e+01   1.5121380e-01
   3.3426854e+01   5.1171433e+00   2.3089666e-02   1.1774500e+01   1.5604898e-01
   3.3627255e+01   5.3199347e+00   2.5441516e-02   1.2623426e+01   1.6016472e-01
   3.3827655e+01   5.5241697e+00   2.5449074e-02   1.3501917e+01   1.6392326e-01
   3.4028056e+01   5.7364840e+00   2.2380577e-02   1.4382232e+01   1.7166035e-01
   3.4228457e+01   5.9602131e+00   2.4573574e-02   1.5271008e+01   1.7403583e-01
   3.4428858e+01   6.1824731e+00   2.3252104e-02   1.6168133e+01   1.7655408e-01
   3.4629259e+01   6.3990794e+00   1.9724048e-02   1.7067614e+01   1.7813666e-01
   3.4829659e+01   6.6125631e+00   2.0629924e-02   1.7966581e+01   1.7693016e-01
   3.5030060e+01   6.8340881e+00   2.0722575e-02   1.8867403e+01   1.7757444e-01
   3.5230461e+01   7.0864190e+00   1.8495500e-02   1.9751230e+01   1.7582962e-01
   3.5430862e+01   7.3739327e+00   2.1601249e-02   2.0643597e+01   1.7123809e-01
   3.5631263e+01   7.6918762e+00   1.9981249e-02   2.1549983e+01   1.7296619e-01
   3.5831663e+01   8.0289586e+00   2.2140821e-02   2.2491058e+01   1.6831303e-01
   3.6032064e+01   8.3795546e+00   2.3953172e-02   2.3464577e+01   1.6975648e-01
   3.6232465e+01   8.7537547e+00   2.7292602e-02   2.4474446e+01   1.6681791e-01
   3.6432866e+01   9.1319233e+00   3.1640316e-02   2.5496386e+01   1.6748721e-01
   3.6633267e+01   9.5144028e+00   3.2881404e-02   2.6538400e+01   1.6830269e-01
   3.6833667e+01   9.8970250e+00   3.9193227e-02   2.7611737e+01   1.7003161e-01
   3.7034068e+01   1.0289421e+01   4.3031109e-02   2.8688035e+01   1.7282762e-01
   3.7234469e+01   1.0690912e+01   5.0947374e-02   2.9784604e+01   1.7985392e-01
   3.7434870e+01   1.1098231e+01   5.6192642e-02   3.0857582e+01   1.8425029e-01
   3.7635271e+01   1.1539103e+01   6.2069184e-02   3.1935403e+01   1.9555077e-01
   3.7835671e+01   1.2023551e+01   6.9103483e-02   3.3028467e+01   2.0089197e-01
   3.8036072e+01   1.2543228e+01   7.5476617e-02   3.4132529e+01   2.1176477e-01
   3.8236473e+01   1.3090978e+01   8.1972493e-02   3.5248577e+01   2.2302071e-01
   3.8436874e+01   1.3683122e+01   8.6916117e-02   3.6391799e+01   2.3412996e-01
   3.8637275e+01   1.4320775e+01   9.1433040e-02   3.7553154e+01   2.4572284e-01
   3.8837675e+01   1.4993548e+01   9.8386942e-02   3.8762120e+01   2.5702373e-01
   3.9038076e+01   1.5705212e+01   9.9376317e-02   4.0018188e+01   2.7027660e-01
   3.9238477e+01   1.6432980e+01   9.9343617e-02   4.1303729e+01   2.7755230e-01
   3.9438878e+01   1.7159947e+01   1.0564430e-01   4.2606363e+01   2.8454285e-01
   3.9639279e+01   1.7897292e+01   1.0323778e-01   4.3897623e+01   2.9573475e-01
   3.9839679e+01   1.8658944e+01   1.0650647e-01   4.5197694e+01   2.9604838e-01
   4.0040080e+01   1.9445461e+01   1.0685931e-01   4.6483611e+01   2.9974223e-01
   4.0240481e+01   2.0317251e+01   1.0754459e-01   4.7759691e+01   3.0248081e-01
   4.0440882e+01   2.1275269e+01   1.1357956e-01   4.9051941e+01   2.9888242e-01
   4.0641283e+01   2.2302903e+01   1.1918342e-01   5.0366499e+01   3.0562597e-01
   4.0841683e+01   2.3395222e+01   1.2096339e-01   5.1715964e+01   3.0566473e-01
   4.1042084e+01   2.4551364e+01   1.2672365e-01   5.3092969e+01   3.0508674e-01
   4.1242485e+01   2.5750843e+01   1.3559905e-01   5.4475638e+01   3.0339326e-01
   4.1442886e+01   2.7024696e+01   1.4986652e-01   5.5892858e+01   2.9739394e-01
   4.1643287e+01   2.8372654e+01   1.6102527e-01   5.7330392e+01   2.9270431e-01
   4.1843687e+01   2.9793442e+01   1.7041358e-01   5.8805860e+01   2.9323293e-01
   4.2044088e+01   3.1288099e+01   1.9429003e-01   6.0295348e+01   2.9519960e-01
   4.2244489e+01   3.2852456e+01   2.0731353e-01   6.1772174e+01   2.9932278e-01
   4.2444890e+01   3.4504922e+01   2.2906032e-01   6.3251610e+01   2.8790610e-01
   4.2645291e+01   3.6262653e+01   2.4313653e-01   6.4732423e+01   3.0216216e-01
   4.2845691e+01   3.8093490e+01   2.6822895e-01   6.6208610e+01   3.0151977e-01
   4.3046092e+01   4.0048859e+01   2.9755653e-01   6.7714204e+01   3.0062955e-01
   4.3246493e+01   4.2111288e+01   3.1358352e-01   6.9168781e+01   3.0552769e-01
   4.3446894e+01   4.4332956e+01   3.3554986e-01   7.0646038e+01   3.0574428e-01
   4.3647295e+01   4.6671868e+01   3.6019409e-01   7.2050495e+01   3.0519784e-01
   4.3847695e+01   4.9144744e+01   3.9717606e-01   7.3447994e+01   3.0536881e-01
   4.4048096e+01   5.1763241e+01   4.2333107e-01   7.4820682e+01   2.8990393e-01
   4.4248497e+01   5.4510850e+01   4.5652066e-01   7.6150663e+01   2.7949977e-01
   4.4448898e+01   5.7396815e+01   4.9671568e-01   7.7501214e+01   2.7526212e-01
   4.4649299e+01   6.0437584e+01   5.4119036e-01   7.8729883e+01   2.5065698e-01
   4.4849699e+01   6.3658483e+01   5.7428486e-01   7.9863894e+01   2.4967189e-01
   4.5050100e+01   6.7004096e+01   6.3065975e-01   8.0878625e+01   2.4955517e-01
   4.5250501e+01   7.0607885e+01   6.9089594e-01   8.1775117e+01   2.2634837e-01
   4.5450902e+01   7.4339399e+01   7.6101661e-01   8.2493092e+01   1.9265667e-01
   4.5651303e+01   7.8303412e+01   8.2117422e-01   8.3104550e+01   1.7235827e-01
   4.5851703e+01   8.2418533e+01   8.8281905e-01   8.3575917e+01   1.5883772e-01
   4.6052104e+01   8.6668007e+01   9.5536831e-01   8.3814798e+01   1.8045357e-01
   4.6252505e+01   9.1120006e+01   1.0403886e+00   8.3872927e+01   1.6287917e-01
   4.6452906e+01   9.5680676e+01   1.1163523e+00   8.3654453e+01   2.3935948e-01
   4.6653307e+01   1.0036987e+02   1.2209740e+00   8.3161864e+01   2.8961419e-01
   4.6853707e+01   1.0526132e+02   1.2925358e+00   8.2321031e+01   3.7638888e-01
   4.7054108e+01   1.1022219e+02   1.3505808e+00   8.1157492e+01   4.5806449e-01
   4.7254509e+01   1.1531170e+02   1.4027020e+00   7.9671536e+01   5.4840139e-01
   4.7454910e+01   1.2045370e+02   1.4813594e+00   7.7794759e+01   6.4001862e-01
   4.7655311e+01   1.2563317e+02   1.5078792e+00   7.5490862e+01   7.5965002e-01
   4.7855711e+01   1.3072623e+02   1.5322419e+00   7.2771572e+01   8.6327719e-01
   4.8056112e+01   1.3575128e+02   1.5496219e+00   6.9551900e+01   9.7217989e-01
   4.8256513e+01   1.4066647e+02   1.5302466e+00   6.5913290e+01   1.1098534e+00
   4.8456914e+01   1.4552365e+02   1.4646812e+00   6.1812998e+01   1.2220566e+00
   4.8657315e+01   1.5017528e+02   1.4089151e+00   5.7275888e+01   1.3497047e+00
   4.8857715e+01   1.5440252e+02   1.3386290e+00   5.2394834e+01   1.4371081e+00
   4.9058116e+01   1.5830779e+02   1.2449116e+00   4.7160583e+01   1.5546428e+00
   4.9258517e+01   1.6164383e+02   1.1310506e+00   4.1652089e+01   1.6413429e+00
   4.9458918e+01   1.6460148e+02   1.0440515e+00   3.5833934e+01   1.7129184e+00
   4.9659319e+01   1.6703786e+02   8.5571470e-01   2.9710402e+01   1.7557096e+00
   4.9859719e+01   1.6881668e+02   6.8292082e-01   2.3162761e+01   1.7931774e+00
   5.0060120e+01   1.7012303e+02   5.0614176e-01   1.6581629e+01   1.8478715e+00
   5.0260521e+01   1.7081101e+02   4.5185483e-01   9.6974490e+00   1.8402671e+00
   5.0460922e+01   1.7092931e+02   3.2018711e-01   2.9516438e+00   1.8336301e+00
   5.0661323e+01   1.7063387e+02   4.1851644e-01  -3.7860124e+00   1.8700089e+00
   5.0861723e+01   1.6982595e+02   5.1158151e-01  -1.0427483e+01   1.8687523e+00
   5.1062124e+01   1.6857419e+02   6.3337364e-01  -1.6906788e+01   1.8239505e+00
   5.1262525e+01   1.6692746e+02   7.6063645e-01  -2.2982608e+01   1.7873202e+00
   5.1462926e+01   1.6478153e+02   9.3941224e-01  -2.8835683e+01   1.7705616e+00
   5.1663327e+01   1.6223671e+02   1.0590793e+00  -3.4263881e+01   1.7058495e+00
   5.1863727e+01   1.5936232e+02   1.1675911e+00  -3.9272374e+01   1.6522304e+00
   5.2064128e+01   1.5615691e+02   1.2464043e+00  -4.4028205e+01   1.6042526e+00
   5.2264529e+01   1.5281829e+02   1.3261938e+00  -4.8318876e+01   1.4890344e+00
   5.2464930e+01   1.4924268e+02   1.3942138e+00  -5.2326856e+01   1.4094552e+00
   5.2665331e+01   1.4553457e+02   1.4432301e+00  -5.6082928e+01   1.3147828e+00
   5.2865731e+01   1.4176566e+02   1.4454854e+00  -5.9329922e+01   1.2170170e+00
   5.3066132e+01   1.3792233e+02   1.4860963e+00  -6.2384489e+01   1.1220880e+00
   5.3266533e+01   1.3403452e+02   1.4595002e+00  -6.4995770e+01   1.0333665e+00
   5.3466934e+01   1.3008748e+02   1.4689078e+00  -6.7331224e+01   9.1159389e-01
   5.3667335e+01   1.2618163e+02   1.4245725e+00  -6.9538137e+01   8.2858311e-01
   5.3867735e+01   1.2246319e+02   1.4009304e+00  -7.1411320e+01   7.2917474e-01
   5.4068136e+01   1.1880612e+02   1.3679703e+00  -7.2971141e+01   6.6552452e-01
   5.4268537e+01   1.1530508e+02   1.3173652e+00  -7.4199644e+01   5.5029291e-01
   5.4468938e+01   1.1195016e+02   1.3019809e+00  -7.5193544e+01   4.6677617e-01
   5.4669339e+01   1.0860555e+02   1.2515930e+00  -7.6000731e+01   3.9508192e-01
   5.4869739e+01   1.0526444e+02   1.2197966e+00  -7.6533679e+01   3.8577854e-01
   5.5070140e+01   1.0203827e+02   1.1995957e+00  -7.6908805e+01   2.9981579e-01
   5.5270541e+01   9.8893213e+01   1.1660252e+00  -7.7217207e+01   2.7780945e-01
   5.5470942e+01   9.5765185e+01   1.1420314e+00  -7.7371324e+01   2.9368904e-01
   5.5671343e+01   9.2818316e+01   1.1137514e+00  -7.7413402e+01   2.9918244e-01
   5.5871743e+01   8.9965580e+01   1.1231081e+00  -7.7490960e+01   3.0330809e-01
   5.6072144e+01   8.7187658e+01   1.0924489e+00  -7.7373509e+01   3.2817972e-01
   5.6272545e+01   8.4532100e+01   1.0741520e+00  -7.7218113e+01   3.4188696e-01
   5.6472946e+01   8.2008963e+01   1.0582346e+00  -7.6954835e+01   3.8342952e-01
   5.6673347e+01   7.9622703e+01   1.0519107e+00  -7.6627540e+01   3.6822753e-01
   5.6873747e+01   7.7282642e+01   1.0171761e+00  -7.6255027e+01   3.9773787e-01
   5.7074148e+01   7.5146663e+01   9.9202329e-01  -7.5871227e+01   4.1123047e-01
   5.7274549e+01   7.3057192e+01   9.7753353e-01  -7.5421116e+01   4.3693932e-01
   5.7474950e+01   7.1023207e+01   9.2908343e-01  -7.4911190e+01   4.3414057e-01
   5.7675351e+01   6.9083998e+01   9.0394329e-01  -7.4325916e+01   4.3151648e-01
   5.7875752e+01   6.7227087e+01   8.5635444e-01  -7.3669671e+01   4.3600509e-01
   5.8076152e+01   6.5398580e+01   8.2915412e-01  -7.3011028e+01   4.2663382e-01
   5.8276553e+01   6.3656284e+01   7.7502745e-01  -7.2401739e+01   4.1916588e-01
   5.8476954e+01   6.1952005e+01   7.3763771e-01  -7.1772106e+01   4.2203472e-01
   5.8677355e+01   6.0336403e+01   7.0215801e-01  -7.1151528e+01   4.2068827e-01
   5.8877756e+01   5.8813253e+01   6.6671609e-01  -7.0557397e+01   4.2283277e-01
   5.9078156e+01   5.7377670e+01   6.2191760e-01  -6.9887728e+01   4.1464061e-01
   5.9278557e+01   5.6001920e+01   6.0008609e-01  -6.9185305e+01   4.1857038e-01
   5.9478958e+01   5.4739885e+01   5.5956632e-01  -6.8510441e+01   4.2637670e-01
   5.9679359e+01   5.3483141e+01   5.3568636e-01  -6.7837847e+01   4.2566548e-01
   5.9879760e+01   5.2283019e+01   5.1315866e-01  -6.7142152e+01   4.3219592e-01
   6.0080160e+01   5.1127856e+01   4.7876723e-01  -6.6447897e+01   4.4597981e-01
   6.0280561e+01   5.0006975e+01   4.7031621e-01  -6.5693307e+01   4.6515715e-01
   6.0480962e+01   4.8965539e+01   4.5636843e-01  -6.4960455e+01   4.7738653e-01
   6.0681363e+01   4.7919548e+01   4.5140825e-01  -6.4216350e+01   4.8358263e-01
   6.0881764e+01   4.6896366e+01   4.3774804e-01  -6.3514655e+01   5.0262784e-01
   6.1082164e+01   4.5943011e+01   4.4401896e-01  -6.2795149e+01   5.1222518e-01
   6.1282565e+01   4.4998643e+01   4.3489347e-01  -6.2076919e+01   5.1932251e-01
   6.1482966e+01   4.4080230e+01   4.4681869e-01  -6.1389775e+01   5.3390547e-01
   6.1683367e+01   4.3210811e+01   4.4625854e-01  -6.0693777e+01   5.4164910e-01
   6.1883768e+01   4.2384321e+01   4.4635587e-01  -6.0011769e+01   5.2675678e-01
   6.2084168e+01   4.1578703e+01   4.4414507e-01  -5.9322327e+01   5.3672041e-01
   6.2284569e+01   4.0792823e+01   4.4816048e-01  -5.8679545e+01   5.3569178e-01
   6.2484970e+01   4.0022372e+01   4.4123653e-01  -5.8104424e+01   5.3462329e-01
   6.2685371e+01   3.9340427e+01   4.3948798e-01  -5.7430270e+01   5.3229684e-01
   6.2885772e+01   3.8646230e+01   4.3251216e-01  -5.6772280e+01   5.2013907e-01
   6.3086172e+01   3.7988327e+01   4.2346051e-01  -5.6122297e+01   5.1061671e-01
   6.3286573e+01   3.7321858e+01   4.0953971e-01  -5.5488259e+01   5.0083605e-01
   6.3486974e+01   3.6669991e+01   3.9740355e-01  -5.4878473e+01   4.8710326e-01
   6.3687375e+01   3.6053561e+01   3.8876920e-01  -5.4276226e+01   4.7992751e-01
   6.3887776e+01   3.5425798e+01   3.7136632e-01  -5.3678885e+01   4.7249548e-01
   6.4088176e+01   3.4896510e+01   3.5180310e-01  -5.3072866e+01   4.6492775e-01
   6.4288577e+01   3.4345711e+01   3.2858725e-01  -5.2468500e+01   4.6524397e-01
   6.4488978e+01   3.3848318e+01   3.2687676e-01  -5.1859784e+01   4.5916296e-01
   6.4689379e+01   3.3335794e+01   3.1207121e-01  -5.1305887e+01   4.5769090e-01
   6.4889780e+01   3.2852500e+01   3.0261543e-01  -5.0756514e+01   4.5490002e-01
   6.5090180e+01   3.2384011e+01   2.8404120e-01  -5.0193986e+01   4.5583726e-01
   6.5290581e+01   3.1912164e+01   2.8456400e-01  -4.9613595e+01   4.5982586e-01
   6.5490982e+01   3.1479346e+01   2.7843152e-01  -4.9049820e+01   4.5767239e-01
   6.5691383e+01   3.1063638e+01   2.5988130e-01  -4.8509547e+01   4.6798944e-01
   6.5891784e+01   3.0672292e+01   2.6481746e-01  -4.7977553e+01   4.7190903e-01
   6.6092184e+01   3.0242985e+01   2.6241264e-01  -4.7430624e+01   4.6783954e-01
   6.6292585e+01   2.9859469e+01   2.6089098e-01  -4.6880588e+01   4.7012427e-01
   6.6492986e+01   2.9470374e+01   2.6623810e-01  -4.6342362e+01   4.7740798e-01
   6.6693387e+01   2.9093600e+01   2.7543051e-01  -4.5829807e+01   4.7286372e-01
   6.6893788e+01   2.8733377e+01   2.7355347e-01  -4.5299006e+01   4.7534855e-01
   6.7094188e+01   2.8385409e+01   2.7550881e-01  -4.4784832e+01   4.6082936e-01
   6.7294589e+01   2.8062896e+01   2.8411923e-01  -4.4280192e+01   4.5038329e-01
   6.7494990e+01   2.7731525e+01   2.8045324e-01  -4.3782631e+01   4.3525025e-01
   6.7695391e+01   2.7412312e+01   2.7614288e-01  -4.3323654e+01   4.3333928e-01
   6.7895792e+01   2.7100750e+01   2.7381189e-01  -4.2867402e+01   4.2832348e-01
   6.8096192e+01   2.6830404e+01   2.5734726e-01  -4.2379350e+01   4.1300919e-01
   6.8296593e+01   2.6570039e+01   2.4281896e-01  -4.1904298e+01   4.0299634e-01
   6.8496994e+01   2.6299904e+01   2.4044812e-01  -4.1439477e+01   3.9149883e-01
   6.8697395e+01   2.6021709e+01   2.2833232e-01  -4.0982620e+01   3.7994552e-01
   6.8897796e+01   2.5723788e+01   2.1659836e-01  -4.0540633e+01   3.7103125e-01
   6.9098196e+01   2.5466451e+01   2.0732447e-01  -4.0095909e+01   3.7039274e-01
   6.9298597e+01   2.5217116e+01   1.9094489e-01  -3.9636842e+01   3.6512461e-01
   6.9498998e+01   2.4997989e+01   1.7868618e-01  -3.9209316e+01   3.5999627e-01
   6.9699399e+01   2.4777742e+01   1.7476909e-01  -3.8773081e+01   3.5402731e-01
   6.9899800e+01   2.4566166e+01   1.6633764e-01  -3.8347487e+01   3.5504049e-01
   7.0100200e+01   2.4351099e+01   1.6164840e-01  -3.7906674e+01   3.5559537e-01
   7.0300601e+01   2.4148983e+01   1.5885329e-01  -3.7479696e+01   3.5996375e-01
   7.0501002e+01   2.3948486e+01   1.5121284e-01  -3.7040396e+01   3.6178957e-01
   7.0701403e+01   2.3748437e+01   1.5119427e-01  -3.6627485e+01   3.6229717e-01
   7.0901804e+01   2.3546430e+01   1.5088652e-01  -3.6223165e+01   3.7014723e-01
   7.1102204e+01   2.3359830e+01   1.4700490e-01  -3.5786067e+01   3.7294275e-01
   7.1302605e+01   2.3157892e+01   1.4914409e-01  -3.5369636e+01   3.7857925e-01
   7.1503006e+01   2.2978707e+01   1.5118553e-01  -3.4972506e+01   3.8194415e-01
   7.1703407e+01   2.2807452e+01   1.5484536e-01  -3.4572963e+01   3.8836376e-01
   7.1903808e+01   2.2623213e+01   1.5837674e-01  -3.4172369e+01   3.8865692e-01
   7.2104208e+01   2.2465072e+01   1.6381389e-01  -3.3774275e+01   3.8443315e-01
   7.2304609e+01   2.2300808e+01   1.6176438e-01  -3.3366779e+01   3.8319198e-01
   7.2505010e+01   2.2143286e+01   1.7504427e-01  -3.2995908e+01   3.7737686e-01
   7.2705411e+01   2.1987198e+01   1.8266862e-01  -3.2635067e+01   3.6910958e-01
   7.2905812e+01   2.1843628e+01   1.7793827e-01  -3.2264303e+01   3.6196489e-01
   7.3106212e+01   2.1713768e+01   1.8171469e-01  -3.1878531e+01   3.5440987e-01
   7.3306613e+01   2.1587873e+01   1.7013658e-01  -3.1519326e+01   3.4560160e-01
   7.3507014e+01   2.1466944e+01   1.6473491e-01  -3.1156349e+01   3.4055030e-01
   7.3707415e+01   2.1345241e+01   1.6477891e-01  -3.0800747e+01   3.3014821e-01
   7.3907816e+01   2.1226871e+01   1.5691229e-01  -3.0459980e+01   3.2363351e-01
   7.4108216e+01   2.1101419e+01   1.4645145e-01  -3.0114882e+01   3.2243400e-01
   7.4308617e+01   2.0989896e+01   1.3760619e-01  -2.9756921e+01   3.0947855e-01
   7.4509018e+01   2.0884785e+01   1.2323378e-01  -2.9414713e+01   3.0958420e-01
   7.4709419e+01   2.0802474e+01   1.2343429e-01  -2.9058697e+01   3.0456894e-01
   7.4909820e+01   2.0712971e+01   1.2060608e-01  -2.8717880e+01   3.0657872e-01
   7.5110220e+01   2.0617584e+01   1.0634723e-01  -2.8380105e+01   3.0286107e-01
   7.5310621e+01   2.0528122e+01   1.0712301e-01  -2.8025556e+01   3.0398086e-01
   7.5511022e+01   2.0443576e+01   1.0448082e-01  -2.7662724e+01   3.0827981e-01
   7.5711423e+01   2.0371486e+01   9.9580664e-02  -2.7319200e+01   3.1789936e-01
   7.5911824e+01   2.0302626e+01   1.0206843e-01  -2.6968829e+01   3.2168926e-01
   7.6112224e+01   2.0216469e+01   9.4509532e-02  -2.6621404e+01   3.2284064e-01
   7.6312625e+01   2.0125027e+01   9.5632906e-02  -2.6296357e+01   3.3014354e-01
   7.6513026e+01   2.0036223e+01   9.8927584e-02  -2.5964860e+01   3.3503286e-01
   7.6713427e+01   1.9956972e+01   9.2881778e-02  -2.5635166e+01   3.3988761e-01
   7.6913828e+01   1.9879021e+01   9.6489442e-02  -2.5303994e+01   3.4855933e-01
   7.7114228e+01   1.9811709e+01   9.8329722e-02  -2.4995699e+01   3.5000753e-01
   7.7314629e+01   1.9740131e+01   1.0179298e-01  -2.4676638e+01   3.4062768e-01
   7.7515030e+01   1.9665043e+01   1.0993102e-01  -2.4382259e+01   3.4111067e-01
   7.7715431e+01   1.9600126e+01   1.0901239e-01  -2.4082344e+01   3.3572002e-01
   7.7915832e+01   1.9542530e+01   1.1184626e-01  -2.3780856e+01   3.3263202e-01
   7.8116232e+01   1.9489749e+01   1.1101869e-01  -2.3474090e+01   3.2114383e-01
   7.8316633e+01   1.9441184e+01   1.1109900e-01  -2.3172992e+01   3.1105756e-01
   7.8517034e+01   1.9394848e+01   1.0722886e-01  -2.2878282e+01   3.0316796e-01
   7.8717435e+01   1.9351768e+01   1.0343255e-01  -2.2594257e+01   3.0249663e-01
   7.8917836e+01   1.9314020e+01   9.3570297e-02  -2.2333529e+01   2.8898929e-01
   7.9118236e+01   1.9257001e+01   9.5694404e-02  -2.2057055e+01   2.9286691e-01
   7.9318637e+01   1.9224838e+01   8.6494262e-02  -2.1786661e+01   2.8525426e-01
   7.9519038e+01   1.9204490e+01   8.0893503e-02  -2.1504423e+01   2.8089487e-01
   7.9719439e+01   1.9193149e+01   7.9154664e-02  -2.1229792e+01   2.7462853e-01
   7.9919840e+01   1.9163423e+01   7.8745741e-02  -2.0958352e+01   2.7753244e-01
   8.0120240e+01   1.9154970e+01   7.4486393e-02  -2.0683235e+01   2.7593843e-01
   8.0320641e+01   1.9148718e+01   7.4838359e-02  -2.0409589e+01   2.8080255e-01
   8.0521042e+01   1.9146582e+01   7.7141476e-02  -2.0128694e+01   2.7887152e-01
   8.0721443e+01   1.9146922e+01   7.6521624e-02  -1.9838422e+01   2.8753410e-01
   8.0921844e+01   1.9133008e+01   7.3364218e-02  -1.9552379e+01   2.9185717e-01
   8.1122244e+01   1.9125158e+01   7.0997998e-02  -1.9266889e+01   3.0044753e-01
   8.1322645e+01   1.9101573e+01   7.0447560e-02  -1.8977062e+01   3.1090605e-01
   8.1523046e+01   1.9088333e+01   6.1714220e-02  -1.8700717e+01   3.2226681e-01
   8.1723447e+01   1.9094119e+01   6.6787687e-02  -1.8415448e+01   3.1955480e-01
   8.1923848e+01   1.9078881e+01   5.8063841e-02  -1.8144768e+01   3.2531380e-01
   8.2124248e+01   1.9059185e+01   6.2012631e-02  -1.7881861e+01   3.2809393e-01
   8.2324649e+01   1.9046153e+01   5.7434840e-02  -1.7624237e+01   3.3881034e-01
   8.2525050e+01   1.9039803e+01   6.7712224e-02  -1.7352827e+01   3.3377654e-01
   8.2725451e+01   1.9033597e+01   6.4903498e-02  -1.7099081e+01   3.3252251e-01
   8.2925852e+01   1.9033073e+01   6.8641911e-02  -1.6856870e+01   3.2913579e-01
   8.3126253e+01   1.9048466e+01   7.0711541e-02  -1.6616680e+01   3.2519415e-01
   8.3326653e+01   1.9053933e+01   7.3208539e-02  -1.6376807e+01   3.1785642e-01
   8.3527054e+01   1.9052575e+01   7.6646746e-02  -1.6115449e+01   3.1143063e-01
   8.3727455e+01   1.9058301e+01   7.9885456e-02  -1.5882993e+01   3.0211585e-01
   8.3927856e+01   1.9073240e+01   7.6822949e-02  -1.5640057e+01   2.9554960e-01
   8.4128257e+01   1.9081291e+01   7.5904632e-02  -1.5399674e+01   2.9050404e-01
   8.4328657e+01   1.9102396e+01   7.1255653e-02  -1.5185556e+01   2.8160221e-01
   8.4529058e+01   1.9134678e+01   6.4915508e-02  -1.4977630e+01   2.7449057e-01
   8.4729459e+01   1.9162662e+01   7.1426890e-02  -1.4760242e+01   2.7470552e-01
   8.4929860e+01   1.9186586e+01   6.4551208e-02  -1.4550934e+01   2.6675693e-01
   8.5130261e+01   1.9219680e+01   6.5553187e-02  -1.4343997e+01   2.5939021e-01
   8.5330661e+01   1.9263732e+01   6.2861941e-02  -1.4129161e+01   2.6376249e-01
   8.5531062e+01   1.9308959e+01   5.9479980e-02  -1.3923973e+01   2.5527642e-01
   8.5731463e+01   1.9364818e+01   6.2467231e-02  -1.3711403e+01   2.6009198e-01
   8.5931864e+01   1.9411909e+01   6.0396339e-02  -1.3504643e+01   2.6704915e-01
   8.6132265e+01   1.9460676e+01   6.2044861e-02  -1.3287375e+01   2.6858912e-01
   8.6332665e+01   1.9488818e+01   5.7872856e-02  -1.3079013e+01   2.7257490e-01
   8.6533066e+01   1.9534289e+01   5.9874422e-02  -1.2861918e+01   2.7555342e-01
   8.6733467e+01   1.9568779e+01   5.9092938e-02  -1.2653519e+01   2.7548698e-01
   8.6933868e+01   1.9611558e+01   5.6493704e-02  -1.2446210e+01   2.8186700e-01
   8.7134269e+01   1.9646570e+01   4.8712495e-02  -1.2251438e+01   2.8552275e-01
   8.7334669e+01   1.9668748e+01   4.6898321e-02  -1.2069086e+01   2.8521497e-01
   8.7535070e+01   1.9679342e+01   5.0364836e-02  -1.1874469e+01   2.8679593e-01
   8.7735471e+01   1.9709713e+01   4.2970907e-02  -1.1687397e+01   2.8314608e-01
   8.7935872e+01   1.9738658e+01   3.9841479e-02  -1.1507360e+01   2.8279788e-01
   8.8136273e+01   1.9782365e+01   4.5426107e-02  -1.1327840e+01   2.7878070e-01
   8.8336673e+01   1.9814612e+01   4.6509028e-02  -1.1153515e+01   2.7781464e-01
   8.8537074e+01   1.9850123e+01   4.7225512e-02  -1.0971802e+01   2.8112910e-01
   8.8737475e+01   1.9881002e+01   4.6714554e-02  -1.0777682e+01   2.7372100e-01
   8.8937876e+01   1.9908078e+01   4.2208957e-02  -1.0603067e+01   2.7128762e-01
   8.9138277e+01   1.9939289e+01   4.8666447e-02  -1.0420694e+01   2.6731917e-01
   8.9338677e+01   1.9970070e+01   4.1425382e-02  -1.0247505e+01   2.6674542e-01
   8.9539078e+01   2.0004415e+01   4.9441578e-02  -1.0077662e+01   2.6174501e-01
   8.9739479e+01   2.0027011e+01   4.2137402e-02  -9.9013573e+00   2.5930432e-01
   8.9939880e+01   2.0058976e+01   4.2478675e-02  -9.7304309e+00   2.5972140e-01
   9.0140281e+01   2.0102998e+01   4.3616233e-02  -9.5599229e+00   2.6180717e-01
   9.0340681e+01   2.0141443e+01   4.7307109e-02  -9.3833190e+00   2.6377565e-01
   9.0541082e+01   2.0171990e+01   5.1838100e-02  -9.2186169e+00   2.6656947e-01
   9.0741483e+01   2.0219142e+01   5.0832061e-02  -9.0531564e+00   2.7512848e-01
   9.0941884e+01   2.0276296e+01   5.3215213e-02  -8.8721731e+00   2.7760489e-01
   9.1142285e+01   2.0330117e+01   5.0784883e-02  -8.6816260e+00   2.8241362e-01
   9.1342685e+01   2.0384168e+01   5.6729213e-02  -8.4981675e+00   2.8558935e-01
   9.1543086e+01   2.0438389e+01   5.2599127e-02  -8.3115235e+00   2.8913237e-01
   9.1743487e+01   2.0491517e+01   5.3227065e-02  -8.1268258e+00   2.9374164e-01
   9.1943888e+01   2.0551059e+01   5.1927672e-02  -7.9379060e+00   2.9155609e-01
   9.2144289e+01   2.0599145e+01   5.2329978e-02  -7.7621777e+00   2.8830290e-01
   9.2344689e+01   2.0649968e+01   4.9556799e-02  -7.5843313e+00   2.8645007e-01
   9.2545090e+01   2.0701453e+01   5.1591292e-02  -7.4163744e+00   2.8301753e-01
   9.2745491e+01   2.0750129e+01   5.5107405e-02  -7.2490991e+00   2.7721452e-01
   9.2945892e+01   2.0805081e+01   6.3534711e-02  -7.0923395e+00   2.7002832e-01
   9.3146293e+01   2.0860498e+01   5.8458693e-02  -6.9472591e+00   2.6681897e-01
   9.3346693e+01   2.0914143e+01   6.0302750e-02  -6.7982458e+00   2.6154928e-01
   9.3547094e+01   2.0992737e+01   6.3522488e-02  -6.6545545e+00   2.5470786e-01
   9.3747495e+01   2.1063370e+01   6.4938683e-02  -6.5148732e+00   2.4093518e-01
   9.3947896e+01   2.1138826e+01   7.0895986e-02  -6.3644024e+00   2.3382809e-01
   9.4148297e+01   2.1207736e+01   6.9316963e-02  -6.2087944e+00   2.2534715e-01
   9.4348697e+01   2.1285229e+01   7.4263782e-02  -6.0717026e+00   2.1796053e-01
   9.4549098e+01   2.1367669e+01   7.1714341e-02  -5.9330296e+00   2.0851707e-01
   9.4749499e+01   2.1450716e+01   8.8701175e-02  -5.7872614e+00   1.9898019e-01
   9.4949900e+01   2.1528204e+01   8.7984771e-02  -5.6543257e+00   1.9860812e-01
   9.5150301e+01   2.1594760e+01   9.4296933e-02  -5.5260560e+00   1.9698815e-01
   9.5350701e+01   2.1670402e+01   1.0131489e-01  -5.3974563e+00   2.0438185e-01
   9.5551102e+01   2.1754239e+01   1.0506611e-01  -5.2755597e+00   2.0181678e-01
   9.5751503e+01   2.1842416e+01   1.1430687e-01  -5.1624828e+00   2.1833419e-01
   9.5951904e+01   2.1920417e+01   1.0910291e-01  -5.0426175e+00   2.1729078e-01
   9.6152305e+01   2.1998191e+01   1.0222036e-01  -4.9249902e+00   2.2856776e-01
   9.6352705e+01   2.2092653e+01   1.1212094e-01  -4.7966560e+00   2.4046841e-01
   9.6553106e+01   2.2188582e+01   1.1783487e-01  -4.6763628e+00   2.4751727e-01
   9.6753507e+01   2.2264278e+01   1.0242200e-01  -4.5558468e+00   2.5905728e-01
   9.6953908e+01   2.2344862e+01   9.6551055e-02  -4.4410003e+00   2.5780828e-01
   9.7154309e+01   2.2431923e+01   9.4321698e-02  -4.3240825e+00   2.7321544e-01
   9.7354709e+01   2.2496596e+01   9.4546172e-02  -4.2187298e+00   2.6816265e-01
   9.7555110e+01   2.2571413e+01   8.8793553e-02  -4.1111362e+00   2.7159935e-01
   9.7755511e+01   2.2639205e+01   8.2689712e-02  -4.0036759e+00   2.7215931e-01
   9.7955912e+01   2.2702810e+01   7.6739659e-02  -3.9115528e+00   2.6578456e-01
   9.8156313e+01   2.2775133e+01   8.3843218e-02  -3.8156587e+00   2.5966027e-01
   9.8356713e+01   2.2837848e+01   8.6040968e-02  -3.7280297e+00   2.5354863e-01
   9.8557114e+01   2.2900051e+01   8.8023927e-02  -3.6494716e+00   2.4388936e-01
   9.8757515e+01   2.2964265e+01   9.5021413e-02  -3.5671456e+00   2.3964376e-01
   9.8957916e+01   2.3027964e+01   9.8151782e-02  -3.4824419e+00   2.2670796e-01
   9.9158317e+01   2.3095681e+01   1.0015656e-01  -3.4007651e+00   2.1338238e-01
   9.9358717e+01   2.3167106e+01   1.0515544e-01  -3.3357598e+00   2.0977614e-01
   9.9559118e+01   2.3233221e+01   1.0873185e-01  -3.2561695e+00   1.9746878e-01
   9.9759519e+01   2.3292826e+01   1.1425273e-01  -3.1847177e+00   1.8923196e-01
   9.9959920e+01   2.3343081e+01   1.2633702e-01  -3.1241105e+00   1.9477021e-01
   1.0016032e+02   2.3406628e+01   1.2348431e-01  -3.0552913e+00   1.7899246e-01
   1.0036072e+02   2.3473639e+01   1.4541154e-01  -2.9819238e+00   1.9015747e-01
   1.0056112e+02   2.3517044e+01   1.4664958e-01  -2.8902187e+00   1.8786774e-01
   1.0076152e+02   2.3576808e+01   1.5302700e-01  -2.8284310e+00   1.9828809e-01
   1.0096192e+02   2.3619289e+01   1.5563041e-01  -2.7528942e+00   1.9993280e-01
   1.0116232e+02   2.3671840e+01   1.6940031e-01  -2.6950503e+00   2.1318189e-01
   1.0136272e+02   2.3726864e+01   1.6001026e-01  -2.6241929e+00   2.3329302e-01
   1.0156313e+02   2.3769669e+01   1.6866974e-01  -2.5600592e+00   2.4542620e-01
   1.0176353e+02   2.3807978e+01   1.6595885e-01  -2.4837282e+00   2.5552279e-01
   1.0196393e+02   2.3838957e+01   1.6747030e-01  -2.4120343e+00   2.6479277e-01
   1.0216433e+02   2.3888152e+01   1.6532052e-01  -2.3192202e+00   2.8349855e-01
   1.0236473e+02   2.3898850e+01   1.6692425e-01  -2.2446884e+00   2.8780947e-01
   1.0256513e+02   2.3912429e+01   1.4668345e-01  -2.1789515e+00   2.9759831e-01
   1.0276553e+02   2.3955684e+01   1.4287941e-01  -2.0902574e+00   3.0068384e-01
   1.0296593e+02   2.3957379e+01   1.4460603e-01  -2.0007335e+00   3.0765016e-01
   1.0316633e+02   2.3969355e+01   1.5852026e-01  -1.9428730e+00   3.1105319e-01
   1.0336673e+02   2.3980668e+01   1.5674686e-01  -1.8828114e+00   3.0669822e-01
   1.0356713e+02   2.3977636e+01   1.6073370e-01  -1.8063746e+00   3.0773923e-01
   1.0376753e+02   2.3986970e+01   1.3829597e-01  -1.7431006e+00   2.9894440e-01
   1.0396794e+02   2.3976519e+01   1.5131692e-01  -1.6967782e+00   3.0195777e-01
   1.0416834e+02   2.3988231e+01   1.5262453e-01  -1.6132798e+00   2.9016718e-01
   1.0436874e+02   2.3985409e+01   1.5196014e-01  -1.5704999e+00   2.7739617e-01
   1.0456914e+02   2.3972824e+01   1.5907738e-01  -1.4884683e+00   2.7758047e-01
   1.0476954e+02   2.3992245e+01   1.6781546e-01  -1.4280237e+00   2.7043679e-01
   1.0496994e+02   2.3997729e+01   1.8037773e-01  -1.3582643e+00   2.6662352e-01
   1.0517034e+02   2.3999338e+01   1.7664269e-01  -1.3138892e+00   2.5444608e-01
   1.0537074e+02   2.4013002e+01   1.8134287e-01  -1.2312623e+00   2.4052458e-01
   1.0557114e+02   2.4005708e+01   1.7435353e-01  -1.1443054e+00   2.3191576e-01
   1.0577154e+02   2.4031018e+01   1.9026600e-01  -1.0888126e+00   2.3556492e-01
   1.0597194e+02   2.4034040e+01   1.8362214e-01  -1.0022086e+00   2.3209130e-01
   1.0617235e+02   2.4049274e+01   1.8764879e-01  -9.1972132e-01   2.3836768e-01
   1.0637275e+02   2.4043367e+01   1.9391051e-01  -8.2340025e-01   2.3743936e-01
   1.0657315e+02   2.4064227e+01   1.9729840e-01  -7.2247957e-01   2.4816409e-01
   1.0677355e+02   2.4058475e+01   1.9548333e-01  -6.3025572e-01   2.5317424e-01
   1.0697395e+02   2.4084600e+01   2.0310583e-01  -5.1710757e-01   2.5570236e-01
   1.0717435e+02   2.4077207e+01   1.9728778e-01  -4.1927444e-01   2.5836147e-01
   1.0737475e+02   2.4076964e+01   1.8199307e-01  -3.1912642e-01   2.6712881e-01
   1.0757515e+02   2.4075569e+01   1.8453323e-01  -2.0129077e-01   2.8576751e-01
   1.0777555e+02   2.4091045e+01   1.8881706e-01  -7.0249015e-02   2.8572039e-01
   1.0797595e+02   2.4086682e+01   1.8731192e-01   7.3877638e-02   2.9842052e-01
   1.0817635e+02   2.4080440e+01   1.7380837e-01   2.0095666e-01   2.9498210e-01
   1.0837675e+02   2.4092587e+01   1.7945320e-01   3.3575522e-01   2.9831171e-01
   1.0857715e+02   2.4063677e+01   1.7691658e-01   4.5784407e-01   3.0411120e-01
   1.0877755e+02   2.4037436e+01   1.6946661e-01   6.0206432e-01   3.1067317e-01
   1.0897796e+02   2.4044149e+01   1.6714762e-01   7.3019396e-01   3.0193380e-01
   1.0917836e+02   2.4029971e+01   1.6622478e-01   8.7248009e-01   3.0309809e-01
   1.0937876e+02   2.4008677e+01   1.6845834e-01   1.0140267e+00   3.1655091e-01
   1.0957916e+02   2.3998563e+01   1.7043322e-01   1.1432754e+00   3.0592992e-01
   1.0977956e+02   2.3999714e+01   1.6535024e-01   1.2752786e+00   3.0060449e-01
   1.0997996e+02   2.4002355e+01   1.6285102e-01   1.4239346e+00   3.0527239e-01
   1.1018036e+02   2.3995699e+01   1.7124733e-01   1.5558631e+00   2.9716503e-01
   1.1038076e+02   2.3998585e+01   1.7859617e-01   1.7024426e+00   2.9456549e-01
   1.1058116e+02   2.4013845e+01   1.7850746e-01   1.8627524e+00   2.9757206e-01
   1.1078156e+02   2.4025239e+01   1.8597564e-01   2.0107260e+00   2.9923955e-01
   1.1098196e+02   2.4022893e+01   1.8643518e-01   2.1530528e+00   2.8981077e-01
   1.1118237e+02   2.4039700e+01   1.8119649e-01   2.3069014e+00   3.0350322e-01
   1.1138277e+02   2.4060784e+01   1.7696264e-01   2.4585905e+00   2.9796553e-01
   1.1158317e+02   2.4102930e+01   1.8966107e-01   2.6098032e+00   3.0622980e-01
   1.1178357e+02   2.4126144e+01   1.8413132e-01   2.7916400e+00   3.1026729e-01
   1.1198397e+02   2.4162652e+01   1.9081926e-01   2.9708618e+00   3.1361633e-01
   1.1218437e+02   2.4201945e+01   1.9150337e-01   3.1400655e+00   3.1947089e-01
   1.1238477e+02   2.4226136e+01   1.8771473e-01   3.3110343e+00   3.2198238e-01
   1.1258517e+02   2.4285166e+01   1.8570603e-01   3.5006121e+00   3.2410761e-01
   1.1278557e+02   2.4323912e+01   1.7087351e-01   3.6873780e+00   3.2597453e-01
   1.1298597e+02   2.4375952e+01   1.6305692e-01   3.8980347e+00   3.3202265e-01
   1.1318637e+02   2.4421811e+01   1.5720644e-01   4.1010360e+00   3.3150574e-01
   1.1338677e+02   2.4467871e+01   1.5172590e-01   4.3010929e+00   3.2565021e-01
   1.1358717e+02   2.4518715e+01   1.5157592e-01   4.5132596e+00   3.3551342e-01
   1.1378758e+02   2.4564183e+01   1.3197400e-01   4.7042155e+00   3.2928649e-01
   1.1398798e+02   2.4626193e+01   1.2332593e-01   4.9149022e+00   3.3108795e-01
   1.1418838e+02   2.4690352e+01   1.2067931e-01   5.1328760e+00   3.3165046e-01
   1.1438878e+02   2.4755188e+01   1.1332517e-01   5.3571352e+00   3.2664296e-01
   1.1458918e+02   2.4831357e+01   1.1548430e-01   5.5776129e+00   3.2503156e-01
   1.1478958e+02   2.4908166e+01   1.1224342e-01   5.7849785e+00   3.2656335e-01
   1.1498998e+02   2.4983754e+01   1.2532079e-01   5.9951530e+00   3.3067168e-01
   1.1519038e+02   2.5060917e+01   1.2005949e-01   6.2258884e+00   3.2902880e-01
   1.1539078e+02   2.5159360e+01   1.2149737e-01   6.4491488e+00   3.2670868e-01
   1.1559118e+02   2.5256355e+01   1.3297488e-01   6.6789218e+00   3.3284358e-01
   1.1579158e+02   2.5371628e+01   1.4197024e-01   6.9047852e+00   3.3825329e-01
   1.1599198e+02   2.5471429e+01   1.3744545e-01   7.1333463e+00   3.3800787e-01
   1.1619239e+02   2.5615595e+01   1.4289391e-01   7.3728251e+00   3.4607971e-01
   1.1639279e+02   2.5737789e+01   1.3417128e-01   7.5992620e+00   3.4703970e-01
   1.1659319e+02   2.5868743e+01   1.6037614e-01   7.8408351e+00   3.4678084e-01
   1.1679359e+02   2.6028665e+01   1.6285250e-01   8.0917837e+00   3.6005262e-01
   1.1699399e+02   2.6168590e+01   1.5581759e-01   8.3357479e+00   3.5798664e-01
   1.1719439e+02   2.6333111e+01   1.5368248e-01   8.5761125e+00   3.6711554e-01
   1.1739479e+02   2.6513451e+01   1.5022822e-01   8.8348847e+00   3.7478039e-01
   1.1759519e+02   2.6694752e+01   1.5052098e-01   9.0856151e+00   3.7566726e-01
   1.1779559e+02   2.6887017e+01   1.4869209e-01   9.3486319e+00   3.8142290e-01
   1.1799599e+02   2.7078415e+01   1.4481700e-01   9.6211529e+00   3.8565517e-01
   1.1819639e+02   2.7273018e+01   1.3424389e-01   9.8825281e+00   3.7835577e-01
   1.1839679e+02   2.7508927e+01   1.3694290e-01   1.0131548e+01   3.8064534e-01
   1.1859719e+02   2.7730907e+01   1.2918375e-01   1.0410378e+01   3.8290825e-01
   1.1879760e+02   2.7982114e+01   1.1540703e-01   1.0671013e+01   3.8318219e-01
   1.1899800e+02   2.8233974e+01   1.2053005e-01   1.0947879e+01   3.7935303e-01
   1.1919840e+02   2.8501347e+01   1.2310058e-01   1.1226141e+01   3.6502750e-01
   1.1939880e+02   2.8757747e+01   1.1090133e-01   1.1494508e+01   3.6475287e-01
   1.1959920e+02   2.9052708e+01   1.2158507e-01   1.1771826e+01   3.6982223e-01
   1.1979960e+02   2.9357091e+01   1.2374128e-01   1.2031466e+01   3.6159447e-01
   1.2000000e+02   2.9659845e+01   1.2819314e-01   1.2291368e+01   3.4941448e-01
