   2.0000000e+01   2.1505368e+00   4.5340624e-02  -3.9081692e+01   4.7127416e-02
   2.0200401e+01   2.1208303e+00   5.0054334e-02  -3.8234907e+01   5.1825314e-02
   2.0400802e+01   2.0821753e+00   4.3569028e-02  -3.7396668e+01   5.2626733e-02
   2.0601202e+01   2.0542567e+00   4.3629680e-02  -3.6546843e+01   5.3890888e-02
   2.0801603e+01   2.0270525e+00   4.1663534e-02  -3.5683748e+01   5.6947608e-02
   2.1002004e+01   2.0026518e+00   4.1710479e-02  -3.4840566e+01   5.9436000e-02
   2.1202405e+01   1.9987898e+00   3.8852675e-02  -3.4012119e+01   6.1661573e-02
   2.1402806e+01   1.9812005e+00   3.9395820e-02  -3.3200984e+01   6.1857652e-02
   2.1603206e+01   1.9447216e+00   3.7010793e-02  -3.2392019e+01   6.5110337e-02
   2.1803607e+01   1.9155020e+00   3.6142850e-02  -3.1590715e+01   6.4691860e-02
   2.2004008e+01   1.8992209e+00   3.4373088e-02  -3.0803673e+01   6.6947999e-02
   2.2204409e+01   1.8904786e+00   3.9641803e-02  -3.0021646e+01   6.7875839e-02
   2.2404810e+01   1.8835510e+00   3.6980986e-02  -2.9232657e+01   6.4081970e-02
   2.2605210e+01   1.8788742e+00   2.9230910e-02  -2.8435731e+01   7.0187008e-02
   2.2805611e+01   1.8805003e+00   2.4680474e-02  -2.7652001e+01   6.9194449e-02
   2.3006012e+01   1.8794915e+00   3.4164611e-02  -2.6891318e+01   6.7245059e-02
   2.3206413e+01   1.8643825e+00   3.1036238e-02  -2.6142734e+01   6.4646100e-02
   2.3406814e+01   1.8579086e+00   2.8769208e-02  -2.5400589e+01   6.6271838e-02
   2.3607214e+01   1.8653066e+00   2.7630961e-02  -2.4659737e+01   6.3013763e-02
   2.3807615e+01   1.8845576e+00   2.5336461e-02  -2.3913469e+01   5.9619368e-02
   2.4008016e+01   1.8870584e+00   2.2671672e-02  -2.3173091e+01   5.8351251e-02
   2.4208417e+01   1.8834638e+00   2.6512586e-02  -2.2430041e+01   5.6276093e-02
   2.4408818e+01   1.8767806e+00   2.5556429e-02  -2.1695417e+01   5.4123351e-02
   2.4609218e+01   1.8856319e+00   2.2209642e-02  -2.0962923e+01   5.3520846e-02
   2.4809619e+01   1.8992562e+00   2.3293966e-02  -2.0236852e+01   5.3796282e-02
   2.5010020e+01   1.9174477e+00   2.2796895e-02  -1.9510367e+01   5.1327857e-02
   2.5210421e+01   1.9388877e+00   2.1252448e-02  -1.8788542e+01   4.9182642e-02
   2.5410822e+01   1.9621183e+00   1.9871242e-02  -1.8067025e+01   4.9271209e-02
   2.5611222e+01   1.9892630e+00   2.0214460e-02  -1.7348517e+01   4.7803291e-02
   2.5811623e+01   2.0127485e+00   1.9286748e-02  -1.6631871e+01   4.7185384e-02
   2.6012024e+01   2.0404393e+00   1.9505574e-02  -1.5906227e+01   4.7479924e-02
   2.6212425e+01   2.0716620e+00   1.9816382e-02  -1.5182458e+01   4.5874594e-02
   2.6412826e+01   2.1114382e+00   2.0024504e-02  -1.4460018e+01   4.8256650e-02
   2.6613226e+01   2.1468061e+00   1.9218456e-02  -1.3748273e+01   4.8872370e-02
   2.6813627e+01   2.1856074e+00   2.0250160e-02  -1.3036082e+01   5.0365073e-02
   2.7014028e+01   2.2257615e+00   2.3197160e-02  -1.2320285e+01   5.0722982e-02
   2.7214429e+01   2.2638642e+00   2.2905351e-02  -1.1605661e+01   5.3521142e-02
   2.7414830e+01   2.3077470e+00   2.2566190e-02  -1.0891924e+01   5.3655144e-02
   2.7615230e+01   2.3571253e+00   2.3441804e-02  -1.0166625e+01   5.6123686e-02
   2.7815631e+01   2.4107485e+00   2.3780692e-02  -9.4477291e+00   5.6456902e-02
   2.8016032e+01   2.4675420e+00   2.3221097e-02  -8.7315761e+00   5.8332768e-02
   2.8216433e+01   2.5276757e+00   2.3112208e-02  -8.0153332e+00   6.0612981e-02
   2.8416834e+01   2.5909478e+00   2.3732234e-02  -7.2970604e+00   6.1886133e-02
   2.8617234e+01   2.6571007e+00   2.4526215e-02  -6.5738183e+00   6.6035947e-02
   2.8817635e+01   2.7247827e+00   2.3388800e-02  -5.8518214e+00   6.9095626e-02
   2.9018036e+01   2.8003589e+00   2.2310824e-02  -5.1367936e+00   6.9570250e-02
   2.9218437e+01   2.8783102e+00   2.1679941e-02  -4.4157125e+00   7.2377034e-02
   2.9418838e+01   2.9607866e+00   2.1392138e-02  -3.6892737e+00   7.5720270e-02
   2.9619238e+01   3.0408191e+00   1.9667555e-02  -2.9631017e+00   7.6372793e-02
   2.9819639e+01   3.1261852e+00   1.7683617e-02  -2.2365610e+00   7.8301047e-02
   3.0020040e+01   3.2104223e+00   1.5244572e-02  -1.5037479e+00   8.1124766e-02
   3.0220441e+01   3.2958132e+00   1.3057075e-02  -7.6975087e-01   8.4704375e-02
   3.0420842e+01   3.3885142e+00   1.0988555e-02  -4.8550687e-02   8.5630146e-02
   3.0621242e+01   3.4883274e+00   8.4273623e-03   6.7589774e-01   9.0599353e-02
   3.0821643e+01   3.5985100e+00   6.0281693e-03   1.4067115e+00   9.1335977e-02
   3.1022044e+01   3.7079905e+00   5.5920817e-03   2.1568507e+00   9.4708558e-02
   3.1222445e+01   3.8143541e+00   6.5344731e-03   2.9102502e+00   9.9788543e-02
   3.1422846e+01   3.9321682e+00   6.7660587e-03   3.6764127e+00   1.0056242e-01
   3.1623246e+01   4.0564472e+00   2.9194463e-03   4.4446493e+00   1.0236373e-01
   3.1823647e+01   4.1831022e+00   4.3337305e-03   5.2134978e+00   1.0462292e-01
   3.2024048e+01   4.3231000e+00   4.2572588e-03   5.9874925e+00   1.0853629e-01
   3.2224449e+01   4.4668080e+00   5.3084016e-03   6.7701792e+00   1.0896715e-01
   3.2424850e+01   4.6135602e+00   4.2514911e-03   7.5566774e+00   1.0790816e-01
   3.2625251e+01   4.7649206e+00   5.7142157e-03   8.3580332e+00   1.0525777e-01
   3.2825651e+01   4.9251238e+00   5.5621197e-03   9.1768382e+00   1.1032763e-01
   3.3026052e+01   5.0956776e+00   5.5645358e-03   9.9948260e+00   1.0845728e-01
   3.3226453e+01   5.2711662e+00   5.3826131e-03   1.0815933e+01   1.0962314e-01
   3.3426854e+01   5.4561448e+00   6.8520057e-03   1.1649381e+01   1.0747455e-01
   3.3627255e+01   5.6513721e+00   8.0246240e-03   1.2487559e+01   1.0898033e-01
   3.3827655e+01   5.8558131e+00   4.6623343e-03   1.3332136e+01   1.1116453e-01
   3.4028056e+01   6.0650125e+00   9.3642149e-03   1.4184793e+01   1.0459073e-01
   3.4228457e+01   6.2883652e+00   9.9277996e-03   1.5057024e+01   1.0867123e-01
   3.4428858e+01   6.5221928e+00   1.1025247e-02   1.5932529e+01   1.1033051e-01
   3.4629259e+01   6.7685477e+00   1.3173164e-02   1.6823975e+01   1.0810714e-01
   3.4829659e+01   7.0193246e+00   1.0976293e-02   1.7719967e+01   1.1038306e-01
   3.5030060e+01   7.2895416e+00   1.0527647e-02   1.8634445e+01   1.1745493e-01
   3.5230461e+01   7.5694833e+00   1.5755953e-02   1.9558776e+01   1.1533987e-01
   3.5430862e+01   7.8588526e+00   1.6041647e-02   2.0478853e+01   1.1874549e-01
   3.5631263e+01   8.1590991e+00   1.5207266e-02   2.1412470e+01   1.2387107e-01
   3.5831663e+01   8.4801300e+00   1.9895544e-02   2.2361873e+01   1.2433117e-01
   3.6032064e+01   8.8090894e+00   2.6163185e-02   2.3325238e+01   1.2817944e-01
   3.6232465e+01   9.1495259e+00   2.5382498e-02   2.4295512e+01   1.3447818e-01
   3.6432866e+01   9.5151638e+00   2.6467822e-02   2.5281953e+01   1.3894777e-01
   3.6633267e+01   9.9009434e+00   2.9837589e-02   2.6273429e+01   1.3853527e-01
   3.6833667e+01   1.0304591e+01   3.0994537e-02   2.7287687e+01   1.4673354e-01
   3.7034068e+01   1.0726500e+01   2.9482777e-02   2.8326225e+01   1.4710484e-01
   3.7234469e+01   1.1169185e+01   3.3071610e-02   2.9380330e+01   1.5157738e-01
   3.7434870e+01   1.1630708e+01   3.2826410e-02   3.0428392e+01   1.5430084e-01
   3.7635271e+01   1.2119524e+01   3.7767727e-02   3.1492557e+01   1.5070017e-01
   3.7835671e+01   1.2641232e+01   4.1463244e-02   3.2589436e+01   1.5421099e-01
   3.8036072e+01   1.3192268e+01   3.6070557e-02   3.3707619e+01   1.6038261e-01
   3.8236473e+01   1.3775763e+01   3.7521520e-02   3.4839966e+01   1.5958533e-01
   3.8436874e+01   1.4385997e+01   3.6796559e-02   3.5993441e+01   1.6556250e-01
   3.8637275e+01   1.5026576e+01   4.0826620e-02   3.7166288e+01   1.6365041e-01
   3.8837675e+01   1.5684794e+01   3.8301191e-02   3.8347703e+01   1.6738936e-01
   3.9038076e+01   1.6366824e+01   3.7701891e-02   3.9545486e+01   1.6784069e-01
   3.9238477e+01   1.7103553e+01   3.4557305e-02   4.0760226e+01   1.6640329e-01
   3.9438878e+01   1.7878425e+01   3.3279021e-02   4.1977083e+01   1.6810420e-01
   3.9639279e+01   1.8701467e+01   2.2097083e-02   4.3223969e+01   1.6020964e-01
   3.9839679e+01   1.9563861e+01   2.2756750e-02   4.4497808e+01   1.6008538e-01
   4.0040080e+01   2.0477894e+01   1.9408496e-02   4.5796750e+01   1.4758023e-01
   4.0240481e+01   2.1431987e+01   1.8964591e-02   4.7114008e+01   1.4776512e-01
   4.0440882e+01   2.2445522e+01   1.7065572e-02   4.8434506e+01   1.4495577e-01
   4.0641283e+01   2.3514064e+01   1.0824221e-02   4.9753001e+01   1.3536915e-01
   4.0841683e+01   2.4630927e+01   6.8984977e-03   5.1096236e+01   1.3576836e-01
   4.1042084e+01   2.5813943e+01   1.7354221e-03   5.2454751e+01   1.3886105e-01
   4.1242485e+01   2.7087752e+01   7.4440590e-03   5.3826542e+01   1.3378452e-01
   4.1442886e+01   2.8412905e+01   8.5415928e-03   5.5217201e+01   1.3078267e-01
   4.1643287e+01   2.9803031e+01   8.3398538e-03   5.6623687e+01   1.3195513e-01
   4.1843687e+01   3.1289541e+01   8.6872011e-03   5.8029345e+01   1.3309312e-01
   4.2044088e+01   3.2849685e+01   1.5249674e-02   5.9436214e+01   1.3640379e-01
   4.2244489e+01   3.4500737e+01   2.7519893e-02   6.0840053e+01   1.3784762e-01
   4.2444890e+01   3.6250666e+01   4.0644528e-02   6.2232023e+01   1.4631950e-01
   4.2645291e+01   3.8100663e+01   5.4513505e-02   6.3621834e+01   1.5152819e-01
   4.2845691e+01   4.0026342e+01   6.1830677e-02   6.4988585e+01   1.5199324e-01
   4.3046092e+01   4.2050048e+01   7.7219358e-02   6.6339011e+01   1.5692934e-01
   4.3246493e+01   4.4209798e+01   9.3091637e-02   6.7684397e+01   1.4793350e-01
   4.3446894e+01   4.6487238e+01   1.2585951e-01   6.8996664e+01   1.4595714e-01
   4.3647295e+01   4.8884046e+01   1.4267643e-01   7.0287746e+01   1.4288731e-01
   4.3847695e+01   5.1403564e+01   1.6700512e-01   7.1534462e+01   1.5461719e-01
   4.4048096e+01   5.4060858e+01   1.7101429e-01   7.2718984e+01   1.3309072e-01
   4.4248497e+01   5.6854287e+01   1.8911897e-01   7.3859206e+01   1.2900608e-01
   4.4448898e+01   5.9773054e+01   1.9521786e-01   7.4947568e+01   1.2145292e-01
   4.4649299e+01   6.2864218e+01   2.1018181e-01   7.5953538e+01   1.1958586e-01
   4.4849699e+01   6.6122631e+01   2.2233815e-01   7.6829670e+01   9.8768454e-02
   4.5050100e+01   6.9569180e+01   2.3560886e-01   7.7632664e+01   8.1724730e-02
   4.5250501e+01   7.3158901e+01   2.2278604e-01   7.8245280e+01   8.9133818e-02
   4.5450902e+01   7.6905926e+01   2.2255478e-01   7.8696625e+01   7.3286776e-02
   4.5651303e+01   8.0818495e+01   2.1081986e-01   7.8951602e+01   3.4967915e-02
   4.5851703e+01   8.4849431e+01   2.0169107e-01   7.9072728e+01   2.0416568e-02
   4.6052104e+01   8.9008163e+01   1.8207837e-01   7.8933791e+01   7.9141364e-03
   4.6252505e+01   9.3241262e+01   1.7422388e-01   7.8539440e+01   3.0060464e-03
   4.6452906e+01   9.7581757e+01   1.5441365e-01   7.7908985e+01   1.1757721e-02
   4.6653307e+01   1.0200727e+02   1.4318132e-01   7.7019908e+01   1.2885987e-02
   4.6853707e+01   1.0646549e+02   9.5377815e-02   7.5857431e+01   2.2299953e-02
   4.7054108e+01   1.1108347e+02   7.2470043e-02   7.4482768e+01   7.2248118e-03
   4.7254509e+01   1.1576949e+02   2.7285957e-02   7.2745467e+01   2.6896678e-02
   4.7454910e+01   1.2052403e+02   4.9315111e-03   7.0697763e+01   1.9248092e-02
   4.7655311e+01   1.2526827e+02   3.7769766e-02   6.8233623e+01   2.9402578e-02
   4.7855711e+01   1.2992629e+02   9.2066848e-02   6.5343023e+01   3.6963317e-02
   4.8056112e+01   1.3449319e+02   1.1916373e-01   6.1963434e+01   3.3221502e-02
   4.8256513e+01   1.3888473e+02   1.8038705e-01   5.8206632e+01   2.0781253e-02
   4.8456914e+01   1.4309120e+02   2.1269083e-01   5.3959986e+01   1.9221253e-02
   4.8657315e+01   1.4704656e+02   2.6453250e-01   4.9329450e+01   1.4815383e-03
   4.8857715e+01   1.5062317e+02   3.0800647e-01   4.4302777e+01   3.3907344e-02
   4.9058116e+01   1.5386731e+02   3.3764233e-01   3.8951915e+01   3.9006341e-02
   4.9258517e+01   1.5663553e+02   3.3065003e-01   3.3341159e+01   5.0671434e-02
   4.9458918e+01   1.5898750e+02   3.6996612e-01   2.7502169e+01   7.6253837e-02
   4.9659319e+01   1.6075904e+02   3.3394714e-01   2.1486085e+01   1.0285614e-01
   4.9859719e+01   1.6193232e+02   4.0322608e-01   1.5329908e+01   1.2015926e-01
   5.0060120e+01   1.6267505e+02   4.0173521e-01   9.0968738e+00   1.3740131e-01
   5.0260521e+01   1.6297225e+02   4.0858515e-01   2.8618718e+00   1.4453670e-01
   5.0460922e+01   1.6277904e+02   3.8624725e-01  -3.3373694e+00   1.8971865e-01
   5.0661323e+01   1.6210745e+02   3.7407271e-01  -9.3851086e+00   1.8164654e-01
   5.0861723e+01   1.6093574e+02   3.5663846e-01  -1.5246586e+01   1.9016755e-01
   5.1062124e+01   1.5931246e+02   3.5033980e-01  -2.0841437e+01   1.6590303e-01
   5.1262525e+01   1.5727574e+02   3.1447721e-01  -2.6125833e+01   2.3103032e-01
   5.1462926e+01   1.5499295e+02   2.9095552e-01  -3.1238153e+01   2.4073528e-01
   5.1663327e+01   1.5236923e+02   2.6483891e-01  -3.5976999e+01   2.5256027e-01
   5.1863727e+01   1.4941770e+02   2.7056513e-01  -4.0395087e+01   2.5615863e-01
   5.2064128e+01   1.4639530e+02   2.2055430e-01  -4.4558976e+01   2.8665425e-01
   5.2264529e+01   1.4325176e+02   2.0456321e-01  -4.8381305e+01   2.6993542e-01
   5.2464930e+01   1.3990079e+02   1.7148132e-01  -5.1784306e+01   2.8364315e-01
   5.2665331e+01   1.3650029e+02   1.5571912e-01  -5.4897397e+01   2.5151970e-01
   5.2865731e+01   1.3305817e+02   1.5449211e-01  -5.7678995e+01   2.6907802e-01
   5.3066132e+01   1.2959724e+02   1.3166192e-01  -6.0168675e+01   2.7550168e-01
   5.3266533e+01   1.2603197e+02   8.4337611e-02  -6.2325392e+01   2.6679185e-01
   5.3466934e+01   1.2245065e+02   8.2366568e-02  -6.4185163e+01   3.0557324e-01
   5.3667335e+01   1.1896053e+02   5.3564712e-02  -6.5923524e+01   2.6631776e-01
   5.3867735e+01   1.1554680e+02   5.1470746e-02  -6.7441676e+01   2.6683334e-01
   5.4068136e+01   1.1219119e+02   9.6159575e-03  -6.8729413e+01   2.8391122e-01
   5.4268537e+01   1.0896293e+02   3.4475662e-02  -6.9751288e+01   3.1510470e-01
   5.4468938e+01   1.0580949e+02   1.5256234e-02  -7.0580305e+01   3.0126045e-01
   5.4669339e+01   1.0268779e+02   2.3796635e-02  -7.1242841e+01   2.9089588e-01
   5.4869739e+01   9.9705695e+01   2.9931062e-02  -7.1740715e+01   3.1357346e-01
   5.5070140e+01   9.6806100e+01   3.5101589e-02  -7.2091758e+01   3.1640216e-01
   5.5270541e+01   9.3979469e+01   5.4888695e-02  -7.2425637e+01   3.3325188e-01
   5.5470942e+01   9.1252501e+01   6.1956719e-02  -7.2624865e+01   3.3168260e-01
   5.5671343e+01   8.8648242e+01   6.8817214e-02  -7.2756967e+01   3.3274822e-01
   5.5871743e+01   8.6139095e+01   7.0927936e-02  -7.2815580e+01   3.0995148e-01
   5.6072144e+01   8.3707100e+01   4.8959352e-02  -7.2738244e+01   3.0815581e-01
   5.6272545e+01   8.1362069e+01   4.1257969e-02  -7.2538749e+01   3.0243306e-01
   5.6472946e+01   7.9151323e+01   4.5522961e-02  -7.2297601e+01   3.1033937e-01
   5.6673347e+01   7.7012207e+01   5.3880353e-02  -7.1990320e+01   3.1210402e-01
   5.6873747e+01   7.4943773e+01   6.3857586e-02  -7.1687096e+01   3.1253748e-01
   5.7074148e+01   7.2932859e+01   7.2500650e-02  -7.1318188e+01   3.1299388e-01
   5.7274549e+01   7.0980751e+01   5.5577812e-02  -7.0936322e+01   3.0413119e-01
   5.7474950e+01   6.9137194e+01   5.5934802e-02  -7.0502257e+01   3.1591996e-01
   5.7675351e+01   6.7362841e+01   4.2816817e-02  -7.0014678e+01   2.9696592e-01
   5.7875752e+01   6.5677970e+01   3.9308915e-02  -6.9466227e+01   2.9107055e-01
   5.8076152e+01   6.4051944e+01   4.3119801e-02  -6.8911520e+01   2.8180744e-01
   5.8276553e+01   6.2481124e+01   2.9540679e-02  -6.8392177e+01   2.8062918e-01
   5.8476954e+01   6.0975842e+01   3.7495218e-02  -6.7852701e+01   2.7057414e-01
   5.8677355e+01   5.9527212e+01   3.6029765e-02  -6.7299878e+01   2.5412659e-01
   5.8877756e+01   5.8157966e+01   3.8539964e-02  -6.6721844e+01   2.5629816e-01
   5.9078156e+01   5.6840105e+01   3.2439001e-02  -6.6156383e+01   2.3803462e-01
   5.9278557e+01   5.5583914e+01   3.4651686e-02  -6.5535235e+01   2.3596610e-01
   5.9478958e+01   5.4363663e+01   2.4352970e-02  -6.4916553e+01   2.1477863e-01
   5.9679359e+01   5.3176673e+01   2.6676628e-02  -6.4302393e+01   2.0451731e-01
   5.9879760e+01   5.2035074e+01   2.2568892e-02  -6.3706253e+01   1.9669510e-01
   6.0080160e+01   5.0960547e+01   1.8028131e-02  -6.3112424e+01   1.6807204e-01
   6.0280561e+01   4.9944815e+01   6.9029426e-03  -6.2474646e+01   1.6977171e-01
   6.0480962e+01   4.8976321e+01   1.9924853e-03  -6.1849181e+01   1.6245403e-01
   6.0681363e+01   4.8032705e+01   1.2921030e-03  -6.1253392e+01   1.6175138e-01
   6.0881764e+01   4.7076725e+01   1.6702915e-02  -6.0662069e+01   1.5101508e-01
   6.1082164e+01   4.6187680e+01   2.5896343e-02  -6.0050946e+01   1.4148053e-01
   6.1282565e+01   4.5329539e+01   4.1865465e-02  -5.9448908e+01   1.3257375e-01
   6.1482966e+01   4.4504977e+01   4.7619967e-02  -5.8867170e+01   1.2811235e-01
   6.1683367e+01   4.3708990e+01   6.2192458e-02  -5.8245868e+01   1.2601612e-01
   6.1883768e+01   4.2962125e+01   8.0187419e-02  -5.7630889e+01   1.3420958e-01
   6.2084168e+01   4.2222169e+01   9.0999601e-02  -5.7044160e+01   1.4992056e-01
   6.2284569e+01   4.1474685e+01   9.6615800e-02  -5.6464680e+01   1.4828026e-01
   6.2484970e+01   4.0759622e+01   1.1176893e-01  -5.5932128e+01   1.5604656e-01
   6.2685371e+01   4.0070912e+01   1.2802707e-01  -5.5340055e+01   1.7937717e-01
   6.2885772e+01   3.9422732e+01   1.2928049e-01  -5.4761955e+01   1.8977238e-01
   6.3086172e+01   3.8785820e+01   1.3278977e-01  -5.4209027e+01   1.9727408e-01
   6.3286573e+01   3.8167651e+01   1.4112307e-01  -5.3675471e+01   2.3002026e-01
   6.3486974e+01   3.7559162e+01   1.4917358e-01  -5.3149151e+01   2.3835998e-01
   6.3687375e+01   3.6972566e+01   1.4466478e-01  -5.2635365e+01   2.6487640e-01
   6.3887776e+01   3.6398712e+01   1.3713915e-01  -5.2125284e+01   2.7534806e-01
   6.4088176e+01   3.5848646e+01   1.2952081e-01  -5.1566351e+01   2.9914859e-01
   6.4288577e+01   3.5320674e+01   1.1927599e-01  -5.1034426e+01   2.9544798e-01
   6.4488978e+01   3.4818413e+01   1.0695304e-01  -5.0494638e+01   3.2490994e-01
   6.4689379e+01   3.4310746e+01   8.6999672e-02  -5.0008167e+01   3.3237405e-01
   6.4889780e+01   3.3810253e+01   7.4415327e-02  -4.9527891e+01   3.4570559e-01
   6.5090180e+01   3.3332329e+01   5.4355119e-02  -4.9043634e+01   3.5959947e-01
   6.5290581e+01   3.2869605e+01   3.6671592e-02  -4.8574400e+01   3.3726969e-01
   6.5490982e+01   3.2414908e+01   1.3828396e-02  -4.8100295e+01   3.5069258e-01
   6.5691383e+01   3.1959935e+01   2.9441156e-03  -4.7639831e+01   3.3966001e-01
   6.5891784e+01   3.1533596e+01   1.5512995e-02  -4.7187238e+01   3.4133647e-01
   6.6092184e+01   3.1113471e+01   2.9854416e-02  -4.6720889e+01   3.2959158e-01
   6.6292585e+01   3.0691390e+01   4.7176965e-02  -4.6263779e+01   3.1655230e-01
   6.6492986e+01   3.0282208e+01   5.4239957e-02  -4.5798433e+01   3.0645158e-01
   6.6693387e+01   2.9889822e+01   6.1780566e-02  -4.5343854e+01   2.9485531e-01
   6.6893788e+01   2.9499127e+01   6.5012786e-02  -4.4886605e+01   2.9043831e-01
   6.7094188e+01   2.9122942e+01   8.0744788e-02  -4.4441489e+01   2.7497056e-01
   6.7294589e+01   2.8761720e+01   7.8378217e-02  -4.3984911e+01   2.6768565e-01
   6.7494990e+01   2.8408784e+01   7.4103032e-02  -4.3544919e+01   2.5504817e-01
   6.7695391e+01   2.8059737e+01   8.2119272e-02  -4.3109686e+01   2.4252531e-01
   6.7895792e+01   2.7719579e+01   7.4921603e-02  -4.2672623e+01   2.3757456e-01
   6.8096192e+01   2.7397592e+01   8.0318637e-02  -4.2207524e+01   2.2778449e-01
   6.8296593e+01   2.7089992e+01   7.6932959e-02  -4.1746511e+01   2.2522271e-01
   6.8496994e+01   2.6790274e+01   7.1464085e-02  -4.1299141e+01   2.2045053e-01
   6.8697395e+01   2.6465058e+01   6.9137517e-02  -4.0859801e+01   2.0821420e-01
   6.8897796e+01   2.6150621e+01   7.2057671e-02  -4.0416708e+01   2.0378071e-01
   6.9098196e+01   2.5861086e+01   6.1576598e-02  -3.9988534e+01   1.9984538e-01
   6.9298597e+01   2.5580291e+01   5.3459027e-02  -3.9551374e+01   1.9637658e-01
   6.9498998e+01   2.5307306e+01   6.2001415e-02  -3.9107071e+01   1.8708811e-01
   6.9699399e+01   2.5058045e+01   5.5711839e-02  -3.8664946e+01   1.8733975e-01
   6.9899800e+01   2.4800905e+01   4.3825719e-02  -3.8242422e+01   1.8604308e-01
   7.0100200e+01   2.4569398e+01   5.3203144e-02  -3.7818279e+01   1.8051546e-01
   7.0300601e+01   2.4326544e+01   4.7947554e-02  -3.7389755e+01   1.7572758e-01
   7.0501002e+01   2.4086464e+01   4.3652033e-02  -3.6974831e+01   1.7544403e-01
   7.0701403e+01   2.3859458e+01   5.1889169e-02  -3.6576144e+01   1.6886869e-01
   7.0901804e+01   2.3637976e+01   4.5801096e-02  -3.6175128e+01   1.6980638e-01
   7.1102204e+01   2.3419105e+01   4.3362726e-02  -3.5743672e+01   1.6753080e-01
   7.1302605e+01   2.3199828e+01   4.3261940e-02  -3.5318897e+01   1.6767872e-01
   7.1503006e+01   2.3008534e+01   4.4767247e-02  -3.4924785e+01   1.6715840e-01
   7.1703407e+01   2.2823921e+01   4.0069487e-02  -3.4541098e+01   1.6214113e-01
   7.1903808e+01   2.2640164e+01   4.2772564e-02  -3.4151766e+01   1.6394791e-01
   7.2104208e+01   2.2456957e+01   4.3704910e-02  -3.3751057e+01   1.6221418e-01
   7.2304609e+01   2.2264418e+01   4.4651441e-02  -3.3351353e+01   1.6255020e-01
   7.2505010e+01   2.2097752e+01   4.6258063e-02  -3.2973522e+01   1.6096007e-01
   7.2705411e+01   2.1942688e+01   4.8368947e-02  -3.2595274e+01   1.6148738e-01
   7.2905812e+01   2.1781873e+01   4.3894559e-02  -3.2219501e+01   1.6257343e-01
   7.3106212e+01   2.1640604e+01   4.6202410e-02  -3.1841617e+01   1.6685641e-01
   7.3306613e+01   2.1500447e+01   5.1096945e-02  -3.1462920e+01   1.6564196e-01
   7.3507014e+01   2.1363190e+01   4.8775938e-02  -3.1094901e+01   1.6696351e-01
   7.3707415e+01   2.1235281e+01   5.2254475e-02  -3.0733636e+01   1.6729444e-01
   7.3907816e+01   2.1096203e+01   4.4493195e-02  -3.0373552e+01   1.6700156e-01
   7.4108216e+01   2.0966155e+01   4.9729223e-02  -3.0020699e+01   1.7864895e-01
   7.4308617e+01   2.0842398e+01   5.0239798e-02  -2.9657431e+01   1.7451559e-01
   7.4509018e+01   2.0721326e+01   5.0963527e-02  -2.9298939e+01   1.8460136e-01
   7.4709419e+01   2.0610175e+01   4.7239716e-02  -2.8954890e+01   1.7805768e-01
   7.4909820e+01   2.0501389e+01   4.3681294e-02  -2.8602186e+01   1.8245857e-01
   7.5110220e+01   2.0394936e+01   4.1585392e-02  -2.8249789e+01   1.8444514e-01
   7.5310621e+01   2.0286058e+01   4.2118436e-02  -2.7910638e+01   1.8218002e-01
   7.5511022e+01   2.0197132e+01   3.9125543e-02  -2.7567154e+01   1.8144048e-01
   7.5711423e+01   2.0111976e+01   4.0114746e-02  -2.7222084e+01   1.8510143e-01
   7.5911824e+01   2.0026286e+01   3.2919628e-02  -2.6884776e+01   1.8491957e-01
   7.6112224e+01   1.9942030e+01   3.1348673e-02  -2.6558114e+01   1.7754956e-01
   7.6312625e+01   1.9855643e+01   2.8049100e-02  -2.6228469e+01   1.7640416e-01
   7.6513026e+01   1.9776879e+01   2.8766809e-02  -2.5896174e+01   1.7817840e-01
   7.6713427e+01   1.9701266e+01   2.6923480e-02  -2.5563057e+01   1.7837359e-01
   7.6913828e+01   1.9628775e+01   2.2600415e-02  -2.5238244e+01   1.7840792e-01
   7.7114228e+01   1.9573194e+01   2.2257359e-02  -2.4920234e+01   1.8115430e-01
   7.7314629e+01   1.9514516e+01   1.8198491e-02  -2.4606369e+01   1.7798744e-01
   7.7515030e+01   1.9445848e+01   1.5071678e-02  -2.4291709e+01   1.7201166e-01
   7.7715431e+01   1.9387671e+01   1.5685378e-02  -2.3982726e+01   1.6625829e-01
   7.7915832e+01   1.9328730e+01   1.6534266e-02  -2.3664783e+01   1.6699850e-01
   7.8116232e+01   1.9278649e+01   1.6605846e-02  -2.3344308e+01   1.6247722e-01
   7.8316633e+01   1.9228148e+01   1.5955109e-02  -2.3024560e+01   1.5542945e-01
   7.8517034e+01   1.9192962e+01   2.0989977e-02  -2.2715157e+01   1.5956819e-01
   7.8717435e+01   1.9162871e+01   1.7120688e-02  -2.2413769e+01   1.5787278e-01
   7.8917836e+01   1.9123281e+01   1.5244005e-02  -2.2116016e+01   1.5822483e-01
   7.9118236e+01   1.9083756e+01   2.0539990e-02  -2.1821961e+01   1.5433486e-01
   7.9318637e+01   1.9048099e+01   2.0273272e-02  -2.1529436e+01   1.5613254e-01
   7.9519038e+01   1.9023977e+01   2.1076630e-02  -2.1233597e+01   1.5495056e-01
   7.9719439e+01   1.9000155e+01   1.8078179e-02  -2.0939972e+01   1.5283376e-01
   7.9919840e+01   1.8974509e+01   2.4850877e-02  -2.0644487e+01   1.5239485e-01
   8.0120240e+01   1.8940865e+01   2.6356832e-02  -2.0354835e+01   1.5473901e-01
   8.0320641e+01   1.8917579e+01   2.1559490e-02  -2.0075781e+01   1.5592768e-01
   8.0521042e+01   1.8901001e+01   1.4497815e-02  -1.9785188e+01   1.6104895e-01
   8.0721443e+01   1.8887829e+01   2.0629764e-02  -1.9500698e+01   1.6470854e-01
   8.0921844e+01   1.8874417e+01   1.9185926e-02  -1.9225062e+01   1.6685417e-01
   8.1122244e+01   1.8860183e+01   1.2647299e-02  -1.8955598e+01   1.6467296e-01
   8.1322645e+01   1.8858381e+01   1.5704308e-02  -1.8677920e+01   1.6966218e-01
   8.1523046e+01   1.8851942e+01   1.5579435e-02  -1.8409626e+01   1.6829259e-01
   8.1723447e+01   1.8847174e+01   1.6211665e-02  -1.8138251e+01   1.7423468e-01
   8.1923848e+01   1.8836722e+01   1.0451675e-02  -1.7880500e+01   1.7999183e-01
   8.2124248e+01   1.8835444e+01   8.2041483e-03  -1.7618835e+01   1.8247506e-01
   8.2324649e+01   1.8832701e+01   1.8086682e-03  -1.7360112e+01   1.8405106e-01
   8.2525050e+01   1.8844716e+01   4.0972998e-03  -1.7110605e+01   1.9013219e-01
   8.2725451e+01   1.8858185e+01   5.7191308e-03  -1.6862746e+01   1.9145173e-01
   8.2925852e+01   1.8872462e+01   6.8385609e-03  -1.6612726e+01   1.9503579e-01
   8.3126253e+01   1.8885376e+01   9.5408895e-03  -1.6355288e+01   1.9155474e-01
   8.3326653e+01   1.8901818e+01   1.1915267e-02  -1.6108634e+01   1.9860948e-01
   8.3527054e+01   1.8919880e+01   2.1201524e-02  -1.5860756e+01   1.9896366e-01
   8.3727455e+01   1.8945262e+01   2.2280385e-02  -1.5618001e+01   1.9799683e-01
   8.3927856e+01   1.8976340e+01   2.6630864e-02  -1.5374922e+01   1.9736782e-01
   8.4128257e+01   1.9010191e+01   2.7617027e-02  -1.5134786e+01   2.0088707e-01
   8.4328657e+01   1.9055456e+01   2.5516790e-02  -1.4907188e+01   2.0103533e-01
   8.4529058e+01   1.9087340e+01   3.0676532e-02  -1.4685782e+01   2.0411043e-01
   8.4729459e+01   1.9133772e+01   2.8725420e-02  -1.4452923e+01   2.0437379e-01
   8.4929860e+01   1.9175057e+01   2.8253058e-02  -1.4227043e+01   2.0027579e-01
   8.5130261e+01   1.9211792e+01   2.7928642e-02  -1.4000568e+01   2.0333587e-01
   8.5330661e+01   1.9253405e+01   3.0838526e-02  -1.3783048e+01   2.0275604e-01
   8.5531062e+01   1.9303650e+01   2.9205934e-02  -1.3560926e+01   2.0785726e-01
   8.5731463e+01   1.9355650e+01   2.6828431e-02  -1.3347908e+01   2.1324077e-01
   8.5931864e+01   1.9403306e+01   2.8388639e-02  -1.3143008e+01   2.1855486e-01
   8.6132265e+01   1.9464395e+01   2.6372503e-02  -1.2943749e+01   2.1979000e-01
   8.6332665e+01   1.9523682e+01   1.9797241e-02  -1.2744909e+01   2.2285111e-01
   8.6533066e+01   1.9570735e+01   1.9602268e-02  -1.2544899e+01   2.2637556e-01
   8.6733467e+01   1.9624938e+01   1.1957579e-02  -1.2362245e+01   2.3359529e-01
   8.6933868e+01   1.9674588e+01   1.0370602e-02  -1.2174547e+01   2.4252810e-01
   8.7134269e+01   1.9719682e+01   6.4352565e-03  -1.1992600e+01   2.4261663e-01
   8.7334669e+01   1.9762039e+01   1.3214182e-03  -1.1820369e+01   2.5360568e-01
   8.7535070e+01   1.9799385e+01   8.7158148e-03  -1.1658548e+01   2.4867468e-01
   8.7735471e+01   1.9830089e+01   1.9783499e-02  -1.1492590e+01   2.6163998e-01
   8.7935872e+01   1.9870174e+01   2.8884817e-02  -1.1323546e+01   2.5825793e-01
   8.8136273e+01   1.9889786e+01   3.6278288e-02  -1.1146632e+01   2.6273330e-01
   8.8336673e+01   1.9903344e+01   4.6053524e-02  -1.0968650e+01   2.5955924e-01
   8.8537074e+01   1.9913022e+01   5.0061003e-02  -1.0792820e+01   2.5223065e-01
   8.8737475e+01   1.9919702e+01   4.4028395e-02  -1.0608365e+01   2.4714011e-01
   8.8937876e+01   1.9933739e+01   5.5842801e-02  -1.0414241e+01   2.4855305e-01
   8.9138277e+01   1.9955322e+01   5.3064090e-02  -1.0229327e+01   2.4328046e-01
   8.9338677e+01   1.9977418e+01   5.1909314e-02  -1.0041102e+01   2.3644907e-01
   8.9539078e+01   2.0006227e+01   4.6848051e-02  -9.8535238e+00   2.3619210e-01
   8.9739479e+01   2.0033974e+01   5.2134566e-02  -9.6716841e+00   2.2710255e-01
   8.9939880e+01   2.0069085e+01   3.6193832e-02  -9.4798590e+00   2.2553785e-01
   9.0140281e+01   2.0116424e+01   4.1673923e-02  -9.2940679e+00   2.1566541e-01
   9.0340681e+01   2.0162621e+01   3.6426591e-02  -9.1095938e+00   2.1691393e-01
   9.0541082e+01   2.0198402e+01   4.3772247e-02  -8.9261810e+00   2.1035751e-01
   9.0741483e+01   2.0250764e+01   3.2862016e-02  -8.7532069e+00   2.0735247e-01
   9.0941884e+01   2.0305820e+01   3.3749406e-02  -8.5712738e+00   2.0061015e-01
   9.1142285e+01   2.0379754e+01   3.3989755e-02  -8.3909996e+00   1.9487326e-01
   9.1342685e+01   2.0445715e+01   3.3809137e-02  -8.2160624e+00   1.9648107e-01
   9.1543086e+01   2.0509819e+01   3.4380218e-02  -8.0483875e+00   1.8972259e-01
   9.1743487e+01   2.0579296e+01   2.8997373e-02  -7.8818976e+00   1.8249674e-01
   9.1943888e+01   2.0651928e+01   3.3409206e-02  -7.7043595e+00   1.8513226e-01
   9.2144289e+01   2.0726221e+01   2.8701915e-02  -7.5366420e+00   1.8475881e-01
   9.2344689e+01   2.0796866e+01   3.3777273e-02  -7.3768482e+00   1.7862772e-01
   9.2545090e+01   2.0882156e+01   3.2273615e-02  -7.2287527e+00   1.7754956e-01
   9.2745491e+01   2.0954215e+01   3.1253065e-02  -7.0690379e+00   1.8030757e-01
   9.2945892e+01   2.1040606e+01   3.9359467e-02  -6.9296433e+00   1.7151922e-01
   9.3146293e+01   2.1107225e+01   3.9213488e-02  -6.7703354e+00   1.6630898e-01
   9.3346693e+01   2.1193041e+01   3.9476235e-02  -6.6274782e+00   1.7648147e-01
   9.3547094e+01   2.1275599e+01   4.3373284e-02  -6.4893600e+00   1.7723412e-01
   9.3747495e+01   2.1365210e+01   4.6430287e-02  -6.3431564e+00   1.7475700e-01
   9.3947896e+01   2.1439332e+01   4.5226123e-02  -6.2005095e+00   1.7739420e-01
   9.4148297e+01   2.1528143e+01   4.4094557e-02  -6.0607747e+00   1.7816336e-01
   9.4348697e+01   2.1620343e+01   4.7987055e-02  -5.9308460e+00   1.8366296e-01
   9.4549098e+01   2.1716765e+01   4.8504080e-02  -5.7943281e+00   1.8565730e-01
   9.4749499e+01   2.1795180e+01   5.0034485e-02  -5.6658417e+00   1.8872776e-01
   9.4949900e+01   2.1872995e+01   4.7900595e-02  -5.5433280e+00   1.8800919e-01
   9.5150301e+01   2.1954524e+01   4.4289873e-02  -5.4130834e+00   1.8927389e-01
   9.5350701e+01   2.2037670e+01   4.2442329e-02  -5.2924493e+00   1.8991388e-01
   9.5551102e+01   2.2122015e+01   4.0373448e-02  -5.1687732e+00   1.9695661e-01
   9.5751503e+01   2.2197649e+01   3.7465579e-02  -5.0558507e+00   1.9842700e-01
   9.5951904e+01   2.2275983e+01   3.2532459e-02  -4.9439354e+00   2.0271995e-01
   9.6152305e+01   2.2358254e+01   3.3839938e-02  -4.8337955e+00   2.0056557e-01
   9.6352705e+01   2.2445296e+01   3.2193624e-02  -4.7328894e+00   1.9864600e-01
   9.6553106e+01   2.2517690e+01   3.0269323e-02  -4.6308703e+00   2.0313008e-01
   9.6753507e+01   2.2604008e+01   2.6791803e-02  -4.5376050e+00   1.9827912e-01
   9.6953908e+01   2.2688471e+01   1.9308591e-02  -4.4393640e+00   1.9929679e-01
   9.7154309e+01   2.2770364e+01   1.5973042e-02  -4.3452256e+00   1.9932056e-01
   9.7354709e+01   2.2855356e+01   1.8478674e-02  -4.2587627e+00   1.8952281e-01
   9.7555110e+01   2.2929319e+01   8.1053090e-03  -4.1755639e+00   1.9148930e-01
   9.7755511e+01   2.3016024e+01   7.0683099e-03  -4.0987465e+00   1.8978996e-01
   9.7955912e+01   2.3097726e+01   6.5077897e-03  -4.0228954e+00   1.9180711e-01
   9.8156313e+01   2.3175046e+01   5.5439742e-03  -3.9547428e+00   1.8509017e-01
   9.8356713e+01   2.3246361e+01   2.2114796e-03  -3.8858358e+00   1.8074620e-01
   9.8557114e+01   2.3317571e+01   1.9215073e-03  -3.8147396e+00   1.8435551e-01
   9.8757515e+01   2.3394238e+01   1.1356896e-03  -3.7398947e+00   1.7632209e-01
   9.8957916e+01   2.3468911e+01   4.2540477e-03  -3.6732282e+00   1.7305521e-01
   9.9158317e+01   2.3532977e+01   9.7251722e-04  -3.6088560e+00   1.7083438e-01
   9.9358717e+01   2.3610144e+01   8.1839804e-03  -3.5456615e+00   1.6689774e-01
   9.9559118e+01   2.3687384e+01   1.0114495e-02  -3.4888724e+00   1.6415246e-01
   9.9759519e+01   2.3749281e+01   7.3528578e-03  -3.4376653e+00   1.6178830e-01
   9.9959920e+01   2.3817842e+01   5.9274759e-03  -3.3873016e+00   1.5925782e-01
   1.0016032e+02   2.3878916e+01   1.9468432e-02  -3.3351974e+00   1.7001524e-01
   1.0036072e+02   2.3930760e+01   1.4309301e-02  -3.2696815e+00   1.6591930e-01
   1.0056112e+02   2.4006648e+01   3.1016549e-02  -3.2165545e+00   1.6308858e-01
   1.0076152e+02   2.4046595e+01   1.8653362e-02  -3.1689428e+00   1.7245648e-01
   1.0096192e+02   2.4103461e+01   2.7518818e-02  -3.1283626e+00   1.7273579e-01
   1.0116232e+02   2.4152589e+01   3.8190318e-02  -3.0829506e+00   1.7314085e-01
   1.0136272e+02   2.4203643e+01   3.8281914e-02  -3.0391188e+00   1.7295532e-01
   1.0156313e+02   2.4241475e+01   3.1682052e-02  -3.0014242e+00   1.7266485e-01
   1.0176353e+02   2.4284549e+01   3.9176451e-02  -2.9577347e+00   1.7919253e-01
   1.0196393e+02   2.4321552e+01   4.3967756e-02  -2.9061391e+00   1.8793510e-01
   1.0216433e+02   2.4353915e+01   4.1475981e-02  -2.8600238e+00   1.9333837e-01
   1.0236473e+02   2.4383549e+01   3.0260635e-02  -2.8197623e+00   1.9285409e-01
   1.0256513e+02   2.4407905e+01   3.9319210e-02  -2.7711491e+00   1.9069247e-01
   1.0276553e+02   2.4428347e+01   3.2126037e-02  -2.7356342e+00   2.0010359e-01
   1.0296593e+02   2.4445113e+01   3.7708253e-02  -2.6832405e+00   1.9809386e-01
   1.0316633e+02   2.4457123e+01   3.2816467e-02  -2.6489149e+00   2.0506849e-01
   1.0336673e+02   2.4474331e+01   3.9992243e-02  -2.6005004e+00   2.0860708e-01
   1.0356713e+02   2.4472229e+01   2.6425854e-02  -2.5536797e+00   2.1327977e-01
   1.0376753e+02   2.4488335e+01   3.8511971e-02  -2.5037780e+00   2.1517066e-01
   1.0396794e+02   2.4481475e+01   1.8265724e-02  -2.4540459e+00   2.1240203e-01
   1.0416834e+02   2.4477603e+01   1.8960475e-02  -2.4178907e+00   2.1328257e-01
   1.0436874e+02   2.4462861e+01   5.4176931e-03  -2.3671628e+00   2.1104141e-01
   1.0456914e+02   2.4444107e+01   3.6863133e-03  -2.3289225e+00   2.0636266e-01
   1.0476954e+02   2.4441645e+01   1.7451722e-03  -2.2722690e+00   2.0781733e-01
   1.0496994e+02   2.4425991e+01   3.4329971e-04  -2.2010307e+00   2.1184118e-01
   1.0517034e+02   2.4405963e+01   5.8342247e-03  -2.1467056e+00   2.0650966e-01
   1.0537074e+02   2.4377028e+01   5.2068605e-03  -2.0843913e+00   2.0325241e-01
   1.0557114e+02   2.4359929e+01   1.0095909e-02  -2.0197208e+00   1.9999660e-01
   1.0577154e+02   2.4337524e+01   1.5112535e-02  -1.9387820e+00   2.0706293e-01
   1.0597194e+02   2.4313006e+01   1.2580919e-02  -1.8795582e+00   1.9284666e-01
   1.0617235e+02   2.4280565e+01   1.2467625e-02  -1.8013304e+00   1.9297573e-01
   1.0637275e+02   2.4248548e+01   2.3646175e-02  -1.7184069e+00   1.9472743e-01
   1.0657315e+02   2.4215002e+01   1.5950413e-02  -1.6389074e+00   1.8612030e-01
   1.0677355e+02   2.4179403e+01   1.6507003e-02  -1.5545475e+00   1.9006522e-01
   1.0697395e+02   2.4134057e+01   2.3084199e-02  -1.4596009e+00   1.8215846e-01
   1.0717435e+02   2.4099843e+01   1.7065261e-02  -1.3673268e+00   1.8320332e-01
   1.0737475e+02   2.4065786e+01   1.3350412e-02  -1.2622617e+00   1.8375028e-01
   1.0757515e+02   2.4023012e+01   2.1874191e-02  -1.1631410e+00   1.7433722e-01
   1.0777555e+02   2.3978481e+01   1.5851170e-02  -1.0496230e+00   1.8179132e-01
   1.0797595e+02   2.3938423e+01   1.3936702e-02  -9.4469981e-01   1.7693678e-01
   1.0817635e+02   2.3902337e+01   1.6026267e-02  -8.2421751e-01   1.8295672e-01
   1.0837675e+02   2.3862454e+01   1.5522334e-02  -6.9831860e-01   1.8533274e-01
   1.0857715e+02   2.3822271e+01   1.9598785e-02  -5.7282701e-01   1.8269399e-01
   1.0877755e+02   2.3793088e+01   1.3056478e-02  -4.2397830e-01   1.8420677e-01
   1.0897796e+02   2.3749656e+01   1.8389529e-02  -2.8808691e-01   1.8697706e-01
   1.0917836e+02   2.3720273e+01   1.8251108e-02  -1.3003558e-01   1.8798869e-01
   1.0937876e+02   2.3688546e+01   1.6824513e-02   1.8671803e-02   1.9037681e-01
   1.0957916e+02   2.3657679e+01   1.8952652e-02   1.8155940e-01   1.9646221e-01
   1.0977956e+02   2.3625352e+01   2.5277704e-02   3.4148377e-01   1.9406855e-01
   1.0997996e+02   2.3605593e+01   2.6653754e-02   5.0164651e-01   2.0168657e-01
   1.1018036e+02   2.3586939e+01   2.7689916e-02   6.7212396e-01   2.0348883e-01
   1.1038076e+02   2.3574757e+01   2.7861022e-02   8.4802258e-01   2.0225894e-01
   1.1058116e+02   2.3562934e+01   3.1952769e-02   1.0250335e+00   2.0009755e-01
   1.1078156e+02   2.3557335e+01   3.2345273e-02   1.1980297e+00   2.0238527e-01
   1.1098196e+02   2.3557395e+01   4.0998893e-02   1.3835799e+00   2.0342500e-01
   1.1118237e+02   2.3562099e+01   4.1261826e-02   1.5666889e+00   2.0852120e-01
   1.1138277e+02   2.3555226e+01   4.7289538e-02   1.7517128e+00   2.1345144e-01
   1.1158317e+02   2.3567393e+01   4.8125617e-02   1.9392126e+00   2.0522032e-01
   1.1178357e+02   2.3580492e+01   4.9978112e-02   2.1350335e+00   2.0965851e-01
   1.1198397e+02   2.3596038e+01   5.5443462e-02   2.3301097e+00   2.1937852e-01
   1.1218437e+02   2.3616935e+01   5.8332540e-02   2.5370913e+00   2.1063727e-01
   1.1238477e+02   2.3638992e+01   5.8470516e-02   2.7351716e+00   2.1170555e-01
   1.1258517e+02   2.3672094e+01   6.2588822e-02   2.9413134e+00   2.1838206e-01
   1.1278557e+02   2.3701656e+01   6.8474462e-02   3.1488940e+00   2.1967929e-01
   1.1298597e+02   2.3733235e+01   7.3960310e-02   3.3617730e+00   2.2231824e-01
   1.1318637e+02   2.3776973e+01   7.4511183e-02   3.5738098e+00   2.3162742e-01
   1.1338677e+02   2.3816658e+01   7.6953885e-02   3.7900576e+00   2.3210305e-01
   1.1358717e+02   2.3863200e+01   7.8908472e-02   4.0139777e+00   2.3968124e-01
   1.1378758e+02   2.3914037e+01   7.9823829e-02   4.2328967e+00   2.4795852e-01
   1.1398798e+02   2.3973208e+01   8.2875769e-02   4.4602366e+00   2.5804786e-01
   1.1418838e+02   2.4029653e+01   8.0953141e-02   4.6862991e+00   2.6006334e-01
   1.1438878e+02   2.4096901e+01   7.2403438e-02   4.9168513e+00   2.7644951e-01
   1.1458918e+02   2.4156202e+01   7.4021675e-02   5.1506308e+00   2.8830583e-01
   1.1478958e+02   2.4237665e+01   6.6827405e-02   5.3906190e+00   3.0638823e-01
   1.1498998e+02   2.4305085e+01   6.5709678e-02   5.6323143e+00   3.2178433e-01
   1.1519038e+02   2.4393203e+01   5.9198214e-02   5.8709697e+00   3.2239375e-01
   1.1539078e+02   2.4490588e+01   4.1344870e-02   6.1233883e+00   3.3459672e-01
   1.1559118e+02   2.4584506e+01   3.3573497e-02   6.3692337e+00   3.4932607e-01
   1.1579158e+02   2.4693765e+01   2.1762768e-02   6.6132040e+00   3.5536820e-01
   1.1599198e+02   2.4804481e+01   5.0043617e-03   6.8724836e+00   3.5708021e-01
   1.1619239e+02   2.4925509e+01   6.8401781e-03   7.1208975e+00   3.6313209e-01
   1.1639279e+02   2.5055302e+01   2.1175078e-02   7.3835204e+00   3.6472858e-01
   1.1659319e+02   2.5192730e+01   3.2801636e-02   7.6454922e+00   3.6889619e-01
   1.1679359e+02   2.5343088e+01   4.4377896e-02   7.9133389e+00   3.6251014e-01
   1.1699399e+02   2.5502094e+01   5.9429336e-02   8.1746988e+00   3.5989911e-01
   1.1719439e+02   2.5661361e+01   6.3004722e-02   8.4368203e+00   3.5303497e-01
   1.1739479e+02   2.5836642e+01   6.6506461e-02   8.7042742e+00   3.5290123e-01
   1.1759519e+02   2.6021694e+01   6.9026202e-02   8.9650023e+00   3.4078467e-01
   1.1779559e+02   2.6218255e+01   7.2977416e-02   9.2327322e+00   3.2594892e-01
   1.1799599e+02   2.6414458e+01   7.5127691e-02   9.5203384e+00   3.2917608e-01
   1.1819639e+02   2.6630753e+01   7.1680801e-02   9.7964110e+00   3.1307690e-01
   1.1839679e+02   2.6861758e+01   7.2342136e-02   1.0078243e+01   3.1175529e-01
   1.1859719e+02   2.7100774e+01   6.9678546e-02   1.0360892e+01   3.0693232e-01
   1.1879760e+02   2.7354694e+01   7.7066254e-02   1.0644664e+01   3.0206834e-01
   1.1899800e+02   3.1488498e-01   2.7755576e-17   2.2907318e+01   3.5527137e-15
   1.1919840e+02   3.1108328e-01   2.7755576e-17   2.2784538e+01   3.5527137e-15
   1.1939880e+02   3.0728480e-01   0.0000000e+00   2.2662001e+01   0.0000000e+00
   1.1959920e+02   3.0348956e-01   2.7755576e-17   2.2539705e+01   1.7763568e-15
   1.1979960e+02   2.9969750e-01   0.0000000e+00   2.2417647e+01   3.5527137e-15
   1.2000000e+02   2.9590864e-01   0.0000000e+00   2.2295826e+01   3.5527137e-15
