   2.0000000e+01   2.3240286e+00   1.9453126e-02  -3.9619619e+01   1.2649489e-01
   2.0200401e+01   2.2615557e+00   1.8883640e-02  -3.8732578e+01   1.2506510e-01
   2.0400802e+01   2.1992130e+00   2.0736460e-02  -3.7892737e+01   1.2116353e-01
   2.0601202e+01   2.1538124e+00   2.0397938e-02  -3.7054821e+01   1.1752200e-01
   2.0801603e+01   2.1205635e+00   1.9763977e-02  -3.6214785e+01   1.1755602e-01
   2.1002004e+01   2.1107309e+00   1.9482055e-02  -3.5363487e+01   1.1325825e-01
   2.1202405e+01   2.1089084e+00   1.9465511e-02  -3.4532786e+01   1.1122551e-01
   2.1402806e+01   2.0956261e+00   1.9189669e-02  -3.3700075e+01   1.0624350e-01
   2.1603206e+01   2.0615527e+00   1.8570075e-02  -3.2870539e+01   1.0495456e-01
   2.1803607e+01   2.0358246e+00   1.1828350e-02  -3.2048695e+01   1.0145264e-01
   2.2004008e+01   2.0139400e+00   1.2625282e-02  -3.1250797e+01   9.9950272e-02
   2.2204409e+01   1.9783028e+00   9.0022273e-03  -3.0440775e+01   9.7943846e-02
   2.2404810e+01   1.9470448e+00   8.5726433e-03  -2.9644468e+01   9.9722905e-02
   2.2605210e+01   1.9345118e+00   1.2166220e-02  -2.8849832e+01   1.0376253e-01
   2.2805611e+01   1.9234865e+00   8.3623540e-03  -2.8072952e+01   1.0566090e-01
   2.3006012e+01   1.8939777e+00   3.5375086e-03  -2.7320789e+01   1.0711229e-01
   2.3206413e+01   1.8863612e+00   4.1092581e-03  -2.6567030e+01   1.0894521e-01
   2.3406814e+01   1.8837126e+00   3.7770434e-03  -2.5809131e+01   1.1248692e-01
   2.3607214e+01   1.8866739e+00   5.1578097e-03  -2.5053400e+01   1.1467415e-01
   2.3807615e+01   1.8911244e+00   3.8284094e-03  -2.4302396e+01   1.1537388e-01
   2.4008016e+01   1.8925490e+00   3.8389667e-03  -2.3571753e+01   1.1720052e-01
   2.4208417e+01   1.8947476e+00   3.4097785e-03  -2.2835614e+01   1.1646063e-01
   2.4408818e+01   1.9036152e+00   3.7882707e-03  -2.2109933e+01   1.1515985e-01
   2.4609218e+01   1.9224617e+00   7.3923028e-03  -2.1367712e+01   1.1282948e-01
   2.4809619e+01   1.9285682e+00   7.2491578e-03  -2.0621614e+01   1.1036332e-01
   2.5010020e+01   1.9271014e+00   7.2289467e-03  -1.9886258e+01   1.0696200e-01
   2.5210421e+01   1.9407201e+00   7.0420671e-03  -1.9150348e+01   1.0170375e-01
   2.5410822e+01   1.9536060e+00   7.7589605e-03  -1.8425166e+01   9.4048635e-02
   2.5611222e+01   1.9713864e+00   8.8411256e-03  -1.7704998e+01   9.0107830e-02
   2.5811623e+01   1.9891548e+00   5.2439012e-03  -1.6988461e+01   8.3598522e-02
   2.6012024e+01   2.0164904e+00   4.1426027e-03  -1.6255089e+01   7.9172128e-02
   2.6212425e+01   2.0466374e+00   3.4434051e-03  -1.5527303e+01   7.5625285e-02
   2.6412826e+01   2.0828619e+00   1.5606040e-03  -1.4805655e+01   7.0039741e-02
   2.6613226e+01   2.1233669e+00   1.4895178e-03  -1.4084756e+01   7.0238675e-02
   2.6813627e+01   2.1565072e+00   5.0202181e-03  -1.3365878e+01   7.0168086e-02
   2.7014028e+01   2.1809700e+00   6.8820620e-03  -1.2656191e+01   7.1415536e-02
   2.7214429e+01   2.2102255e+00   1.0561000e-02  -1.1946659e+01   7.3952569e-02
   2.7414830e+01   2.2372484e+00   1.0589900e-02  -1.1235443e+01   7.7291212e-02
   2.7615230e+01   2.2768181e+00   1.5079480e-02  -1.0526591e+01   8.3179233e-02
   2.7815631e+01   2.3240798e+00   1.7711673e-02  -9.8100206e+00   9.1283372e-02
   2.8016032e+01   2.3718615e+00   1.8821737e-02  -9.0981508e+00   9.8310764e-02
   2.8216433e+01   2.4195736e+00   2.0282934e-02  -8.3820905e+00   1.0621862e-01
   2.8416834e+01   2.4748682e+00   2.0860745e-02  -7.6661305e+00   1.1398486e-01
   2.8617234e+01   2.5388473e+00   2.1056894e-02  -6.9497858e+00   1.2117015e-01
   2.8817635e+01   2.6036213e+00   2.1218841e-02  -6.2223629e+00   1.2898611e-01
   2.9018036e+01   2.6743123e+00   1.9399051e-02  -5.4956691e+00   1.3526490e-01
   2.9218437e+01   2.7457214e+00   1.6202724e-02  -4.7561961e+00   1.3902059e-01
   2.9418838e+01   2.8126610e+00   1.5442714e-02  -4.0177356e+00   1.3969573e-01
   2.9619238e+01   2.8766853e+00   1.1674715e-02  -3.2971032e+00   1.4346004e-01
   2.9819639e+01   2.9461316e+00   9.7868033e-03  -2.5698115e+00   1.4191433e-01
   3.0020040e+01   3.0160756e+00   9.5111565e-03  -1.8354286e+00   1.3976255e-01
   3.0220441e+01   3.0973884e+00   9.0750468e-03  -1.1043635e+00   1.3675862e-01
   3.0420842e+01   3.1980115e+00   7.8045038e-03  -3.7807722e-01   1.3312517e-01
   3.0621242e+01   3.3179190e+00   9.7726701e-03   3.6623047e-01   1.2853929e-01
   3.0821643e+01   3.4326150e+00   1.0029635e-02   1.1322745e+00   1.2493065e-01
   3.1022044e+01   3.5445891e+00   1.1254418e-02   1.9201328e+00   1.2303141e-01
   3.1222445e+01   3.6408992e+00   1.2282295e-02   2.7233177e+00   1.1957092e-01
   3.1422846e+01   3.7364591e+00   1.5929735e-02   3.5186811e+00   1.2117921e-01
   3.1623246e+01   3.8348238e+00   1.7691271e-02   4.3093455e+00   1.2182713e-01
   3.1823647e+01   3.9235841e+00   2.0335271e-02   5.0918408e+00   1.2421645e-01
   3.2024048e+01   4.0125685e+00   2.4985557e-02   5.8791988e+00   1.2822610e-01
   3.2224449e+01   4.1157605e+00   2.7236423e-02   6.6560142e+00   1.3484264e-01
   3.2424850e+01   4.2237416e+00   3.1353391e-02   7.4216522e+00   1.4465419e-01
   3.2625251e+01   4.3532527e+00   3.7540483e-02   8.2065951e+00   1.5183966e-01
   3.2825651e+01   4.5008236e+00   3.7053105e-02   8.9861857e+00   1.6584644e-01
   3.3026052e+01   4.6683175e+00   3.8933930e-02   9.7654105e+00   1.7577000e-01
   3.3226453e+01   4.8460948e+00   3.9759656e-02   1.0564735e+01   1.8632167e-01
   3.3426854e+01   5.0425053e+00   3.8649657e-02   1.1378707e+01   1.9917878e-01
   3.3627255e+01   5.2398825e+00   3.7197309e-02   1.2213490e+01   2.0726442e-01
   3.3827655e+01   5.4404075e+00   3.3424703e-02   1.3079584e+01   2.1447554e-01
   3.4028056e+01   5.6436394e+00   2.8934049e-02   1.3939234e+01   2.2112097e-01
   3.4228457e+01   5.8626672e+00   2.5457812e-02   1.4827510e+01   2.2203451e-01
   3.4428858e+01   6.0865881e+00   2.0197761e-02   1.5706031e+01   2.2255430e-01
   3.4629259e+01   6.3075364e+00   1.4643216e-02   1.6598571e+01   2.1890421e-01
   3.4829659e+01   6.5221759e+00   1.1050283e-02   1.7500275e+01   2.1178951e-01
   3.5030060e+01   6.7276712e+00   9.5755649e-03   1.8397824e+01   2.0474622e-01
   3.5230461e+01   6.9783375e+00   7.5357857e-03   1.9289216e+01   1.9090393e-01
   3.5430862e+01   7.2391455e+00   5.5217268e-03   2.0187309e+01   1.8191913e-01
   3.5631263e+01   7.5415667e+00   8.1544257e-03   2.1094795e+01   1.7217216e-01
   3.5831663e+01   7.8728716e+00   1.0062299e-02   2.2033504e+01   1.6245452e-01
   3.6032064e+01   8.2092930e+00   1.3424315e-02   2.3006075e+01   1.5168686e-01
   3.6232465e+01   8.5624176e+00   1.9444304e-02   2.4023215e+01   1.4913217e-01
   3.6432866e+01   8.9235979e+00   2.7271337e-02   2.5039837e+01   1.4552474e-01
   3.6633267e+01   9.2881814e+00   3.6743966e-02   2.6090929e+01   1.4714354e-01
   3.6833667e+01   9.6614300e+00   4.5552940e-02   2.7165548e+01   1.5468460e-01
   3.7034068e+01   1.0023966e+01   5.8447954e-02   2.8252753e+01   1.6116631e-01
   3.7234469e+01   1.0394550e+01   6.8910785e-02   2.9342224e+01   1.7618852e-01
   3.7434870e+01   1.0784103e+01   7.9864520e-02   3.0415767e+01   1.9730094e-01
   3.7635271e+01   1.1188157e+01   9.0500598e-02   3.1491149e+01   2.1826333e-01
   3.7835671e+01   1.1655950e+01   9.8045804e-02   3.2598020e+01   2.5096400e-01
   3.8036072e+01   1.2168101e+01   1.1405513e-01   3.3692866e+01   2.7850419e-01
   3.8236473e+01   1.2702754e+01   1.1965505e-01   3.4762920e+01   3.0111794e-01
   3.8436874e+01   1.3266668e+01   1.2680954e-01   3.5876913e+01   3.2509023e-01
   3.8637275e+01   1.3878696e+01   1.2560495e-01   3.6993086e+01   3.4188867e-01
   3.8837675e+01   1.4527900e+01   1.2338725e-01   3.8164935e+01   3.6247980e-01
   3.9038076e+01   1.5217982e+01   1.1776396e-01   3.9371209e+01   3.7759426e-01
   3.9238477e+01   1.5921579e+01   1.1307107e-01   4.0634458e+01   3.8793155e-01
   3.9438878e+01   1.6640434e+01   1.0271831e-01   4.1926379e+01   3.9020286e-01
   3.9639279e+01   1.7353220e+01   9.2245921e-02   4.3200509e+01   3.9095918e-01
   3.9839679e+01   1.8095370e+01   7.9749525e-02   4.4480135e+01   3.8121049e-01
   4.0040080e+01   1.8866843e+01   6.3432656e-02   4.5788460e+01   3.7022153e-01
   4.0240481e+01   1.9710439e+01   6.1997340e-02   4.7064182e+01   3.5308933e-01
   4.0440882e+01   2.0628480e+01   5.8786845e-02   4.8363766e+01   3.3544972e-01
   4.0641283e+01   2.1630927e+01   5.3043197e-02   4.9694190e+01   3.0976478e-01
   4.0841683e+01   2.2686643e+01   6.1244041e-02   5.1062485e+01   2.9561970e-01
   4.1042084e+01   2.3803039e+01   6.9406526e-02   5.2453736e+01   2.7114573e-01
   4.1242485e+01   2.4961588e+01   9.1430202e-02   5.3880114e+01   2.5881026e-01
   4.1442886e+01   2.6194137e+01   1.1126867e-01   5.5321344e+01   2.4724447e-01
   4.1643287e+01   2.7483329e+01   1.4475694e-01   5.6798921e+01   2.4133861e-01
   4.1843687e+01   2.8874313e+01   1.8570997e-01   5.8293468e+01   2.4459409e-01
   4.2044088e+01   3.0307451e+01   2.3657010e-01   5.9835006e+01   2.5180925e-01
   4.2244489e+01   3.1816428e+01   2.8709424e-01   6.1353675e+01   2.7901396e-01
   4.2444890e+01   3.3402376e+01   3.3858514e-01   6.2867687e+01   3.0103480e-01
   4.2645291e+01   3.5101491e+01   3.8668134e-01   6.4413059e+01   3.2873802e-01
   4.2845691e+01   3.6872294e+01   4.5138472e-01   6.5922828e+01   3.8173918e-01
   4.3046092e+01   3.8731398e+01   5.0941482e-01   6.7468533e+01   4.1911607e-01
   4.3246493e+01   4.0732507e+01   5.6306687e-01   6.8984184e+01   4.6861958e-01
   4.3446894e+01   4.2856171e+01   6.1502002e-01   7.0485633e+01   5.2408534e-01
   4.3647295e+01   4.5117571e+01   6.5083453e-01   7.1964029e+01   5.7339566e-01
   4.3847695e+01   4.7512048e+01   6.9675956e-01   7.3436101e+01   6.0924025e-01
   4.4048096e+01   5.0030523e+01   7.0981572e-01   7.4850792e+01   6.5129027e-01
   4.4248497e+01   5.2687440e+01   7.3242672e-01   7.6272619e+01   6.7828128e-01
   4.4448898e+01   5.5499868e+01   7.3872742e-01   7.7677174e+01   7.0205868e-01
   4.4649299e+01   5.8427434e+01   7.3569921e-01   7.9051229e+01   7.1705644e-01
   4.4849699e+01   6.1534522e+01   7.3709248e-01   8.0260890e+01   7.1013106e-01
   4.5050100e+01   6.4799619e+01   7.2309260e-01   8.1363644e+01   7.0483232e-01
   4.5250501e+01   6.8253392e+01   7.1401138e-01   8.2359571e+01   6.5679061e-01
   4.5450902e+01   7.1879055e+01   7.1102751e-01   8.3257833e+01   5.9631471e-01
   4.5651303e+01   7.5728370e+01   6.9407696e-01   8.4065870e+01   5.4245952e-01
   4.5851703e+01   7.9726656e+01   6.9874110e-01   8.4698215e+01   4.6143511e-01
   4.6052104e+01   8.3905106e+01   7.1206821e-01   8.5190114e+01   3.6701610e-01
   4.6252505e+01   8.8283131e+01   7.3519867e-01   8.5490772e+01   2.7453776e-01
   4.6452906e+01   9.2827282e+01   7.8227962e-01   8.5518200e+01   1.9636725e-01
   4.6653307e+01   9.7461935e+01   8.5992268e-01   8.5288769e+01   9.9227923e-02
   4.6853707e+01   1.0226996e+02   9.3832513e-01   8.4714089e+01   1.2194336e-01
   4.7054108e+01   1.0729677e+02   1.0540471e+00   8.3771953e+01   2.1465070e-01
   4.7254509e+01   1.1238524e+02   1.1871388e+00   8.2496837e+01   4.0014940e-01
   4.7454910e+01   1.1758060e+02   1.3286678e+00   8.0953865e+01   5.3617147e-01
   4.7655311e+01   1.2280106e+02   1.4636657e+00   7.8875508e+01   7.0994906e-01
   4.7855711e+01   1.2804774e+02   1.6159211e+00   7.6458924e+01   9.0407338e-01
   4.8056112e+01   1.3330158e+02   1.7810441e+00   7.3529822e+01   1.0892633e+00
   4.8256513e+01   1.3845674e+02   1.8716835e+00   7.0134934e+01   1.2959443e+00
   4.8456914e+01   1.4352074e+02   2.0186766e+00   6.6273053e+01   1.4563402e+00
   4.8657315e+01   1.4850618e+02   2.0630486e+00   6.1991173e+01   1.6407449e+00
   4.8857715e+01   1.5312961e+02   2.1404913e+00   5.7181185e+01   1.7575950e+00
   4.9058116e+01   1.5739294e+02   2.1154030e+00   5.2086375e+01   1.9213390e+00
   4.9258517e+01   1.6123392e+02   2.0836345e+00   4.6643719e+01   1.9917491e+00
   4.9458918e+01   1.6461365e+02   1.9831247e+00   4.0930519e+01   2.0654136e+00
   4.9659319e+01   1.6761140e+02   1.8606595e+00   3.4803905e+01   2.1083504e+00
   4.9859719e+01   1.6987221e+02   1.7455473e+00   2.8229684e+01   2.1211279e+00
   5.0060120e+01   1.7175131e+02   1.5183224e+00   2.1516438e+01   2.0816008e+00
   5.0260521e+01   1.7295491e+02   1.3276583e+00   1.4641032e+01   2.0285389e+00
   5.0460922e+01   1.7366283e+02   1.0852553e+00   7.7094195e+00   1.9934157e+00
   5.0661323e+01   1.7384630e+02   8.7294398e-01   7.6849500e-01   1.8726960e+00
   5.0861723e+01   1.7346611e+02   6.2479366e-01  -6.2199333e+00   1.8024823e+00
   5.1062124e+01   1.7262011e+02   3.7009905e-01  -1.2864805e+01   1.7329758e+00
   5.1262525e+01   1.7127251e+02   1.5551865e-01  -1.9322250e+01   1.6245884e+00
   5.1462926e+01   1.6943886e+02   1.3254401e-01  -2.5534336e+01   1.5469554e+00
   5.1663327e+01   1.6719415e+02   3.3345363e-01  -3.1308300e+01   1.4712878e+00
   5.1863727e+01   1.6450001e+02   5.8086097e-01  -3.6626651e+01   1.3951308e+00
   5.2064128e+01   1.6140260e+02   8.2105743e-01  -4.1686880e+01   1.3766192e+00
   5.2264529e+01   1.5812089e+02   9.9771941e-01  -4.6312736e+01   1.2951743e+00
   5.2464930e+01   1.5458781e+02   1.1837762e+00  -5.0666180e+01   1.2625818e+00
   5.2665331e+01   1.5087742e+02   1.3837161e+00  -5.4671813e+01   1.2263235e+00
   5.2865731e+01   1.4708497e+02   1.5397287e+00  -5.8278139e+01   1.1923044e+00
   5.3066132e+01   1.4313287e+02   1.6684019e+00  -6.1485831e+01   1.1766037e+00
   5.3266533e+01   1.3897614e+02   1.7615579e+00  -6.4408445e+01   1.1341281e+00
   5.3466934e+01   1.3491631e+02   1.8317288e+00  -6.7038252e+01   1.0831903e+00
   5.3667335e+01   1.3086358e+02   1.8560681e+00  -6.9408659e+01   1.0473941e+00
   5.3867735e+01   1.2687605e+02   1.9020011e+00  -7.1572222e+01   9.9169648e-01
   5.4068136e+01   1.2299345e+02   1.9011357e+00  -7.3368375e+01   9.5013270e-01
   5.4268537e+01   1.1932676e+02   1.8622524e+00  -7.4747660e+01   8.7735734e-01
   5.4468938e+01   1.1572571e+02   1.8374993e+00  -7.5963533e+01   8.3430682e-01
   5.4669339e+01   1.1221633e+02   1.7704747e+00  -7.6923407e+01   7.5399501e-01
   5.4869739e+01   1.0874687e+02   1.6919666e+00  -7.7624369e+01   6.9121355e-01
   5.5070140e+01   1.0538748e+02   1.6150819e+00  -7.8199957e+01   5.7876462e-01
   5.5270541e+01   1.0204663e+02   1.5393831e+00  -7.8568656e+01   5.2470752e-01
   5.5470942e+01   9.8788904e+01   1.4382860e+00  -7.8859175e+01   4.5125999e-01
   5.5671343e+01   9.5699727e+01   1.3641612e+00  -7.9034114e+01   3.8916898e-01
   5.5871743e+01   9.2702593e+01   1.3041758e+00  -7.9101016e+01   3.0308456e-01
   5.6072144e+01   8.9853527e+01   1.2463132e+00  -7.9073389e+01   2.0198719e-01
   5.6272545e+01   8.7085077e+01   1.2081849e+00  -7.8960912e+01   1.4410779e-01
   5.6472946e+01   8.4421896e+01   1.1421428e+00  -7.8817494e+01   5.6956379e-02
   5.6673347e+01   8.1949806e+01   1.1270134e+00  -7.8466225e+01   1.7140524e-02
   5.6873747e+01   7.9476522e+01   1.0946999e+00  -7.8165897e+01   6.6577264e-02
   5.7074148e+01   7.7288736e+01   1.0858557e+00  -7.7758734e+01   1.2584035e-01
   5.7274549e+01   7.5134345e+01   1.0787221e+00  -7.7293200e+01   1.6212326e-01
   5.7474950e+01   7.3000513e+01   1.0548196e+00  -7.6780580e+01   2.0615724e-01
   5.7675351e+01   7.0980437e+01   1.0618510e+00  -7.6188363e+01   2.3614037e-01
   5.7875752e+01   6.9061327e+01   1.0518978e+00  -7.5522674e+01   2.5807933e-01
   5.8076152e+01   6.7171065e+01   1.0581725e+00  -7.4824547e+01   2.6431960e-01
   5.8276553e+01   6.5343442e+01   1.0349309e+00  -7.4184720e+01   2.7582720e-01
   5.8476954e+01   6.3553731e+01   1.0380664e+00  -7.3501047e+01   2.8577776e-01
   5.8677355e+01   6.1839390e+01   1.0118553e+00  -7.2886343e+01   2.8989978e-01
   5.8877756e+01   6.0257036e+01   9.8148888e-01  -7.2229712e+01   2.8143295e-01
   5.9078156e+01   5.8680610e+01   9.5536497e-01  -7.1549450e+01   2.6933341e-01
   5.9278557e+01   5.7211602e+01   9.1914588e-01  -7.0850126e+01   2.5427612e-01
   5.9478958e+01   5.5867643e+01   8.8460132e-01  -7.0149242e+01   2.4596278e-01
   5.9679359e+01   5.4557814e+01   8.3356909e-01  -6.9461257e+01   2.3284405e-01
   5.9879760e+01   5.3265550e+01   8.0086260e-01  -6.8773542e+01   2.2571606e-01
   6.0080160e+01   5.2057238e+01   7.5460044e-01  -6.8084454e+01   2.2380177e-01
   6.0280561e+01   5.0906541e+01   7.1128303e-01  -6.7374787e+01   2.2422879e-01
   6.0480962e+01   4.9791156e+01   6.6524699e-01  -6.6626108e+01   2.2512918e-01
   6.0681363e+01   4.8730899e+01   6.1426681e-01  -6.5910929e+01   2.3118398e-01
   6.0881764e+01   4.7695462e+01   5.8451860e-01  -6.5194671e+01   2.4556257e-01
   6.1082164e+01   4.6687314e+01   5.5322744e-01  -6.4487501e+01   2.6142768e-01
   6.1282565e+01   4.5716872e+01   5.1109992e-01  -6.3807696e+01   2.7643453e-01
   6.1482966e+01   4.4788273e+01   4.9176455e-01  -6.3119490e+01   3.0300356e-01
   6.1683367e+01   4.3895888e+01   4.7553166e-01  -6.2424716e+01   3.2942120e-01
   6.1883768e+01   4.3062332e+01   4.5859267e-01  -6.1724242e+01   3.5712418e-01
   6.2084168e+01   4.2227848e+01   4.4960177e-01  -6.1056728e+01   3.7915050e-01
   6.2284569e+01   4.1423259e+01   4.5311006e-01  -6.0401239e+01   4.0946151e-01
   6.2484970e+01   4.0662585e+01   4.5790828e-01  -5.9815095e+01   4.2168980e-01
   6.2685371e+01   3.9972603e+01   4.5292533e-01  -5.9132964e+01   4.4420230e-01
   6.2885772e+01   3.9267170e+01   4.6882930e-01  -5.8452743e+01   4.6373028e-01
   6.3086172e+01   3.8627428e+01   4.7188971e-01  -5.7829448e+01   4.8588536e-01
   6.3286573e+01   3.7932563e+01   4.8312853e-01  -5.7151214e+01   4.8202917e-01
   6.3486974e+01   3.7278872e+01   4.9008533e-01  -5.6512836e+01   4.9032175e-01
   6.3687375e+01   3.6634106e+01   5.0366427e-01  -5.5883989e+01   4.8117358e-01
   6.3887776e+01   3.6025801e+01   5.0740001e-01  -5.5249757e+01   4.8528426e-01
   6.4088176e+01   3.5430177e+01   5.0690320e-01  -5.4626375e+01   4.7220140e-01
   6.4288577e+01   3.4886002e+01   5.0236651e-01  -5.3974455e+01   4.5639991e-01
   6.4488978e+01   3.4365504e+01   4.9795513e-01  -5.3362501e+01   4.5211030e-01
   6.4689379e+01   3.3834763e+01   4.9070872e-01  -5.2804230e+01   4.2965274e-01
   6.4889780e+01   3.3333962e+01   4.7876337e-01  -5.2230745e+01   4.1600200e-01
   6.5090180e+01   3.2846250e+01   4.6806352e-01  -5.1648423e+01   3.9813653e-01
   6.5290581e+01   3.2367383e+01   4.4633581e-01  -5.1024784e+01   3.8881015e-01
   6.5490982e+01   3.1926868e+01   4.3945108e-01  -5.0459946e+01   3.8133374e-01
   6.5691383e+01   3.1506279e+01   4.2107633e-01  -4.9917155e+01   3.5898798e-01
   6.5891784e+01   3.1077057e+01   3.8333817e-01  -4.9350338e+01   3.5706813e-01
   6.6092184e+01   3.0665432e+01   3.8143135e-01  -4.8800269e+01   3.4731139e-01
   6.6292585e+01   3.0257846e+01   3.5478072e-01  -4.8245215e+01   3.5276387e-01
   6.6492986e+01   2.9870300e+01   3.3804089e-01  -4.7667771e+01   3.4252316e-01
   6.6693387e+01   2.9484270e+01   3.2689089e-01  -4.7137072e+01   3.4593922e-01
   6.6893788e+01   2.9112005e+01   3.1523072e-01  -4.6584782e+01   3.4675525e-01
   6.7094188e+01   2.8756528e+01   2.9955576e-01  -4.6055190e+01   3.5572109e-01
   6.7294589e+01   2.8418333e+01   2.9520723e-01  -4.5543591e+01   3.7332121e-01
   6.7494990e+01   2.8084284e+01   2.7667744e-01  -4.5045900e+01   3.6630036e-01
   6.7695391e+01   2.7774637e+01   2.7981603e-01  -4.4545572e+01   3.8851927e-01
   6.7895792e+01   2.7430677e+01   2.8382114e-01  -4.4094146e+01   3.9345754e-01
   6.8096192e+01   2.7132357e+01   2.7105606e-01  -4.3592214e+01   3.9670641e-01
   6.8296593e+01   2.6892867e+01   2.6686901e-01  -4.3094383e+01   4.0775407e-01
   6.8496994e+01   2.6604285e+01   2.6941603e-01  -4.2615301e+01   4.1293769e-01
   6.8697395e+01   2.6300757e+01   2.7722447e-01  -4.2141498e+01   4.1720816e-01
   6.8897796e+01   2.6012061e+01   2.7934799e-01  -4.1699097e+01   4.2656468e-01
   6.9098196e+01   2.5745114e+01   2.8030207e-01  -4.1255790e+01   4.1709616e-01
   6.9298597e+01   2.5487982e+01   2.8148143e-01  -4.0812267e+01   4.1993366e-01
   6.9498998e+01   2.5244142e+01   2.7873438e-01  -4.0365145e+01   4.1650608e-01
   6.9699399e+01   2.5028205e+01   2.8371203e-01  -3.9939624e+01   4.1721429e-01
   6.9899800e+01   2.4792097e+01   2.8197802e-01  -3.9534321e+01   4.1188078e-01
   7.0100200e+01   2.4588147e+01   2.6935250e-01  -3.9087105e+01   4.0582403e-01
   7.0300601e+01   2.4374306e+01   2.7804065e-01  -3.8676602e+01   4.0246096e-01
   7.0501002e+01   2.4145567e+01   2.6868855e-01  -3.8251181e+01   4.0073340e-01
   7.0701403e+01   2.3935065e+01   2.5800104e-01  -3.7830042e+01   3.8620943e-01
   7.0901804e+01   2.3748320e+01   2.6046403e-01  -3.7439033e+01   3.8270036e-01
   7.1102204e+01   2.3543472e+01   2.5478584e-01  -3.7013770e+01   3.7392809e-01
   7.1302605e+01   2.3352523e+01   2.4265826e-01  -3.6581507e+01   3.7161734e-01
   7.1503006e+01   2.3154330e+01   2.3517639e-01  -3.6195343e+01   3.7678370e-01
   7.1703407e+01   2.2984765e+01   2.2261628e-01  -3.5793025e+01   3.6812136e-01
   7.1903808e+01   2.2804976e+01   2.1804238e-01  -3.5389016e+01   3.6350863e-01
   7.2104208e+01   2.2625871e+01   2.1466692e-01  -3.4963903e+01   3.6516446e-01
   7.2304609e+01   2.2454229e+01   2.0282801e-01  -3.4543911e+01   3.6762874e-01
   7.2505010e+01   2.2283949e+01   1.9929350e-01  -3.4171828e+01   3.6454915e-01
   7.2705411e+01   2.2117155e+01   1.9298082e-01  -3.3774663e+01   3.6310601e-01
   7.2905812e+01   2.1967228e+01   1.8703447e-01  -3.3402066e+01   3.6810558e-01
   7.3106212e+01   2.1792285e+01   1.8378112e-01  -3.3005642e+01   3.6957755e-01
   7.3306613e+01   2.1655703e+01   1.7439473e-01  -3.2608075e+01   3.7190429e-01
   7.3507014e+01   2.1517055e+01   1.7972452e-01  -3.2226100e+01   3.7593650e-01
   7.3707415e+01   2.1361546e+01   1.8148419e-01  -3.1868949e+01   3.8183053e-01
   7.3907816e+01   2.1210797e+01   1.7890684e-01  -3.1522963e+01   3.8006319e-01
   7.4108216e+01   2.1066348e+01   1.7482179e-01  -3.1167688e+01   3.8271579e-01
   7.4308617e+01   2.0927344e+01   1.7635485e-01  -3.0806335e+01   3.7418770e-01
   7.4509018e+01   2.0807834e+01   1.8483084e-01  -3.0455662e+01   3.7658794e-01
   7.4709419e+01   2.0687083e+01   1.8053709e-01  -3.0108049e+01   3.7276856e-01
   7.4909820e+01   2.0567373e+01   1.7564956e-01  -2.9758316e+01   3.7589278e-01
   7.5110220e+01   2.0466777e+01   1.7657684e-01  -2.9426852e+01   3.7515720e-01
   7.5310621e+01   2.0366948e+01   1.7550436e-01  -2.9091064e+01   3.6896613e-01
   7.5511022e+01   2.0266602e+01   1.7300763e-01  -2.8754010e+01   3.7179061e-01
   7.5711423e+01   2.0189648e+01   1.7588758e-01  -2.8398173e+01   3.6850602e-01
   7.5911824e+01   2.0104222e+01   1.6767685e-01  -2.8057807e+01   3.6244767e-01
   7.6112224e+01   2.0014504e+01   1.6506296e-01  -2.7740903e+01   3.5655026e-01
   7.6312625e+01   1.9934639e+01   1.6617178e-01  -2.7401856e+01   3.5170390e-01
   7.6513026e+01   1.9852799e+01   1.6640305e-01  -2.7078480e+01   3.5851429e-01
   7.6713427e+01   1.9778606e+01   1.6054125e-01  -2.6761787e+01   3.4985048e-01
   7.6913828e+01   1.9704676e+01   1.6115947e-01  -2.6421284e+01   3.4999668e-01
   7.7114228e+01   1.9630892e+01   1.5842763e-01  -2.6104568e+01   3.4598478e-01
   7.7314629e+01   1.9576409e+01   1.5647966e-01  -2.5766195e+01   3.4074803e-01
   7.7515030e+01   1.9505641e+01   1.5074450e-01  -2.5451604e+01   3.3416060e-01
   7.7715431e+01   1.9451878e+01   1.5117676e-01  -2.5136799e+01   3.3660124e-01
   7.7915832e+01   1.9378417e+01   1.4415145e-01  -2.4817115e+01   3.3441549e-01
   7.8116232e+01   1.9312048e+01   1.4345588e-01  -2.4486489e+01   3.2992328e-01
   7.8316633e+01   1.9251383e+01   1.4586717e-01  -2.4152883e+01   3.3036113e-01
   7.8517034e+01   1.9208357e+01   1.3607850e-01  -2.3836469e+01   3.2304760e-01
   7.8717435e+01   1.9154577e+01   1.2765580e-01  -2.3528789e+01   3.2173208e-01
   7.8917836e+01   1.9080651e+01   1.2819874e-01  -2.3227491e+01   3.2168183e-01
   7.9118236e+01   1.9015906e+01   1.2382720e-01  -2.2939332e+01   3.1762074e-01
   7.9318637e+01   1.8946693e+01   1.2076341e-01  -2.2646766e+01   3.1017482e-01
   7.9519038e+01   1.8898840e+01   1.1624427e-01  -2.2346529e+01   3.1270935e-01
   7.9719439e+01   1.8862489e+01   1.1372171e-01  -2.2063233e+01   3.0791128e-01
   7.9919840e+01   1.8796677e+01   1.0861277e-01  -2.1764953e+01   3.1064020e-01
   8.0120240e+01   1.8762703e+01   1.0342813e-01  -2.1502050e+01   3.0897089e-01
   8.0320641e+01   1.8737938e+01   9.7613781e-02  -2.1226192e+01   3.0577729e-01
   8.0521042e+01   1.8695922e+01   9.9969041e-02  -2.0953017e+01   3.1281846e-01
   8.0721443e+01   1.8678469e+01   9.5881513e-02  -2.0672206e+01   3.1515810e-01
   8.0921844e+01   1.8651340e+01   9.0958939e-02  -2.0391587e+01   3.1530157e-01
   8.1122244e+01   1.8622827e+01   8.7843522e-02  -2.0118377e+01   3.2097106e-01
   8.1322645e+01   1.8588824e+01   8.1529991e-02  -1.9840820e+01   3.2316943e-01
   8.1523046e+01   1.8575251e+01   8.1272441e-02  -1.9587264e+01   3.2552344e-01
   8.1723447e+01   1.8568548e+01   7.5283588e-02  -1.9314303e+01   3.2723546e-01
   8.1923848e+01   1.8536996e+01   7.8074773e-02  -1.9041542e+01   3.3606050e-01
   8.2124248e+01   1.8524090e+01   7.6624561e-02  -1.8797658e+01   3.3830448e-01
   8.2324649e+01   1.8508226e+01   6.7005444e-02  -1.8540368e+01   3.4591651e-01
   8.2525050e+01   1.8489953e+01   6.6082419e-02  -1.8271923e+01   3.5113659e-01
   8.2725451e+01   1.8504350e+01   6.8651761e-02  -1.7999467e+01   3.5585195e-01
   8.2925852e+01   1.8503289e+01   6.9613705e-02  -1.7755011e+01   3.5633192e-01
   8.3126253e+01   1.8502210e+01   7.3502653e-02  -1.7498183e+01   3.6265150e-01
   8.3326653e+01   1.8506917e+01   7.3671051e-02  -1.7247202e+01   3.6855161e-01
   8.3527054e+01   1.8501369e+01   7.7495541e-02  -1.6976917e+01   3.7137565e-01
   8.3727455e+01   1.8508907e+01   7.7727580e-02  -1.6709981e+01   3.6964287e-01
   8.3927856e+01   1.8505453e+01   7.8553927e-02  -1.6429505e+01   3.6644809e-01
   8.4128257e+01   1.8516562e+01   8.3316532e-02  -1.6167500e+01   3.6843197e-01
   8.4328657e+01   1.8523171e+01   8.9417215e-02  -1.5911758e+01   3.6750933e-01
   8.4529058e+01   1.8534617e+01   9.5514296e-02  -1.5671915e+01   3.6271154e-01
   8.4729459e+01   1.8540626e+01   9.7943062e-02  -1.5422732e+01   3.5853681e-01
   8.4929860e+01   1.8545536e+01   9.9735755e-02  -1.5176667e+01   3.5720911e-01
   8.5130261e+01   1.8555090e+01   9.9047402e-02  -1.4931545e+01   3.5347563e-01
   8.5330661e+01   1.8568538e+01   1.0024985e-01  -1.4690273e+01   3.4482550e-01
   8.5531062e+01   1.8596236e+01   1.0311484e-01  -1.4442489e+01   3.3164526e-01
   8.5731463e+01   1.8619798e+01   1.0222048e-01  -1.4209503e+01   3.3035198e-01
   8.5931864e+01   1.8655794e+01   1.0647223e-01  -1.3962827e+01   3.2470410e-01
   8.6132265e+01   1.8670709e+01   1.0417925e-01  -1.3719138e+01   3.1174991e-01
   8.6332665e+01   1.8705980e+01   1.0137709e-01  -1.3473342e+01   3.0794817e-01
   8.6533066e+01   1.8714573e+01   9.5496199e-02  -1.3231514e+01   3.0005823e-01
   8.6733467e+01   1.8747044e+01   8.8029104e-02  -1.2969980e+01   2.8869641e-01
   8.6933868e+01   1.8771427e+01   8.7773538e-02  -1.2727537e+01   2.8166470e-01
   8.7134269e+01   1.8800711e+01   8.4499941e-02  -1.2510219e+01   2.7952740e-01
   8.7334669e+01   1.8823998e+01   7.5476330e-02  -1.2263805e+01   2.7115945e-01
   8.7535070e+01   1.8843302e+01   6.7704661e-02  -1.2051115e+01   2.6897770e-01
   8.7735471e+01   1.8859143e+01   6.1576534e-02  -1.1829128e+01   2.6349076e-01
   8.7935872e+01   1.8905212e+01   4.8878650e-02  -1.1603461e+01   2.6486593e-01
   8.8136273e+01   1.8946824e+01   4.4043553e-02  -1.1386068e+01   2.6220659e-01
   8.8336673e+01   1.8999822e+01   3.1827937e-02  -1.1165256e+01   2.6404172e-01
   8.8537074e+01   1.9057545e+01   3.2737868e-02  -1.0942622e+01   2.6807449e-01
   8.8737475e+01   1.9103927e+01   2.1095131e-02  -1.0712967e+01   2.7242339e-01
   8.8937876e+01   1.9164358e+01   1.8170376e-02  -1.0498446e+01   2.8136627e-01
   8.9138277e+01   1.9214001e+01   1.5656422e-02  -1.0272882e+01   2.8627354e-01
   8.9338677e+01   1.9284343e+01   1.7316712e-02  -1.0053941e+01   2.9746164e-01
   8.9539078e+01   1.9337077e+01   1.6282317e-02  -9.8360375e+00   3.1181354e-01
   8.9739479e+01   1.9399205e+01   2.5801925e-02  -9.6196059e+00   3.1879517e-01
   8.9939880e+01   1.9478502e+01   2.2270945e-02  -9.4212390e+00   3.2876027e-01
   9.0140281e+01   1.9536313e+01   2.6653561e-02  -9.2156771e+00   3.3761333e-01
   9.0340681e+01   1.9620696e+01   1.8121428e-02  -9.0213979e+00   3.5039033e-01
   9.0541082e+01   1.9675047e+01   2.1775077e-02  -8.8160966e+00   3.5386293e-01
   9.0741483e+01   1.9758151e+01   1.9399464e-02  -8.6188944e+00   3.6326787e-01
   9.0941884e+01   1.9855018e+01   1.9906565e-02  -8.4206510e+00   3.7201959e-01
   9.1142285e+01   1.9953331e+01   1.9093409e-02  -8.2131249e+00   3.7889538e-01
   9.1342685e+01   2.0034288e+01   2.2084829e-02  -8.0130759e+00   3.7556745e-01
   9.1543086e+01   2.0128070e+01   2.3752428e-02  -7.8198082e+00   3.7840805e-01
   9.1743487e+01   2.0210255e+01   3.0886083e-02  -7.6045539e+00   3.8003820e-01
   9.1943888e+01   2.0294294e+01   3.3272320e-02  -7.4072495e+00   3.7512519e-01
   9.2144289e+01   2.0386654e+01   4.1713030e-02  -7.2093976e+00   3.7000827e-01
   9.2344689e+01   2.0477229e+01   4.3920278e-02  -7.0213705e+00   3.6494888e-01
   9.2545090e+01   2.0567664e+01   5.0710655e-02  -6.8566918e+00   3.6253875e-01
   9.2745491e+01   2.0633513e+01   4.8519602e-02  -6.6757037e+00   3.5001038e-01
   9.2945892e+01   2.0723643e+01   5.2126618e-02  -6.5083991e+00   3.4175067e-01
   9.3146293e+01   2.0803689e+01   5.0667874e-02  -6.3359325e+00   3.3249417e-01
   9.3346693e+01   2.0901548e+01   4.7328376e-02  -6.1821098e+00   3.2585134e-01
   9.3547094e+01   2.0994334e+01   4.7163277e-02  -6.0394694e+00   3.1870789e-01
   9.3747495e+01   2.1103766e+01   4.1660083e-02  -5.8805189e+00   3.1521476e-01
   9.3947896e+01   2.1189172e+01   4.5875148e-02  -5.7372204e+00   3.0705248e-01
   9.4148297e+01   2.1290690e+01   4.8770383e-02  -5.5740971e+00   3.0937774e-01
   9.4348697e+01   2.1404611e+01   4.9298710e-02  -5.4296399e+00   3.0652890e-01
   9.4549098e+01   2.1511134e+01   5.7939023e-02  -5.2867070e+00   3.1418681e-01
   9.4749499e+01   2.1614220e+01   5.3250524e-02  -5.1492668e+00   3.1916088e-01
   9.4949900e+01   2.1710959e+01   6.6392555e-02  -5.0166212e+00   3.2810970e-01
   9.5150301e+01   2.1809127e+01   6.8189647e-02  -4.8941980e+00   3.3334291e-01
   9.5350701e+01   2.1909096e+01   7.9681643e-02  -4.7642300e+00   3.4672288e-01
   9.5551102e+01   2.2015841e+01   7.8702930e-02  -4.6319915e+00   3.5868264e-01
   9.5751503e+01   2.2136105e+01   8.0733487e-02  -4.5300263e+00   3.6915762e-01
   9.5951904e+01   2.2246526e+01   8.1331161e-02  -4.4227115e+00   3.8513306e-01
   9.6152305e+01   2.2376786e+01   8.1302070e-02  -4.3120470e+00   3.9567314e-01
   9.6352705e+01   2.2485445e+01   7.2680576e-02  -4.1919306e+00   4.0816082e-01
   9.6553106e+01   2.2613526e+01   6.4226328e-02  -4.0775726e+00   4.2267002e-01
   9.6753507e+01   2.2743077e+01   5.7436611e-02  -3.9616278e+00   4.3202886e-01
   9.6953908e+01   2.2862929e+01   5.1702320e-02  -3.8417649e+00   4.3728229e-01
   9.7154309e+01   2.2995167e+01   4.2495285e-02  -3.7308849e+00   4.4290699e-01
   9.7354709e+01   2.3111312e+01   3.2374035e-02  -3.6212772e+00   4.4775081e-01
   9.7555110e+01   2.3219335e+01   2.6885694e-02  -3.5169530e+00   4.4980834e-01
   9.7755511e+01   2.3312006e+01   2.9689761e-02  -3.4031509e+00   4.4281317e-01
   9.7955912e+01   2.3434885e+01   3.7745494e-02  -3.2993833e+00   4.3584548e-01
   9.8156313e+01   2.3540548e+01   4.1427163e-02  -3.2228895e+00   4.2829820e-01
   9.8356713e+01   2.3645566e+01   4.7206079e-02  -3.1317627e+00   4.2435564e-01
   9.8557114e+01   2.3736390e+01   5.3102428e-02  -3.0404868e+00   4.0878099e-01
   9.8757515e+01   2.3840950e+01   5.5609083e-02  -2.9658784e+00   3.9709356e-01
   9.8957916e+01   2.3942684e+01   5.5415603e-02  -2.8887005e+00   3.8298283e-01
   9.9158317e+01   2.4043206e+01   6.1421283e-02  -2.8070020e+00   3.6792222e-01
   9.9358717e+01   2.4142142e+01   5.4139862e-02  -2.7383789e+00   3.5012347e-01
   9.9559118e+01   2.4243262e+01   5.3317254e-02  -2.6655711e+00   3.5012012e-01
   9.9759519e+01   2.4328796e+01   4.5059049e-02  -2.5988860e+00   3.3228249e-01
   9.9959920e+01   2.4386726e+01   3.8133987e-02  -2.5554485e+00   3.3330194e-01
   1.0016032e+02   2.4495923e+01   2.8927178e-02  -2.5100547e+00   3.1613777e-01
   1.0036072e+02   2.4587808e+01   2.2042770e-02  -2.4403973e+00   3.1847291e-01
   1.0056112e+02   2.4668877e+01   1.9947430e-02  -2.3827681e+00   3.1382488e-01
   1.0076152e+02   2.4751605e+01   2.0102941e-02  -2.3522208e+00   3.1603852e-01
   1.0096192e+02   2.4840015e+01   2.6566500e-02  -2.2946162e+00   3.2341391e-01
   1.0116232e+02   2.4941979e+01   2.2983580e-02  -2.2802586e+00   3.3291751e-01
   1.0136272e+02   2.5009461e+01   4.3424185e-02  -2.2704933e+00   3.4247458e-01
   1.0156313e+02   2.5095119e+01   3.7164641e-02  -2.2100824e+00   3.6063743e-01
   1.0176353e+02   2.5184325e+01   5.3622323e-02  -2.1835337e+00   3.6404174e-01
   1.0196393e+02   2.5235093e+01   4.7789294e-02  -2.1465699e+00   3.8274460e-01
   1.0216433e+02   2.5327952e+01   4.6275933e-02  -2.1068197e+00   3.8534456e-01
   1.0236473e+02   2.5427405e+01   2.7022186e-02  -2.0769100e+00   3.9812166e-01
   1.0256513e+02   2.5484054e+01   2.3383760e-02  -2.0690474e+00   4.1209165e-01
   1.0276553e+02   2.5580661e+01   2.2395233e-02  -2.0090429e+00   4.1683536e-01
   1.0296593e+02   2.5635030e+01   4.7069545e-03  -1.9791710e+00   4.1706903e-01
   1.0316633e+02   2.5705338e+01   7.7523751e-03  -1.9439837e+00   4.3030091e-01
   1.0336673e+02   2.5762919e+01   1.4247868e-02  -1.9297040e+00   4.3038351e-01
   1.0356713e+02   2.5777657e+01   2.1676409e-02  -1.8803424e+00   4.3020107e-01
   1.0376753e+02   2.5831627e+01   4.2749791e-02  -1.8778422e+00   4.2912388e-01
   1.0396794e+02   2.5896976e+01   4.8995899e-02  -1.8498794e+00   4.2138503e-01
   1.0416834e+02   2.5925663e+01   6.2476760e-02  -1.8252366e+00   4.2057744e-01
   1.0436874e+02   2.5978789e+01   6.5039735e-02  -1.7824845e+00   4.1351108e-01
   1.0456914e+02   2.5991723e+01   7.7825731e-02  -1.7788761e+00   3.9642988e-01
   1.0476954e+02   2.6035161e+01   7.4575063e-02  -1.7573632e+00   3.8475723e-01
   1.0496994e+02   2.6039585e+01   7.7597624e-02  -1.7175713e+00   3.6909345e-01
   1.0517034e+02   2.6106351e+01   8.3082326e-02  -1.7026204e+00   3.6738889e-01
   1.0537074e+02   2.6087856e+01   7.8339298e-02  -1.6702188e+00   3.3966244e-01
   1.0557114e+02   2.6130404e+01   8.4180837e-02  -1.6401960e+00   3.3804550e-01
   1.0577154e+02   2.6121637e+01   7.1833149e-02  -1.5931802e+00   3.4028588e-01
   1.0597194e+02   2.6147395e+01   6.2783778e-02  -1.5574582e+00   3.1757620e-01
   1.0617235e+02   2.6129701e+01   6.4065317e-02  -1.5377633e+00   3.1875023e-01
   1.0637275e+02   2.6167801e+01   5.0464878e-02  -1.5063894e+00   3.1449181e-01
   1.0657315e+02   2.6158503e+01   3.9908932e-02  -1.4664332e+00   3.1225400e-01
   1.0677355e+02   2.6157874e+01   4.4633788e-02  -1.4253548e+00   3.1149093e-01
   1.0697395e+02   2.6171806e+01   3.0933663e-02  -1.3735357e+00   3.1462505e-01
   1.0717435e+02   2.6131347e+01   2.5111959e-02  -1.3178425e+00   3.2118717e-01
   1.0737475e+02   2.6133479e+01   1.6931493e-02  -1.3036716e+00   3.1967175e-01
   1.0757515e+02   2.6128247e+01   1.4478133e-02  -1.2427577e+00   3.2443924e-01
   1.0777555e+02   2.6137286e+01   1.7364912e-02  -1.1722193e+00   3.2396439e-01
   1.0797595e+02   2.6104054e+01   1.1678961e-02  -1.1307026e+00   3.3153827e-01
   1.0817635e+02   2.6095417e+01   1.0997970e-02  -1.0567928e+00   3.2398151e-01
   1.0837675e+02   2.6069082e+01   1.2863121e-03  -9.9250034e-01   3.3880668e-01
   1.0857715e+02   2.6056680e+01   9.1929094e-03  -9.2980891e-01   3.4777333e-01
   1.0877755e+02   2.6005351e+01   3.6000047e-03  -8.6516735e-01   3.4435991e-01
   1.0897796e+02   2.5960293e+01   5.7462434e-03  -7.8576802e-01   3.5479402e-01
   1.0917836e+02   2.5941351e+01   4.4076588e-03  -6.9544233e-01   3.5179642e-01
   1.0937876e+02   2.5920610e+01   1.2657218e-02  -6.2020631e-01   3.5645983e-01
   1.0957916e+02   2.5880678e+01   1.1228470e-02  -5.3800850e-01   3.5324296e-01
   1.0977956e+02   2.5848531e+01   1.3496795e-02  -4.4152421e-01   3.5617613e-01
   1.0997996e+02   2.5803207e+01   1.9841555e-02  -3.7070945e-01   3.5264885e-01
   1.1018036e+02   2.5769521e+01   1.9777444e-02  -2.8290847e-01   3.4671572e-01
   1.1038076e+02   2.5740022e+01   2.2578801e-02  -1.8993681e-01   3.4490441e-01
   1.1058116e+02   2.5706059e+01   2.2598663e-02  -8.7715139e-02   3.5177338e-01
   1.1078156e+02   2.5689331e+01   2.3722986e-02   3.2808262e-02   3.4879091e-01
   1.1098196e+02   2.5652501e+01   2.5416715e-02   1.3790157e-01   3.4813560e-01
   1.1118237e+02   2.5624348e+01   2.9717448e-02   2.3789477e-01   3.4233620e-01
   1.1138277e+02   2.5587686e+01   3.6971077e-02   3.7103202e-01   3.4162417e-01
   1.1158317e+02   2.5565432e+01   4.0804422e-02   4.8507652e-01   3.4340554e-01
   1.1178357e+02   2.5557281e+01   3.4549794e-02   5.9640299e-01   3.5180532e-01
   1.1198397e+02   2.5540416e+01   3.9744702e-02   7.6327554e-01   3.4284153e-01
   1.1218437e+02   2.5518934e+01   5.7851609e-02   9.1091228e-01   3.4664925e-01
   1.1238477e+02   2.5484939e+01   5.3116381e-02   1.0463387e+00   3.4728757e-01
   1.1258517e+02   2.5477080e+01   5.5051999e-02   1.2017050e+00   3.4973667e-01
   1.1278557e+02   2.5472137e+01   6.1950348e-02   1.3518833e+00   3.5588688e-01
   1.1298597e+02   2.5467702e+01   7.3412352e-02   1.5196257e+00   3.6949766e-01
   1.1318637e+02   2.5457337e+01   7.1055463e-02   1.7164754e+00   3.7151437e-01
   1.1338677e+02   2.5434780e+01   7.3752427e-02   1.8799466e+00   3.7625412e-01
   1.1358717e+02   2.5436427e+01   8.8413503e-02   2.0715491e+00   3.8504136e-01
   1.1378758e+02   2.5438753e+01   9.2021130e-02   2.2543619e+00   3.8098768e-01
   1.1398798e+02   2.5430610e+01   9.2854260e-02   2.4436881e+00   3.8645954e-01
   1.1418838e+02   2.5458625e+01   1.0355119e-01   2.6275848e+00   3.9841850e-01
   1.1438878e+02   2.5447458e+01   1.0149815e-01   2.8516717e+00   4.0383512e-01
   1.1458918e+02   2.5454575e+01   1.0478832e-01   3.0655173e+00   4.0707080e-01
   1.1478958e+02   2.5475826e+01   1.0631994e-01   3.2778347e+00   4.1871513e-01
   1.1498998e+02   2.5475739e+01   1.0723596e-01   3.4744759e+00   4.2399733e-01
   1.1519038e+02   2.5512262e+01   1.1004607e-01   3.7034238e+00   4.2825624e-01
   1.1539078e+02   2.5530321e+01   1.1010669e-01   3.9188866e+00   4.3996525e-01
   1.1559118e+02   2.5579540e+01   1.1152046e-01   4.1403833e+00   4.4316076e-01
   1.1579158e+02   2.5604990e+01   1.1054815e-01   4.3752872e+00   4.5350988e-01
   1.1599198e+02   2.5659160e+01   1.0064955e-01   4.6153066e+00   4.5972305e-01
   1.1619239e+02   2.5720365e+01   1.0446803e-01   4.8410564e+00   4.6784682e-01
   1.1639279e+02   2.5786089e+01   1.0293496e-01   5.0814851e+00   4.6296097e-01
   1.1659319e+02   2.5847677e+01   9.0229453e-02   5.3289460e+00   4.7524659e-01
   1.1679359e+02   2.5952460e+01   9.1570627e-02   5.5575807e+00   4.7381502e-01
   1.1699399e+02   2.6032116e+01   8.9528320e-02   5.8435295e+00   4.7212412e-01
   1.1719439e+02   2.6131332e+01   8.0390434e-02   6.1141273e+00   4.7439352e-01
   1.1739479e+02   2.6247692e+01   7.9681055e-02   6.3773250e+00   4.7313098e-01
   1.1759519e+02   2.6348972e+01   7.1502125e-02   6.6282625e+00   4.6874506e-01
   1.1779559e+02   2.6479405e+01   8.0221590e-02   6.9145080e+00   4.6103436e-01
   1.1799599e+02   2.6621208e+01   7.5121269e-02   7.2189084e+00   4.5740124e-01
   1.1819639e+02   2.6771882e+01   7.8083545e-02   7.5004920e+00   4.5050400e-01
   1.1839679e+02   2.6927997e+01   7.1896852e-02   7.7908610e+00   4.4131295e-01
   1.1859719e+02   2.7086501e+01   7.3450978e-02   8.0945306e+00   4.3526988e-01
   1.1879760e+02   2.7277828e+01   7.4097143e-02   8.3987189e+00   4.2706176e-01
   1.1899800e+02   2.7462727e+01   8.3685109e-02   8.7029781e+00   4.0893220e-01
   1.1919840e+02   2.7682982e+01   9.4422802e-02   9.0389807e+00   4.0692571e-01
   1.1939880e+02   2.7896318e+01   1.0770152e-01   9.3646606e+00   4.0164724e-01
   1.1959920e+02   2.8112631e+01   1.1732757e-01   9.6835944e+00   3.9389234e-01
   1.1979960e+02   2.8365755e+01   1.2644369e-01   1.0008232e+01   3.9771112e-01
   1.2000000e+02   2.8616615e+01   1.4320132e-01   1.0327762e+01   3.9389432e-01
