   2.0000000e+01   2.1287784e+00   3.8023412e-02  -3.9227620e+01   6.8012087e-02
   2.0200401e+01   2.0908744e+00   3.4035635e-02  -3.8383466e+01   7.1924416e-02
   2.0400802e+01   2.0605450e+00   3.4165101e-02  -3.7535524e+01   7.6067044e-02
   2.0601202e+01   2.0383940e+00   3.2524018e-02  -3.6677936e+01   7.2052237e-02
   2.0801603e+01   2.0050212e+00   3.2235111e-02  -3.5811820e+01   7.4315831e-02
   2.1002004e+01   1.9839433e+00   2.7872360e-02  -3.4960500e+01   7.1069276e-02
   2.1202405e+01   1.9761843e+00   2.8135546e-02  -3.4125669e+01   7.0730975e-02
   2.1402806e+01   1.9565164e+00   2.8348315e-02  -3.3304979e+01   7.1641482e-02
   2.1603206e+01   1.9267856e+00   2.7854221e-02  -3.2486594e+01   6.3658601e-02
   2.1803607e+01   1.8949943e+00   2.4479420e-02  -3.1679161e+01   6.0815420e-02
   2.2004008e+01   1.8772485e+00   2.5246291e-02  -3.0882842e+01   5.4629426e-02
   2.2204409e+01   1.8701114e+00   2.5315384e-02  -3.0091407e+01   5.0106184e-02
   2.2404810e+01   1.8611434e+00   2.7686613e-02  -2.9296050e+01   4.3198360e-02
   2.2605210e+01   1.8623481e+00   2.3423045e-02  -2.8494561e+01   3.8458365e-02
   2.2805611e+01   1.8618345e+00   1.3753876e-02  -2.7697290e+01   3.5249119e-02
   2.3006012e+01   1.8511888e+00   1.4926852e-02  -2.6926585e+01   2.9871988e-02
   2.3206413e+01   1.8379905e+00   1.5036226e-02  -2.6169373e+01   2.3433977e-02
   2.3406814e+01   1.8372246e+00   2.0773929e-02  -2.5423474e+01   1.8329310e-02
   2.3607214e+01   1.8482244e+00   1.9943392e-02  -2.4675020e+01   1.1794859e-02
   2.3807615e+01   1.8690079e+00   1.8591837e-02  -2.3925295e+01   1.3300161e-02
   2.4008016e+01   1.8686758e+00   1.8077543e-02  -2.3174164e+01   1.2872732e-02
   2.4208417e+01   1.8636417e+00   1.8833412e-02  -2.2426460e+01   1.0822227e-02
   2.4408818e+01   1.8605851e+00   1.9513499e-02  -2.1684252e+01   1.3569411e-02
   2.4609218e+01   1.8716624e+00   2.0232963e-02  -2.0945268e+01   1.4939522e-02
   2.4809619e+01   1.8891527e+00   1.9955006e-02  -2.0217929e+01   1.7941133e-02
   2.5010020e+01   1.9093030e+00   2.0247425e-02  -1.9487862e+01   2.1558579e-02
   2.5210421e+01   1.9302639e+00   1.9507275e-02  -1.8760986e+01   3.1399040e-02
   2.5410822e+01   1.9569849e+00   2.1883714e-02  -1.8039029e+01   3.4475516e-02
   2.5611222e+01   1.9832015e+00   2.0414941e-02  -1.7317644e+01   4.2800869e-02
   2.5811623e+01   2.0121814e+00   1.9222216e-02  -1.6596579e+01   5.0981978e-02
   2.6012024e+01   2.0397245e+00   1.9364803e-02  -1.5872557e+01   5.6683636e-02
   2.6212425e+01   2.0724342e+00   1.9525591e-02  -1.5144713e+01   6.4318260e-02
   2.6412826e+01   2.1128335e+00   1.8898949e-02  -1.4421699e+01   7.0155388e-02
   2.6613226e+01   2.1519792e+00   1.9793520e-02  -1.3707887e+01   7.8450902e-02
   2.6813627e+01   2.1917125e+00   1.7973518e-02  -1.2991342e+01   8.4103616e-02
   2.7014028e+01   2.2317986e+00   1.7121825e-02  -1.2274670e+01   8.7598621e-02
   2.7214429e+01   2.2735399e+00   1.6193653e-02  -1.1554939e+01   9.1183940e-02
   2.7414830e+01   2.3219949e+00   1.6945496e-02  -1.0834113e+01   9.5210914e-02
   2.7615230e+01   2.3723734e+00   1.5044535e-02  -1.0107309e+01   9.5125731e-02
   2.7815631e+01   2.4295517e+00   1.5702807e-02  -9.3821100e+00   9.5395546e-02
   2.8016032e+01   2.4877812e+00   1.3340504e-02  -8.6601619e+00   9.5468419e-02
   2.8216433e+01   2.5471618e+00   1.1288140e-02  -7.9370980e+00   9.2231467e-02
   2.8416834e+01   2.6139846e+00   1.1157940e-02  -7.2124330e+00   8.8665489e-02
   2.8617234e+01   2.6815898e+00   1.1319687e-02  -6.4826776e+00   8.4941327e-02
   2.8817635e+01   2.7521665e+00   1.0087520e-02  -5.7538328e+00   7.8408190e-02
   2.9018036e+01   2.8307075e+00   1.1878862e-02  -5.0292400e+00   7.1967567e-02
   2.9218437e+01   2.9135144e+00   1.0727754e-02  -4.3035900e+00   6.5440017e-02
   2.9418838e+01   2.9971737e+00   1.2069646e-02  -3.5675673e+00   5.5901206e-02
   2.9619238e+01   3.0825263e+00   1.0012134e-02  -2.8335131e+00   4.9625776e-02
   2.9819639e+01   3.1704883e+00   1.1926055e-02  -2.0986392e+00   3.9621786e-02
   3.0020040e+01   3.2591298e+00   1.3409786e-02  -1.3577213e+00   3.1149084e-02
   3.0220441e+01   3.3473532e+00   1.0654535e-02  -6.1889212e-01   2.3729452e-02
   3.0420842e+01   3.4439129e+00   9.6333695e-03   1.0845881e-01   1.6423748e-02
   3.0621242e+01   3.5499539e+00   8.7867926e-03   8.3241676e-01   8.8066255e-03
   3.0821643e+01   3.6606785e+00   5.3205157e-03   1.5659198e+00   2.7949368e-03
   3.1022044e+01   3.7721224e+00   1.6436474e-03   2.3224482e+00   5.7007636e-04
   3.1222445e+01   3.8779097e+00   3.6523104e-03   3.0729374e+00   3.0639010e-03
   3.1422846e+01   3.9985788e+00   4.1604832e-03   3.8381444e+00   2.9758008e-03
   3.1623246e+01   4.1217997e+00   1.1262671e-02   4.6042792e+00   8.3588090e-04
   3.1823647e+01   4.2536067e+00   1.2958674e-02   5.3750501e+00   5.6749721e-03
   3.2024048e+01   4.3924047e+00   1.5188939e-02   6.1477009e+00   1.2370100e-02
   3.2224449e+01   4.5366870e+00   1.9901559e-02   6.9252462e+00   1.5549944e-02
   3.2424850e+01   4.6863930e+00   2.2244371e-02   7.7161234e+00   2.6058873e-02
   3.2625251e+01   4.8329759e+00   2.7554580e-02   8.5166884e+00   3.2755663e-02
   3.2825651e+01   4.9928093e+00   3.0975845e-02   9.3292382e+00   4.1113089e-02
   3.3026052e+01   5.1619434e+00   3.2686007e-02   1.0148298e+01   4.3978481e-02
   3.3226453e+01   5.3392213e+00   3.2408530e-02   1.0969776e+01   5.5438302e-02
   3.3426854e+01   5.5256072e+00   3.7991840e-02   1.1801428e+01   6.3359691e-02
   3.3627255e+01   5.7224171e+00   3.8348329e-02   1.2637983e+01   6.9823443e-02
   3.3827655e+01   5.9252574e+00   4.3785978e-02   1.3481847e+01   7.4404811e-02
   3.4028056e+01   6.1330357e+00   4.8074929e-02   1.4341926e+01   7.9809299e-02
   3.4228457e+01   6.3591093e+00   5.3275467e-02   1.5209204e+01   8.0073121e-02
   3.4428858e+01   6.5993053e+00   5.5356603e-02   1.6092812e+01   8.5563404e-02
   3.4629259e+01   6.8447862e+00   6.3033168e-02   1.6984848e+01   8.4660228e-02
   3.4829659e+01   7.1045359e+00   6.5452368e-02   1.7887078e+01   8.3086769e-02
   3.5030060e+01   7.3789063e+00   7.0913538e-02   1.8804990e+01   8.5430616e-02
   3.5230461e+01   7.6636382e+00   8.2326231e-02   1.9731869e+01   8.1557198e-02
   3.5430862e+01   7.9609566e+00   8.6332434e-02   2.0657837e+01   7.5617909e-02
   3.5631263e+01   8.2758946e+00   9.1342945e-02   2.1596700e+01   7.6158802e-02
   3.5831663e+01   8.5962252e+00   1.0167772e-01   2.2552028e+01   7.3612571e-02
   3.6032064e+01   8.9371502e+00   1.0858716e-01   2.3521340e+01   7.0910424e-02
   3.6232465e+01   9.2852171e+00   1.1739860e-01   2.4498696e+01   6.6942491e-02
   3.6432866e+01   9.6652930e+00   1.1780270e-01   2.5485029e+01   7.5448928e-02
   3.6633267e+01   1.0057907e+01   1.2232217e-01   2.6478454e+01   7.6277627e-02
   3.6833667e+01   1.0472954e+01   1.3152383e-01   2.7494263e+01   7.8409217e-02
   3.7034068e+01   1.0906634e+01   1.3523773e-01   2.8541783e+01   8.9468879e-02
   3.7234469e+01   1.1364923e+01   1.3585497e-01   2.9595627e+01   9.1073766e-02
   3.7434870e+01   1.1858808e+01   1.3062246e-01   3.0650519e+01   9.4973824e-02
   3.7635271e+01   1.2392173e+01   1.3641690e-01   3.1712373e+01   1.0171940e-01
   3.7835671e+01   1.2986600e+01   1.4627533e-01   3.2751057e+01   1.0509736e-01
   3.8036072e+01   1.3552349e+01   1.6018483e-01   3.3771901e+01   1.2285425e-01
   3.8236473e+01   1.4104020e+01   1.6887331e-01   3.4837914e+01   1.5361430e-01
   3.8436874e+01   1.4682023e+01   1.5535301e-01   3.5953450e+01   1.8420199e-01
   3.8637275e+01   1.5297283e+01   1.5448365e-01   3.7087862e+01   2.1531268e-01
   3.8837675e+01   1.5941598e+01   1.4913908e-01   3.8253606e+01   2.5467781e-01
   3.9038076e+01   1.6606176e+01   1.3201868e-01   3.9413445e+01   2.8683199e-01
   3.9238477e+01   1.7330876e+01   1.2441104e-01   4.0596812e+01   3.0762509e-01
   3.9438878e+01   1.8074452e+01   1.0847323e-01   4.1784887e+01   3.4877159e-01
   3.9639279e+01   1.8878761e+01   9.7114112e-02   4.2993564e+01   3.7854523e-01
   3.9839679e+01   1.9718339e+01   7.6206601e-02   4.4243786e+01   4.0946200e-01
   4.0040080e+01   2.0600820e+01   5.3019824e-02   4.5514122e+01   4.3963196e-01
   4.0240481e+01   2.1533263e+01   3.3449553e-02   4.6797113e+01   4.6779642e-01
   4.0440882e+01   2.2511460e+01   1.2380932e-02   4.8078813e+01   4.9772062e-01
   4.0641283e+01   2.3550693e+01   2.0196445e-02   4.9380250e+01   5.2608144e-01
   4.0841683e+01   2.4633446e+01   4.8657521e-02   5.0694364e+01   5.4692916e-01
   4.1042084e+01   2.5782902e+01   7.8005029e-02   5.2025199e+01   5.6272772e-01
   4.1242485e+01   2.7015294e+01   1.1738666e-01   5.3382402e+01   5.8112193e-01
   4.1442886e+01   2.8301621e+01   1.5533477e-01   5.4753394e+01   5.9382115e-01
   4.1643287e+01   2.9646737e+01   1.9256368e-01   5.6149741e+01   6.0456773e-01
   4.1843687e+01   3.1098342e+01   2.4341872e-01   5.7557725e+01   6.0720024e-01
   4.2044088e+01   3.2617508e+01   2.8900858e-01   5.8963657e+01   6.0258713e-01
   4.2244489e+01   3.4230380e+01   3.4626767e-01   6.0364061e+01   5.9892999e-01
   4.2444890e+01   3.5924544e+01   4.0080168e-01   6.1773248e+01   5.8713394e-01
   4.2645291e+01   3.7737554e+01   4.6176527e-01   6.3169526e+01   5.6208101e-01
   4.2845691e+01   3.9616785e+01   5.3372089e-01   6.4552422e+01   5.3573410e-01
   4.3046092e+01   4.1599354e+01   5.9568771e-01   6.5926057e+01   4.9781574e-01
   4.3246493e+01   4.3720297e+01   6.6260951e-01   6.7290115e+01   4.4847946e-01
   4.3446894e+01   4.5940582e+01   7.3845727e-01   6.8625363e+01   3.9837135e-01
   4.3647295e+01   4.8303766e+01   8.1338279e-01   6.9931837e+01   3.2663144e-01
   4.3847695e+01   5.0772943e+01   8.6853337e-01   7.1166432e+01   2.5052115e-01
   4.4048096e+01   5.3359319e+01   9.3662752e-01   7.2377110e+01   1.6782640e-01
   4.4248497e+01   5.6087376e+01   9.9296484e-01   7.3511821e+01   5.8232513e-02
   4.4448898e+01   5.8920302e+01   1.0360112e+00   7.4596238e+01   5.7318416e-02
   4.4649299e+01   6.1917055e+01   1.0727819e+00   7.5595799e+01   1.7165442e-01
   4.4849699e+01   6.5058383e+01   1.0799469e+00   7.6483237e+01   2.9252470e-01
   4.5050100e+01   6.8346197e+01   1.0840282e+00   7.7273434e+01   4.0548818e-01
   4.5250501e+01   7.1780876e+01   1.0695277e+00   7.7957822e+01   5.1431378e-01
   4.5450902e+01   7.5347664e+01   1.0438097e+00   7.8495438e+01   6.0868782e-01
   4.5651303e+01   7.9086798e+01   9.7275816e-01   7.8841160e+01   7.4868977e-01
   4.5851703e+01   8.2929456e+01   8.8950864e-01   7.9052313e+01   8.6786810e-01
   4.6052104e+01   8.6901721e+01   7.9786036e-01   7.9085281e+01   9.4634653e-01
   4.6252505e+01   9.0991701e+01   6.8072539e-01   7.8870414e+01   1.0364679e+00
   4.6452906e+01   9.5228459e+01   5.7095711e-01   7.8427090e+01   1.0759288e+00
   4.6653307e+01   9.9634443e+01   4.3197057e-01   7.7707773e+01   1.0999491e+00
   4.6853707e+01   1.0411378e+02   3.2477353e-01   7.6672218e+01   1.1254150e+00
   4.7054108e+01   1.0871846e+02   1.9790522e-01   7.5329050e+01   1.1235479e+00
   4.7254509e+01   1.1332973e+02   6.9716111e-02   7.3606002e+01   1.1165834e+00
   4.7454910e+01   1.1799119e+02   3.1014319e-02   7.1571055e+01   1.0943245e+00
   4.7655311e+01   1.2251841e+02   1.6403450e-01   6.9167995e+01   1.0788880e+00
   4.7855711e+01   1.2695467e+02   2.9207161e-01   6.6366761e+01   1.0459976e+00
   4.8056112e+01   1.3130597e+02   4.0828463e-01   6.3235474e+01   9.9449130e-01
   4.8256513e+01   1.3549748e+02   5.5102954e-01   5.9657427e+01   9.5655754e-01
   4.8456914e+01   1.3950300e+02   7.1705610e-01   5.5719751e+01   8.6701616e-01
   4.8657315e+01   1.4336311e+02   8.1973580e-01   5.1403754e+01   7.8641379e-01
   4.8857715e+01   1.4687211e+02   9.0232006e-01   4.6735429e+01   6.6722321e-01
   4.9058116e+01   1.5008995e+02   1.0101535e+00   4.1788070e+01   5.8409585e-01
   4.9258517e+01   1.5296067e+02   1.0499912e+00   3.6584938e+01   4.7837261e-01
   4.9458918e+01   1.5541337e+02   1.0811079e+00   3.1157587e+01   3.6278022e-01
   4.9659319e+01   1.5740830e+02   1.0988892e+00   2.5517198e+01   2.5784845e-01
   4.9859719e+01   1.5884014e+02   1.1291917e+00   1.9685902e+01   1.7502316e-01
   5.0060120e+01   1.5993485e+02   1.1304873e+00   1.3807975e+01   7.8024298e-02
   5.0260521e+01   1.6056973e+02   1.0903604e+00   7.8723655e+00   3.0525943e-02
   5.0460922e+01   1.6076233e+02   1.0765342e+00   1.9218832e+00   1.4657640e-01
   5.0661323e+01   1.6055387e+02   1.0276946e+00  -3.9436580e+00   2.1588505e-01
   5.0861723e+01   1.5988063e+02   9.6449617e-01  -9.6401586e+00   2.6478734e-01
   5.1062124e+01   1.5867422e+02   8.8290472e-01  -1.5171743e+01   2.8742042e-01
   5.1262525e+01   1.5717657e+02   8.2878173e-01  -2.0456292e+01   3.4675002e-01
   5.1462926e+01   1.5528059e+02   7.3846489e-01  -2.5491594e+01   4.0668947e-01
   5.1663327e+01   1.5316612e+02   6.6874381e-01  -3.0369033e+01   3.7939139e-01
   5.1863727e+01   1.5068952e+02   5.7777949e-01  -3.4919851e+01   4.1975895e-01
   5.2064128e+01   1.4808817e+02   5.5347837e-01  -3.9228220e+01   4.4277254e-01
   5.2264529e+01   1.4525929e+02   4.5819431e-01  -4.3171541e+01   4.7311312e-01
   5.2464930e+01   1.4232714e+02   3.6233171e-01  -4.6768355e+01   4.7864965e-01
   5.2665331e+01   1.3925435e+02   2.7370491e-01  -5.0075019e+01   4.3623275e-01
   5.2865731e+01   1.3606748e+02   2.4925290e-01  -5.3137901e+01   4.5940695e-01
   5.3066132e+01   1.3284814e+02   1.2306250e-01  -5.5871831e+01   4.4216294e-01
   5.3266533e+01   1.2952395e+02   5.8098058e-02  -5.8244326e+01   4.7338144e-01
   5.3466934e+01   1.2612010e+02   2.1505361e-02  -6.0430168e+01   4.4886754e-01
   5.3667335e+01   1.2278041e+02   2.9394861e-02  -6.2423896e+01   4.0888650e-01
   5.3867735e+01   1.1950219e+02   7.0104588e-02  -6.4175343e+01   4.6187195e-01
   5.4068136e+01   1.1622978e+02   1.0551668e-01  -6.5761807e+01   4.0736203e-01
   5.4268537e+01   1.1307969e+02   1.2701790e-01  -6.7018039e+01   4.2947473e-01
   5.4468938e+01   1.0998375e+02   1.4615666e-01  -6.8112778e+01   4.3290900e-01
   5.4669339e+01   1.0690892e+02   1.5484347e-01  -6.8965646e+01   4.3178009e-01
   5.4869739e+01   1.0391850e+02   1.4943123e-01  -6.9673743e+01   4.0845913e-01
   5.5070140e+01   1.0097872e+02   1.5556368e-01  -7.0251323e+01   4.2559222e-01
   5.5270541e+01   9.8177412e+01   1.4351256e-01  -7.0782425e+01   3.7869569e-01
   5.5470942e+01   9.5404202e+01   1.3023364e-01  -7.1179237e+01   3.8368422e-01
   5.5671343e+01   9.2731880e+01   1.2709055e-01  -7.1501346e+01   3.9074702e-01
   5.5871743e+01   9.0180405e+01   1.2256360e-01  -7.1724283e+01   3.8873613e-01
   5.6072144e+01   8.7657787e+01   7.7931015e-02  -7.1798209e+01   3.7983943e-01
   5.6272545e+01   8.5252968e+01   5.8545426e-02  -7.1754021e+01   3.7585778e-01
   5.6472946e+01   8.2938043e+01   2.3511360e-02  -7.1625497e+01   3.5992696e-01
   5.6673347e+01   8.0716525e+01   1.0103693e-02  -7.1482756e+01   3.4399415e-01
   5.6873747e+01   7.8548681e+01   4.2643261e-02  -7.1288258e+01   3.3714596e-01
   5.7074148e+01   7.6434399e+01   6.1859993e-02  -7.1030920e+01   3.3680222e-01
   5.7274549e+01   7.4424407e+01   8.4334012e-02  -7.0774701e+01   3.1623451e-01
   5.7474950e+01   7.2457796e+01   9.6926333e-02  -7.0451670e+01   2.8568140e-01
   5.7675351e+01   7.0614688e+01   1.2195341e-01  -7.0032373e+01   2.8608109e-01
   5.7875752e+01   6.8821929e+01   1.3134620e-01  -6.9585378e+01   2.6419335e-01
   5.8076152e+01   6.7105428e+01   1.5240384e-01  -6.9118137e+01   2.7237774e-01
   5.8276553e+01   6.5439195e+01   1.5397660e-01  -6.8669817e+01   2.5224690e-01
   5.8476954e+01   6.3829746e+01   1.7370076e-01  -6.8194351e+01   2.3319962e-01
   5.8677355e+01   6.2297793e+01   1.4924256e-01  -6.7718161e+01   2.1090383e-01
   5.8877756e+01   6.0830765e+01   1.5691936e-01  -6.7209562e+01   1.9110931e-01
   5.9078156e+01   5.9430698e+01   1.4207016e-01  -6.6706184e+01   1.8683402e-01
   5.9278557e+01   5.8087019e+01   1.3342937e-01  -6.6134867e+01   1.6885503e-01
   5.9478958e+01   5.6788247e+01   1.1403186e-01  -6.5547430e+01   1.5146488e-01
   5.9679359e+01   5.5503864e+01   1.0955418e-01  -6.4998066e+01   1.4236431e-01
   5.9879760e+01   5.4294628e+01   9.2292599e-02  -6.4449232e+01   1.2670703e-01
   6.0080160e+01   5.3133918e+01   7.0444813e-02  -6.3883426e+01   1.1786679e-01
   6.0280561e+01   5.2041568e+01   5.2570998e-02  -6.3293511e+01   1.0778942e-01
   6.0480962e+01   5.0992660e+01   2.8621226e-02  -6.2688208e+01   1.0279603e-01
   6.0681363e+01   4.9956871e+01   1.0506949e-02  -6.2130036e+01   9.9568720e-02
   6.0881764e+01   4.8937352e+01   2.0666765e-02  -6.1552298e+01   1.0189309e-01
   6.1082164e+01   4.7971598e+01   2.8272817e-02  -6.0961357e+01   1.1435644e-01
   6.1282565e+01   4.7037710e+01   4.9005428e-02  -6.0386727e+01   1.1103646e-01
   6.1482966e+01   4.6149398e+01   5.6437209e-02  -5.9824638e+01   1.1374556e-01
   6.1683367e+01   4.5303380e+01   6.7341205e-02  -5.9197250e+01   1.2441425e-01
   6.1883768e+01   4.4481235e+01   6.4094150e-02  -5.8609179e+01   1.2761456e-01
   6.2084168e+01   4.3682709e+01   7.4197628e-02  -5.8021310e+01   1.3892282e-01
   6.2284569e+01   4.2860561e+01   8.5699670e-02  -5.7440189e+01   1.5730562e-01
   6.2484970e+01   4.2085757e+01   8.1484699e-02  -5.6919802e+01   1.6054252e-01
   6.2685371e+01   4.1343189e+01   8.5735168e-02  -5.6303337e+01   1.8061499e-01
   6.2885772e+01   4.0628520e+01   5.8611425e-02  -5.5729541e+01   1.8078954e-01
   6.3086172e+01   3.9945445e+01   5.2805775e-02  -5.5171303e+01   1.8314276e-01
   6.3286573e+01   3.9261543e+01   4.5277327e-02  -5.4614203e+01   1.8831331e-01
   6.3486974e+01   3.8600625e+01   4.0814078e-02  -5.4065873e+01   2.0630261e-01
   6.3687375e+01   3.7976293e+01   1.5879846e-02  -5.3545046e+01   2.0973033e-01
   6.3887776e+01   3.7343368e+01   1.6045161e-02  -5.2996514e+01   2.1308245e-01
   6.4088176e+01   3.6744353e+01   1.3785991e-04  -5.2413532e+01   2.1903733e-01
   6.4288577e+01   3.6190322e+01   9.2207482e-03  -5.1838184e+01   2.0498445e-01
   6.4488978e+01   3.5647444e+01   2.1029117e-02  -5.1267615e+01   2.1259867e-01
   6.4689379e+01   3.5105389e+01   2.6757923e-02  -5.0741062e+01   2.0960380e-01
   6.4889780e+01   3.4564515e+01   4.4468833e-02  -5.0229236e+01   2.0466384e-01
   6.5090180e+01   3.4061876e+01   5.5816958e-02  -4.9710071e+01   1.9262701e-01
   6.5290581e+01   3.3578411e+01   5.3101032e-02  -4.9182839e+01   1.8072667e-01
   6.5490982e+01   3.3098150e+01   5.3038882e-02  -4.8681436e+01   1.6494638e-01
   6.5691383e+01   3.2636376e+01   5.9384645e-02  -4.8165742e+01   1.5462284e-01
   6.5891784e+01   3.2191193e+01   5.6489667e-02  -4.7667636e+01   1.4163756e-01
   6.6092184e+01   3.1765403e+01   5.0099358e-02  -4.7172321e+01   1.2244545e-01
   6.6292585e+01   3.1338811e+01   3.9170815e-02  -4.6663149e+01   1.1665614e-01
   6.6492986e+01   3.0929808e+01   3.6856561e-02  -4.6159067e+01   1.0081635e-01
   6.6693387e+01   3.0532491e+01   3.4425247e-02  -4.5661189e+01   9.0301661e-02
   6.6893788e+01   3.0160823e+01   1.4405025e-02  -4.5188006e+01   7.6388087e-02
   6.7094188e+01   2.9780161e+01   8.8111857e-03  -4.4696314e+01   5.7980720e-02
   6.7294589e+01   2.9434365e+01   2.3343031e-03  -4.4215748e+01   5.1899320e-02
   6.7494990e+01   2.9088971e+01   2.0267636e-02  -4.3734469e+01   5.9371168e-02
   6.7695391e+01   2.8739682e+01   2.3517542e-02  -4.3283100e+01   4.6699655e-02
   6.7895792e+01   2.8407924e+01   3.5349735e-02  -4.2820009e+01   4.3839745e-02
   6.8096192e+01   2.8097965e+01   5.4528173e-02  -4.2336424e+01   4.7163934e-02
   6.8296593e+01   2.7791030e+01   6.7893837e-02  -4.1848878e+01   6.2655348e-02
   6.8496994e+01   2.7492988e+01   6.5224032e-02  -4.1387237e+01   5.3639294e-02
   6.8697395e+01   2.7186817e+01   8.7908513e-02  -4.0930289e+01   6.8505294e-02
   6.8897796e+01   2.6875373e+01   8.6878746e-02  -4.0493887e+01   6.9089041e-02
   6.9098196e+01   2.6590746e+01   8.8537350e-02  -4.0045769e+01   8.1714289e-02
   6.9298597e+01   2.6311631e+01   9.6715398e-02  -3.9606184e+01   9.2396253e-02
   6.9498998e+01   2.6040888e+01   9.6765038e-02  -3.9150806e+01   9.8997928e-02
   6.9699399e+01   2.5795558e+01   9.5190185e-02  -3.8707437e+01   1.1679387e-01
   6.9899800e+01   2.5546942e+01   9.7762965e-02  -3.8286293e+01   1.2297674e-01
   7.0100200e+01   2.5304865e+01   8.8035260e-02  -3.7853318e+01   1.3591708e-01
   7.0300601e+01   2.5070843e+01   8.1190898e-02  -3.7416923e+01   1.4558357e-01
   7.0501002e+01   2.4831840e+01   7.5432881e-02  -3.7000563e+01   1.6120372e-01
   7.0701403e+01   2.4596065e+01   6.9565982e-02  -3.6596988e+01   1.6993724e-01
   7.0901804e+01   2.4373601e+01   5.6208964e-02  -3.6190276e+01   1.7402109e-01
   7.1102204e+01   2.4151101e+01   5.0382645e-02  -3.5766700e+01   1.7667888e-01
   7.1302605e+01   2.3937844e+01   4.0843931e-02  -3.5348138e+01   1.8165673e-01
   7.1503006e+01   2.3743020e+01   3.2410959e-02  -3.4944323e+01   1.8701028e-01
   7.1703407e+01   2.3562450e+01   2.2386207e-02  -3.4561847e+01   1.8747454e-01
   7.1903808e+01   2.3371147e+01   1.0508879e-02  -3.4161979e+01   1.9109853e-01
   7.2104208e+01   2.3178470e+01   8.8155530e-03  -3.3756636e+01   1.9113679e-01
   7.2304609e+01   2.2984325e+01   1.7653416e-03  -3.3363961e+01   1.8178882e-01
   7.2505010e+01   2.2815396e+01   1.0443448e-02  -3.2985455e+01   1.7442277e-01
   7.2705411e+01   2.2646657e+01   1.3284562e-02  -3.2597300e+01   1.7103277e-01
   7.2905812e+01   2.2493116e+01   1.4068896e-02  -3.2222380e+01   1.6443690e-01
   7.3106212e+01   2.2347096e+01   2.5198866e-02  -3.1834691e+01   1.5452123e-01
   7.3306613e+01   2.2203653e+01   2.3240402e-02  -3.1453805e+01   1.4659382e-01
   7.3507014e+01   2.2071008e+01   1.8536666e-02  -3.1076950e+01   1.4477812e-01
   7.3707415e+01   2.1928078e+01   2.5397565e-02  -3.0708655e+01   1.3348030e-01
   7.3907816e+01   2.1793736e+01   2.0721082e-02  -3.0346279e+01   1.2998819e-01
   7.4108216e+01   2.1659133e+01   1.9988175e-02  -2.9985981e+01   1.1634528e-01
   7.4308617e+01   2.1534281e+01   1.5680491e-02  -2.9617069e+01   1.0848379e-01
   7.4509018e+01   2.1402619e+01   1.6298215e-02  -2.9251629e+01   1.1173628e-01
   7.4709419e+01   2.1286931e+01   1.3316871e-02  -2.8901520e+01   1.0712801e-01
   7.4909820e+01   2.1176385e+01   5.6650887e-03  -2.8537128e+01   1.0805893e-01
   7.5110220e+01   2.1071888e+01   6.2861084e-03  -2.8178822e+01   1.0732967e-01
   7.5310621e+01   2.0963427e+01   2.0387392e-03  -2.7831188e+01   1.0618323e-01
   7.5511022e+01   2.0868408e+01   2.9882432e-03  -2.7482746e+01   1.0825734e-01
   7.5711423e+01   2.0776814e+01   4.0828238e-03  -2.7137898e+01   1.1453051e-01
   7.5911824e+01   2.0687060e+01   6.4838675e-03  -2.6784476e+01   1.1859822e-01
   7.6112224e+01   2.0597210e+01   5.6198107e-03  -2.6454945e+01   1.1916123e-01
   7.6312625e+01   2.0511277e+01   5.4392439e-03  -2.6120567e+01   1.2743499e-01
   7.6513026e+01   2.0426761e+01   6.4863898e-04  -2.5788848e+01   1.3259199e-01
   7.6713427e+01   2.0346975e+01   1.9256980e-03  -2.5452388e+01   1.3803359e-01
   7.6913828e+01   2.0272730e+01   5.2896453e-03  -2.5127014e+01   1.4408318e-01
   7.7114228e+01   2.0205051e+01   9.9529019e-03  -2.4808299e+01   1.4653283e-01
   7.7314629e+01   2.0155558e+01   9.5922883e-03  -2.4501824e+01   1.5110745e-01
   7.7515030e+01   2.0078972e+01   1.9266794e-02  -2.4182085e+01   1.5117675e-01
   7.7715431e+01   2.0018235e+01   2.3038783e-02  -2.3874173e+01   1.5378968e-01
   7.7915832e+01   1.9960091e+01   2.9369081e-02  -2.3557746e+01   1.5656008e-01
   7.8116232e+01   1.9906468e+01   3.5621882e-02  -2.3243483e+01   1.5801104e-01
   7.8316633e+01   1.9849173e+01   4.0411619e-02  -2.2929191e+01   1.5495080e-01
   7.8517034e+01   1.9812045e+01   4.8998732e-02  -2.2626825e+01   1.5351473e-01
   7.8717435e+01   1.9783347e+01   5.9398746e-02  -2.2334765e+01   1.4811166e-01
   7.8917836e+01   1.9748532e+01   5.7355055e-02  -2.2047729e+01   1.4246231e-01
   7.9118236e+01   1.9702261e+01   6.4320397e-02  -2.1759009e+01   1.3838517e-01
   7.9318637e+01   1.9674177e+01   6.7987642e-02  -2.1477021e+01   1.2842307e-01
   7.9519038e+01   1.9654534e+01   6.6944545e-02  -2.1185330e+01   1.2380309e-01
   7.9719439e+01   1.9632245e+01   6.9589288e-02  -2.0896667e+01   1.1758172e-01
   7.9919840e+01   1.9608405e+01   7.0988365e-02  -2.0612548e+01   1.0475150e-01
   8.0120240e+01   1.9579659e+01   7.0446469e-02  -2.0335970e+01   9.7610214e-02
   8.0320641e+01   1.9557213e+01   6.8247227e-02  -2.0057538e+01   9.3845152e-02
   8.0521042e+01   1.9550364e+01   6.7016616e-02  -1.9785512e+01   8.4738995e-02
   8.0721443e+01   1.9539317e+01   6.3995233e-02  -1.9508583e+01   7.8400225e-02
   8.0921844e+01   1.9530492e+01   6.2414189e-02  -1.9242224e+01   7.6718415e-02
   8.1122244e+01   1.9528720e+01   5.4455073e-02  -1.8977425e+01   7.2142996e-02
   8.1322645e+01   1.9518898e+01   5.1662533e-02  -1.8708384e+01   6.6859042e-02
   8.1523046e+01   1.9513952e+01   4.6083533e-02  -1.8440678e+01   7.1622670e-02
   8.1723447e+01   1.9510071e+01   4.0849260e-02  -1.8178505e+01   6.7543903e-02
   8.1923848e+01   1.9501290e+01   3.6838264e-02  -1.7921168e+01   7.3331581e-02
   8.2124248e+01   1.9501380e+01   3.6264185e-02  -1.7669612e+01   7.2484810e-02
   8.2324649e+01   1.9503141e+01   2.6739556e-02  -1.7413402e+01   7.8407172e-02
   8.2525050e+01   1.9513998e+01   2.1229424e-02  -1.7171295e+01   8.3999364e-02
   8.2725451e+01   1.9522036e+01   1.9833160e-02  -1.6923093e+01   9.1305514e-02
   8.2925852e+01   1.9536694e+01   1.7863837e-02  -1.6677379e+01   9.9005136e-02
   8.3126253e+01   1.9540014e+01   2.0103676e-02  -1.6425437e+01   1.0228278e-01
   8.3326653e+01   1.9547086e+01   1.8344990e-02  -1.6177365e+01   1.1803701e-01
   8.3527054e+01   1.9559399e+01   1.5682182e-02  -1.5938579e+01   1.2307183e-01
   8.3727455e+01   1.9572214e+01   2.3947072e-02  -1.5692772e+01   1.3197822e-01
   8.3927856e+01   1.9593636e+01   1.9999491e-02  -1.5446962e+01   1.3767308e-01
   8.4128257e+01   1.9615673e+01   2.3282755e-02  -1.5209552e+01   1.5115047e-01
   8.4328657e+01   1.9643190e+01   3.2469030e-02  -1.4976149e+01   1.6025722e-01
   8.4529058e+01   1.9673424e+01   3.3115976e-02  -1.4752891e+01   1.6367475e-01
   8.4729459e+01   1.9696473e+01   3.7699081e-02  -1.4525044e+01   1.6709607e-01
   8.4929860e+01   1.9718098e+01   5.0187960e-02  -1.4288806e+01   1.7740047e-01
   8.5130261e+01   1.9735747e+01   5.8110413e-02  -1.4063506e+01   1.7238838e-01
   8.5330661e+01   1.9765504e+01   5.8907374e-02  -1.3838007e+01   1.8174498e-01
   8.5531062e+01   1.9796468e+01   6.0809284e-02  -1.3612338e+01   1.7726157e-01
   8.5731463e+01   1.9819591e+01   7.0277151e-02  -1.3384491e+01   1.8456053e-01
   8.5931864e+01   1.9855492e+01   7.2924942e-02  -1.3171297e+01   1.7700676e-01
   8.6132265e+01   1.9896431e+01   8.0336296e-02  -1.2954842e+01   1.7637803e-01
   8.6332665e+01   1.9935920e+01   8.1488026e-02  -1.2742508e+01   1.6860524e-01
   8.6533066e+01   1.9971211e+01   8.7137441e-02  -1.2524716e+01   1.6432188e-01
   8.6733467e+01   2.0008107e+01   8.7822720e-02  -1.2312000e+01   1.6227052e-01
   8.6933868e+01   2.0045363e+01   9.1346973e-02  -1.2101091e+01   1.5052466e-01
   8.7134269e+01   2.0091309e+01   9.3433477e-02  -1.1889113e+01   1.5158474e-01
   8.7334669e+01   2.0131011e+01   9.0853799e-02  -1.1679261e+01   1.4772425e-01
   8.7535070e+01   2.0170665e+01   9.3277747e-02  -1.1485250e+01   1.4332530e-01
   8.7735471e+01   2.0223288e+01   9.1069281e-02  -1.1284529e+01   1.3863578e-01
   8.7935872e+01   2.0283697e+01   9.3112028e-02  -1.1083726e+01   1.3191231e-01
   8.8136273e+01   2.0338479e+01   8.7312501e-02  -1.0873533e+01   1.3398036e-01
   8.8336673e+01   2.0391816e+01   8.2564953e-02  -1.0676036e+01   1.3314831e-01
   8.8537074e+01   2.0437612e+01   8.2711148e-02  -1.0477468e+01   1.3392864e-01
   8.8737475e+01   2.0495836e+01   8.2448177e-02  -1.0285280e+01   1.3811965e-01
   8.8937876e+01   2.0557420e+01   7.8787461e-02  -1.0095610e+01   1.4304638e-01
   8.9138277e+01   2.0619470e+01   7.5533892e-02  -9.9164666e+00   1.5631058e-01
   8.9338677e+01   2.0681083e+01   7.8166125e-02  -9.7463947e+00   1.6187027e-01
   8.9539078e+01   2.0751767e+01   7.3778037e-02  -9.5845461e+00   1.7008122e-01
   8.9739479e+01   2.0810455e+01   7.4987381e-02  -9.4172131e+00   1.7860012e-01
   8.9939880e+01   2.0884397e+01   7.4808506e-02  -9.2584870e+00   1.9327830e-01
   9.0140281e+01   2.0945103e+01   6.5525015e-02  -9.1049605e+00   2.0076151e-01
   9.0340681e+01   2.1012798e+01   6.9045568e-02  -8.9525591e+00   2.1224914e-01
   9.0541082e+01   2.1066602e+01   6.2728757e-02  -8.8054325e+00   2.2448488e-01
   9.0741483e+01   2.1128324e+01   6.9213129e-02  -8.6609065e+00   2.4241929e-01
   9.0941884e+01   2.1195039e+01   5.7281178e-02  -8.5109555e+00   2.4618652e-01
   9.1142285e+01   2.1266573e+01   6.3187682e-02  -8.3659608e+00   2.6253423e-01
   9.1342685e+01   2.1339180e+01   5.8406415e-02  -8.2202796e+00   2.7390048e-01
   9.1543086e+01   2.1404031e+01   4.8575936e-02  -8.0711168e+00   2.8374641e-01
   9.1743487e+01   2.1480624e+01   5.4495591e-02  -7.9368084e+00   2.8830470e-01
   9.1943888e+01   2.1545946e+01   4.0440462e-02  -7.8005265e+00   2.9408803e-01
   9.2144289e+01   2.1613641e+01   4.3882493e-02  -7.6517974e+00   2.9998070e-01
   9.2344689e+01   2.1675963e+01   2.7506721e-02  -7.5238446e+00   2.9565156e-01
   9.2545090e+01   2.1752512e+01   3.2824666e-02  -7.3942540e+00   3.0570755e-01
   9.2745491e+01   2.1822349e+01   1.5482523e-02  -7.2639802e+00   2.9547051e-01
   9.2945892e+01   2.1888624e+01   1.1782057e-02  -7.1341728e+00   2.9596725e-01
   9.3146293e+01   2.1948132e+01   3.5461499e-03  -7.0078739e+00   2.9008254e-01
   9.3346693e+01   2.2021130e+01   1.0748969e-02  -6.8820424e+00   2.8417900e-01
   9.3547094e+01   2.2090744e+01   2.3973487e-02  -6.7570325e+00   2.7127311e-01
   9.3747495e+01   2.2165369e+01   3.3454839e-02  -6.6214218e+00   2.7046646e-01
   9.3947896e+01   2.2230347e+01   5.1035163e-02  -6.4940156e+00   2.4962587e-01
   9.4148297e+01   2.2303415e+01   5.9091075e-02  -6.3712965e+00   2.4551202e-01
   9.4348697e+01   2.2380555e+01   7.6964817e-02  -6.2529483e+00   2.3554415e-01
   9.4549098e+01   2.2458014e+01   8.3074805e-02  -6.1312906e+00   2.2657052e-01
   9.4749499e+01   2.2535633e+01   1.0175425e-01  -6.0161806e+00   2.0944880e-01
   9.4949900e+01   2.2599535e+01   1.1486340e-01  -5.8950535e+00   2.0133546e-01
   9.5150301e+01   2.2663139e+01   1.2053686e-01  -5.7771166e+00   1.9916090e-01
   9.5350701e+01   2.2734028e+01   1.3191798e-01  -5.6638119e+00   1.8376686e-01
   9.5551102e+01   2.2803374e+01   1.4391507e-01  -5.5507053e+00   1.8071265e-01
   9.5751503e+01   2.2870617e+01   1.5142999e-01  -5.4462986e+00   1.8174916e-01
   9.5951904e+01   2.2931006e+01   1.5910370e-01  -5.3410836e+00   1.7789065e-01
   9.6152305e+01   2.3003811e+01   1.6928525e-01  -5.2442445e+00   1.7346402e-01
   9.6352705e+01   2.3066441e+01   1.7513221e-01  -5.1434688e+00   1.7828869e-01
   9.6553106e+01   2.3130912e+01   1.7451157e-01  -5.0524080e+00   1.7356185e-01
   9.6753507e+01   2.3195981e+01   1.8624203e-01  -4.9608893e+00   1.7793314e-01
   9.6953908e+01   2.3267086e+01   1.8450859e-01  -4.8769306e+00   1.8170457e-01
   9.7154309e+01   2.3331500e+01   1.8325783e-01  -4.7920680e+00   1.8827235e-01
   9.7354709e+01   2.3387367e+01   1.8373881e-01  -4.7018620e+00   1.8882241e-01
   9.7555110e+01   2.3446104e+01   1.8072567e-01  -4.6296972e+00   2.0063438e-01
   9.7755511e+01   2.3504375e+01   1.7680429e-01  -4.5500997e+00   2.0798116e-01
   9.7955912e+01   2.3570424e+01   1.7376561e-01  -4.4858587e+00   2.0921338e-01
   9.8156313e+01   2.3623726e+01   1.6432768e-01  -4.4163756e+00   2.1699634e-01
   9.8356713e+01   2.3675858e+01   1.6171810e-01  -4.3499785e+00   2.2041838e-01
   9.8557114e+01   2.3721060e+01   1.4611843e-01  -4.2869736e+00   2.2753060e-01
   9.8757515e+01   2.3775020e+01   1.4541866e-01  -4.2159645e+00   2.2499885e-01
   9.8957916e+01   2.3820208e+01   1.3849543e-01  -4.1526773e+00   2.2917154e-01
   9.9158317e+01   2.3857306e+01   1.2339952e-01  -4.0921008e+00   2.2993525e-01
   9.9358717e+01   2.3907228e+01   1.2126075e-01  -4.0352221e+00   2.2633216e-01
   9.9559118e+01   2.3956018e+01   1.1547331e-01  -3.9715283e+00   2.2484656e-01
   9.9759519e+01   2.3989218e+01   1.0461725e-01  -3.9257448e+00   2.2008478e-01
   9.9959920e+01   2.4028075e+01   9.4258220e-02  -3.8692175e+00   2.1465197e-01
   1.0016032e+02   2.4045852e+01   8.0731462e-02  -3.8189700e+00   2.1118165e-01
   1.0036072e+02   2.4091615e+01   9.1011197e-02  -3.7667858e+00   1.9645791e-01
   1.0056112e+02   2.4115961e+01   7.5452206e-02  -3.7121335e+00   1.8915904e-01
   1.0076152e+02   2.4143927e+01   7.2959032e-02  -3.6598013e+00   1.8356515e-01
   1.0096192e+02   2.4162913e+01   7.4735551e-02  -3.6068613e+00   1.8575115e-01
   1.0116232e+02   2.4173264e+01   7.8144299e-02  -3.5599685e+00   1.7180829e-01
   1.0136272e+02   2.4199433e+01   8.4981681e-02  -3.5188677e+00   1.5738578e-01
   1.0156313e+02   2.4215764e+01   8.8773054e-02  -3.4622687e+00   1.6468403e-01
   1.0176353e+02   2.4226626e+01   9.4766706e-02  -3.4181211e+00   1.5415642e-01
   1.0196393e+02   2.4240622e+01   8.4617942e-02  -3.3620075e+00   1.4003130e-01
   1.0216433e+02   2.4234128e+01   9.5704731e-02  -3.3146505e+00   1.3187705e-01
   1.0236473e+02   2.4249313e+01   1.0323542e-01  -3.2569911e+00   1.3714843e-01
   1.0256513e+02   2.4238686e+01   1.1086103e-01  -3.1980621e+00   1.2232251e-01
   1.0276553e+02   2.4230149e+01   1.1017295e-01  -3.1545203e+00   1.1663858e-01
   1.0296593e+02   2.4233644e+01   1.1880559e-01  -3.0884885e+00   1.2421201e-01
   1.0316633e+02   2.4222995e+01   1.2617462e-01  -3.0394442e+00   1.1753344e-01
   1.0336673e+02   2.4206101e+01   1.2936303e-01  -2.9809382e+00   1.1801747e-01
   1.0356713e+02   2.4195959e+01   1.4349817e-01  -2.9302581e+00   1.2417795e-01
   1.0376753e+02   2.4175141e+01   1.4398709e-01  -2.8595427e+00   1.1908399e-01
   1.0396794e+02   2.4151717e+01   1.4268228e-01  -2.7890542e+00   1.2385224e-01
   1.0416834e+02   2.4123947e+01   1.5581056e-01  -2.7316426e+00   1.3142859e-01
   1.0436874e+02   2.4085620e+01   1.5576632e-01  -2.6693030e+00   1.3006747e-01
   1.0456914e+02   2.4054984e+01   1.6243771e-01  -2.6050588e+00   1.3431375e-01
   1.0476954e+02   2.4019108e+01   1.5505195e-01  -2.5170974e+00   1.3665253e-01
   1.0496994e+02   2.4001116e+01   1.5951398e-01  -2.4373838e+00   1.3012051e-01
   1.0517034e+02   2.3958619e+01   1.5555295e-01  -2.3543518e+00   1.3331009e-01
   1.0537074e+02   2.3917723e+01   1.6167891e-01  -2.2726558e+00   1.2928477e-01
   1.0557114e+02   2.3879790e+01   1.5392368e-01  -2.1755711e+00   1.3342900e-01
   1.0577154e+02   2.3841025e+01   1.5551192e-01  -2.0837743e+00   1.2529578e-01
   1.0597194e+02   2.3800190e+01   1.5939221e-01  -1.9854462e+00   1.2353642e-01
   1.0617235e+02   2.3753019e+01   1.4428797e-01  -1.8841117e+00   1.1819175e-01
   1.0637275e+02   2.3714944e+01   1.4382258e-01  -1.7752963e+00   1.1470548e-01
   1.0657315e+02   2.3672244e+01   1.4556525e-01  -1.6567364e+00   1.0341174e-01
   1.0677355e+02   2.3632683e+01   1.4442728e-01  -1.5407793e+00   8.4061992e-02
   1.0697395e+02   2.3593561e+01   1.4560467e-01  -1.4315527e+00   6.7212028e-02
   1.0717435e+02   2.3541745e+01   1.4210984e-01  -1.2971259e+00   4.7359081e-02
   1.0737475e+02   2.3499526e+01   1.4094299e-01  -1.1646118e+00   4.0768621e-02
   1.0757515e+02   2.3459669e+01   1.3815325e-01  -1.0385293e+00   2.0656484e-02
   1.0777555e+02   2.3413838e+01   1.4057687e-01  -8.8913015e-01   9.7640905e-03
   1.0797595e+02   2.3373275e+01   1.3766210e-01  -7.4912788e-01   1.1912995e-02
   1.0817635e+02   2.3340594e+01   1.3650368e-01  -6.0551209e-01   3.1665518e-02
   1.0837675e+02   2.3309423e+01   1.3783642e-01  -4.5219960e-01   4.5781198e-02
   1.0857715e+02   2.3282822e+01   1.4788329e-01  -2.9977871e-01   7.4486628e-02
   1.0877755e+02   2.3260886e+01   1.3980800e-01  -1.2373827e-01   9.3533385e-02
   1.0897796e+02   2.3229619e+01   1.3401655e-01   4.9725101e-02   1.0794869e-01
   1.0917836e+02   2.3206673e+01   1.2911279e-01   2.1353031e-01   1.1974805e-01
   1.0937876e+02   2.3183371e+01   1.3610912e-01   3.9130957e-01   1.3265072e-01
   1.0957916e+02   2.3167050e+01   1.3425269e-01   5.6799966e-01   1.4823344e-01
   1.0977956e+02   2.3152109e+01   1.2350818e-01   7.3569137e-01   1.6010176e-01
   1.0997996e+02   2.3144226e+01   1.2040165e-01   9.1910303e-01   1.6068999e-01
   1.1018036e+02   2.3127230e+01   1.0249187e-01   1.0947214e+00   1.6856589e-01
   1.1038076e+02   2.3134042e+01   1.0236241e-01   1.2798662e+00   1.6149408e-01
   1.1058116e+02   2.3129341e+01   9.2628266e-02   1.4669966e+00   1.5654830e-01
   1.1078156e+02   2.3129585e+01   9.0115547e-02   1.6474055e+00   1.5115801e-01
   1.1098196e+02   2.3143410e+01   8.2810999e-02   1.8248520e+00   1.4300996e-01
   1.1118237e+02   2.3152619e+01   8.2815835e-02   2.0142206e+00   1.3852118e-01
   1.1138277e+02   2.3149663e+01   6.7182207e-02   2.2054350e+00   1.3451442e-01
   1.1158317e+02   2.3161382e+01   6.9910365e-02   2.3994885e+00   1.1809841e-01
   1.1178357e+02   2.3163815e+01   5.2658511e-02   2.5965010e+00   1.0750921e-01
   1.1198397e+02   2.3188162e+01   4.6648198e-02   2.7969464e+00   1.0786695e-01
   1.1218437e+02   2.3205574e+01   4.2028238e-02   3.0054832e+00   9.9509084e-02
   1.1238477e+02   2.3220218e+01   2.7483331e-02   3.2094927e+00   8.1766301e-02
   1.1258517e+02   2.3251316e+01   1.9563343e-02   3.4287902e+00   8.1161278e-02
   1.1278557e+02   2.3274573e+01   1.2248336e-02   3.6396118e+00   6.8279080e-02
   1.1298597e+02   2.3304716e+01   6.2521873e-04   3.8585434e+00   7.3303524e-02
   1.1318637e+02   2.3337642e+01   1.0599044e-02   4.0870312e+00   6.8342480e-02
   1.1338677e+02   2.3368148e+01   2.4383911e-02   4.3178392e+00   7.0910121e-02
   1.1358717e+02   2.3414209e+01   3.7513226e-02   4.5596388e+00   7.1723401e-02
   1.1378758e+02   2.3465099e+01   5.4605234e-02   4.8005711e+00   6.7074458e-02
   1.1398798e+02   2.3517695e+01   6.3998606e-02   5.0456275e+00   7.0447924e-02
   1.1418838e+02   2.3568419e+01   7.4695137e-02   5.2949572e+00   7.7114696e-02
   1.1438878e+02   2.3628805e+01   8.9925652e-02   5.5508247e+00   7.9599941e-02
   1.1458918e+02   2.3693468e+01   9.9626284e-02   5.8074448e+00   8.2667709e-02
   1.1478958e+02   2.3766740e+01   1.1146966e-01   6.0727462e+00   9.0832199e-02
   1.1498998e+02   2.3847298e+01   1.1743978e-01   6.3331115e+00   9.3226840e-02
   1.1519038e+02   2.3935164e+01   1.2970451e-01   6.6225807e+00   1.0317152e-01
   1.1539078e+02   2.4029291e+01   1.3847428e-01   6.8917562e+00   1.0403873e-01
   1.1559118e+02   2.4129088e+01   1.4923898e-01   7.1703400e+00   1.0935775e-01
   1.1579158e+02   2.4238705e+01   1.5234177e-01   7.4484498e+00   1.1421775e-01
   1.1599198e+02   2.4363894e+01   1.5437475e-01   7.7324475e+00   1.0949922e-01
   1.1619239e+02   2.4489595e+01   1.6033894e-01   8.0189910e+00   1.1058434e-01
   1.1639279e+02   2.4626901e+01   1.6126689e-01   8.3116824e+00   1.0692156e-01
   1.1659319e+02   2.4768296e+01   1.6822458e-01   8.6039877e+00   1.0011915e-01
   1.1679359e+02   2.4926870e+01   1.5843618e-01   8.8943581e+00   9.4492691e-02
   1.1699399e+02   2.5092575e+01   1.5938197e-01   9.1865357e+00   8.8791906e-02
   1.1719439e+02   2.5275469e+01   1.5135553e-01   9.4828300e+00   8.1275362e-02
   1.1739479e+02   2.5460640e+01   1.4977002e-01   9.7761503e+00   7.0487155e-02
   1.1759519e+02   2.5659955e+01   1.4579981e-01   1.0080777e+01   5.4472325e-02
   1.1779559e+02   2.5865908e+01   1.3221213e-01   1.0373999e+01   4.7201781e-02
   1.1799599e+02   2.6090500e+01   1.2399906e-01   1.0683808e+01   2.4858782e-02
   1.1819639e+02   2.6332009e+01   1.1470055e-01   1.0982419e+01   1.3823674e-02
   1.1839679e+02   2.6587015e+01   9.4673636e-02   1.1297849e+01   5.7936690e-04
   1.1859719e+02   2.6852740e+01   9.0782668e-02   1.1598887e+01   7.7597893e-03
   1.1879760e+02   2.7132186e+01   7.5829596e-02   1.1902687e+01   2.7688985e-02
   1.1899800e+02   3.1488498e-01   0.0000000e+00   2.2907318e+01   3.5527137e-15
   1.1919840e+02   3.1108328e-01   0.0000000e+00   2.2784538e+01   3.5527137e-15
   1.1939880e+02   3.0728480e-01   0.0000000e+00   2.2662001e+01   0.0000000e+00
   1.1959920e+02   3.0348956e-01   0.0000000e+00   2.2539705e+01   0.0000000e+00
   1.1979960e+02   2.9969750e-01   0.0000000e+00   2.2417647e+01   3.5527137e-15
   1.2000000e+02   2.9590864e-01   0.0000000e+00   2.2295826e+01   3.5527137e-15
