   2.0000000e+01   3.1737459e+00   5.4006522e-01  -3.9898994e+01   2.0200383e-01
   2.0200401e+01   3.1326271e+00   5.5628341e-01  -3.9056365e+01   2.0094929e-01
   2.0400802e+01   3.0908782e+00   5.7444880e-01  -3.8228915e+01   1.9240459e-01
   2.0601202e+01   3.0547899e+00   5.8304040e-01  -3.7398386e+01   1.7448599e-01
   2.0801603e+01   3.0319740e+00   5.9041770e-01  -3.6557364e+01   1.6347449e-01
   2.1002004e+01   3.0131934e+00   5.8178930e-01  -3.5721656e+01   1.5936569e-01
   2.1202405e+01   3.0057180e+00   5.7972825e-01  -3.4904157e+01   1.5554349e-01
   2.1402806e+01   2.9988218e+00   5.7728407e-01  -3.4103217e+01   1.5580815e-01
   2.1603206e+01   2.9601022e+00   5.7557741e-01  -3.3296724e+01   1.6172627e-01
   2.1803607e+01   2.9347202e+00   5.7486701e-01  -3.2504318e+01   1.6514747e-01
   2.2004008e+01   2.9131859e+00   5.7894081e-01  -3.1732123e+01   1.7071748e-01
   2.2204409e+01   2.9005495e+00   5.8448727e-01  -3.0961393e+01   1.8447938e-01
   2.2404810e+01   2.8821202e+00   5.9743941e-01  -3.0185004e+01   1.8601950e-01
   2.2605210e+01   2.8713690e+00   6.0258752e-01  -2.9399906e+01   1.8552970e-01
   2.2805611e+01   2.8659250e+00   6.0499050e-01  -2.8629145e+01   1.7634358e-01
   2.3006012e+01   2.8546044e+00   6.0914461e-01  -2.7883612e+01   1.6879166e-01
   2.3206413e+01   2.8429274e+00   6.0465564e-01  -2.7148535e+01   1.7129223e-01
   2.3406814e+01   2.8389856e+00   5.9728226e-01  -2.6415854e+01   1.7633817e-01
   2.3607214e+01   2.8416679e+00   6.0012453e-01  -2.5680045e+01   1.7986655e-01
   2.3807615e+01   2.8493215e+00   6.0341983e-01  -2.4951009e+01   1.7802260e-01
   2.4008016e+01   2.8494752e+00   5.9932570e-01  -2.4222334e+01   1.7189897e-01
   2.4208417e+01   2.8428656e+00   5.9584639e-01  -2.3495424e+01   1.6098254e-01
   2.4408818e+01   2.8398889e+00   5.8719318e-01  -2.2767993e+01   1.5496752e-01
   2.4609218e+01   2.8488095e+00   5.7804485e-01  -2.2045706e+01   1.5560528e-01
   2.4809619e+01   2.8570207e+00   5.8177485e-01  -2.1322460e+01   1.5631980e-01
   2.5010020e+01   2.8692048e+00   5.8929811e-01  -2.0600803e+01   1.5590462e-01
   2.5210421e+01   2.8831694e+00   5.9212144e-01  -1.9887830e+01   1.5551338e-01
   2.5410822e+01   2.9033067e+00   5.9590533e-01  -1.9173924e+01   1.5300802e-01
   2.5611222e+01   2.9228576e+00   5.9926743e-01  -1.8466266e+01   1.5094603e-01
   2.5811623e+01   2.9463578e+00   6.0145832e-01  -1.7756977e+01   1.4720907e-01
   2.6012024e+01   2.9694022e+00   6.0428287e-01  -1.7040411e+01   1.4463360e-01
   2.6212425e+01   2.9998340e+00   5.9928342e-01  -1.6322886e+01   1.4196666e-01
   2.6412826e+01   3.0351801e+00   5.9614569e-01  -1.5614142e+01   1.4072956e-01
   2.6613226e+01   3.0740141e+00   5.9143010e-01  -1.4909959e+01   1.4125486e-01
   2.6813627e+01   3.1134841e+00   5.9089349e-01  -1.4205393e+01   1.3984111e-01
   2.7014028e+01   3.1506960e+00   5.9440600e-01  -1.3502307e+01   1.3838544e-01
   2.7214429e+01   3.1878088e+00   5.9813237e-01  -1.2798534e+01   1.3324530e-01
   2.7414830e+01   3.2295658e+00   6.0217345e-01  -1.2096369e+01   1.2981956e-01
   2.7615230e+01   3.2756562e+00   6.0594589e-01  -1.1388260e+01   1.2224958e-01
   2.7815631e+01   3.3301950e+00   6.0354619e-01  -1.0680149e+01   1.1982750e-01
   2.8016032e+01   3.3857678e+00   6.0460526e-01  -9.9766955e+00   1.1771963e-01
   2.8216433e+01   3.4461366e+00   6.0721960e-01  -9.2735295e+00   1.1591240e-01
   2.8416834e+01   3.5110897e+00   6.0863814e-01  -8.5665490e+00   1.1344786e-01
   2.8617234e+01   3.5781935e+00   6.0840381e-01  -7.8583501e+00   1.0711120e-01
   2.8817635e+01   3.6513539e+00   6.0630591e-01  -7.1475457e+00   1.0502194e-01
   2.9018036e+01   3.7286842e+00   6.0409430e-01  -6.4404485e+00   1.1011430e-01
   2.9218437e+01   3.8091088e+00   6.0737917e-01  -5.7251037e+00   1.1483307e-01
   2.9418838e+01   3.8888708e+00   6.1262495e-01  -5.0094362e+00   1.1536040e-01
   2.9619238e+01   3.9686315e+00   6.2073218e-01  -4.2967871e+00   1.0572778e-01
   2.9819639e+01   4.0518600e+00   6.2668152e-01  -3.5828308e+00   9.5670330e-02
   3.0020040e+01   4.1388200e+00   6.3353973e-01  -2.8660926e+00   8.7369268e-02
   3.0220441e+01   4.2298702e+00   6.3262102e-01  -2.1463013e+00   7.6322608e-02
   3.0420842e+01   4.3322266e+00   6.2566794e-01  -1.4307923e+00   7.2709508e-02
   3.0621242e+01   4.4493078e+00   6.1284234e-01  -7.1442929e-01   7.5524469e-02
   3.0821643e+01   4.5648286e+00   6.1055550e-01   1.1089365e-02   8.7369909e-02
   3.1022044e+01   4.6807043e+00   6.0926685e-01   7.6026736e-01   9.9125567e-02
   3.1222445e+01   4.7831796e+00   6.0960406e-01   1.5059595e+00   1.1635871e-01
   3.1422846e+01   4.9039674e+00   6.1870638e-01   2.2645022e+00   1.2514274e-01
   3.1623246e+01   5.0277549e+00   6.2901942e-01   3.0193127e+00   1.2916039e-01
   3.1823647e+01   5.1496605e+00   6.4615555e-01   3.7764009e+00   1.3213714e-01
   3.2024048e+01   5.2799963e+00   6.7035879e-01   4.5311595e+00   1.3218350e-01
   3.2224449e+01   5.4192525e+00   6.8770368e-01   5.2882451e+00   1.2744674e-01
   3.2424850e+01   5.5626510e+00   7.0246150e-01   6.0554122e+00   1.1848044e-01
   3.2625251e+01   5.7147947e+00   7.0850318e-01   6.8305373e+00   1.1108964e-01
   3.2825651e+01   5.8771390e+00   7.1113752e-01   7.6105321e+00   9.7609237e-02
   3.3026052e+01   6.0531422e+00   7.0610306e-01   8.3931460e+00   8.8135188e-02
   3.3226453e+01   6.2355643e+00   7.0155336e-01   9.1877560e+00   8.2293834e-02
   3.3426854e+01   6.4279547e+00   6.9529374e-01   9.9868918e+00   7.7655636e-02
   3.3627255e+01   6.6272194e+00   6.9327783e-01   1.0802544e+01   8.7824647e-02
   3.3827655e+01   6.8314598e+00   6.9068515e-01   1.1622057e+01   1.0070164e-01
   3.4028056e+01   7.0444198e+00   6.8351414e-01   1.2444494e+01   1.1318246e-01
   3.4228457e+01   7.2689275e+00   6.8322647e-01   1.3285625e+01   1.2785638e-01
   3.4428858e+01   7.5048869e+00   6.8017130e-01   1.4131558e+01   1.3996307e-01
   3.4629259e+01   7.7406834e+00   6.9222261e-01   1.4989998e+01   1.4573183e-01
   3.4829659e+01   7.9863660e+00   7.0501284e-01   1.5847737e+01   1.5132617e-01
   3.5030060e+01   8.2394659e+00   7.2688043e-01   1.6720159e+01   1.5436357e-01
   3.5230461e+01   8.5130728e+00   7.3341494e-01   1.7588122e+01   1.4070374e-01
   3.5430862e+01   8.8004100e+00   7.2882397e-01   1.8459571e+01   1.3287267e-01
   3.5631263e+01   9.1066099e+00   7.1523399e-01   1.9335653e+01   1.2302371e-01
   3.5831663e+01   9.4288990e+00   6.9724255e-01   2.0239731e+01   1.2595878e-01
   3.6032064e+01   9.7663616e+00   6.7118545e-01   2.1161908e+01   1.3995910e-01
   3.6232465e+01   1.0115714e+01   6.4913849e-01   2.2104230e+01   1.6111627e-01
   3.6432866e+01   1.0483111e+01   6.2293133e-01   2.3056428e+01   1.9243554e-01
   3.6633267e+01   1.0845696e+01   6.0203170e-01   2.4021951e+01   2.2614940e-01
   3.6833667e+01   1.1225204e+01   5.8973521e-01   2.5007535e+01   2.5774666e-01
   3.7034068e+01   1.1617648e+01   5.7291221e-01   2.6025710e+01   2.9051690e-01
   3.7234469e+01   1.2014023e+01   5.5593487e-01   2.7053889e+01   3.0614425e-01
   3.7434870e+01   1.2424869e+01   5.3886774e-01   2.8089795e+01   3.0088210e-01
   3.7635271e+01   1.2856729e+01   5.1655523e-01   2.9158495e+01   2.7470513e-01
   3.7835671e+01   1.3341463e+01   5.1537926e-01   3.0276114e+01   2.2386587e-01
   3.8036072e+01   1.3901031e+01   5.3388612e-01   3.1432298e+01   1.5568603e-01
   3.8236473e+01   1.4535280e+01   5.8347341e-01   3.2574310e+01   1.0731143e-01
   3.8436874e+01   1.5223026e+01   6.3548183e-01   3.3700700e+01   9.1177808e-02
   3.8637275e+01   1.5928209e+01   6.7320887e-01   3.4812711e+01   9.3195951e-02
   3.8837675e+01   1.6648049e+01   6.8202985e-01   3.5924750e+01   1.2732795e-01
   3.9038076e+01   1.7378796e+01   6.7477236e-01   3.7048795e+01   1.7747410e-01
   3.9238477e+01   1.8129593e+01   6.6947184e-01   3.8200398e+01   2.3582788e-01
   3.9438878e+01   1.8905315e+01   6.7544457e-01   3.9355949e+01   2.9708898e-01
   3.9639279e+01   1.9706781e+01   6.9057957e-01   4.0517264e+01   3.5041377e-01
   3.9839679e+01   2.0535344e+01   7.1300957e-01   4.1708194e+01   3.8927570e-01
   4.0040080e+01   2.1400088e+01   7.2627274e-01   4.2910593e+01   4.0359817e-01
   4.0240481e+01   2.2308953e+01   7.4070951e-01   4.4113384e+01   4.0010217e-01
   4.0440882e+01   2.3281495e+01   7.2541376e-01   4.5323011e+01   3.9617057e-01
   4.0641283e+01   2.4315705e+01   7.0213708e-01   4.6542743e+01   4.0010597e-01
   4.0841683e+01   2.5406459e+01   6.6883321e-01   4.7778324e+01   4.0216072e-01
   4.1042084e+01   2.6547652e+01   6.3268511e-01   4.9020724e+01   4.1099160e-01
   4.1242485e+01   2.7758454e+01   5.9658341e-01   5.0295318e+01   4.1998426e-01
   4.1442886e+01   2.9030162e+01   5.5858097e-01   5.1566569e+01   4.2874568e-01
   4.1643287e+01   3.0365570e+01   5.1600160e-01   5.2857125e+01   4.3048640e-01
   4.1843687e+01   3.1791038e+01   4.7564247e-01   5.4168733e+01   4.5030838e-01
   4.2044088e+01   3.3287538e+01   4.2504860e-01   5.5468766e+01   4.6799189e-01
   4.2244489e+01   3.4864046e+01   3.7361671e-01   5.6767245e+01   4.8210365e-01
   4.2444890e+01   3.6523707e+01   3.2373193e-01   5.8056299e+01   4.9759699e-01
   4.2645291e+01   3.8279895e+01   2.6848288e-01   5.9341302e+01   5.2052986e-01
   4.2845691e+01   4.0124432e+01   2.0095147e-01   6.0601978e+01   5.3357590e-01
   4.3046092e+01   4.2056535e+01   1.2166861e-01   6.1866082e+01   5.5231549e-01
   4.3246493e+01   4.4114828e+01   3.8889034e-02   6.3096680e+01   5.6021432e-01
   4.3446894e+01   4.6292284e+01   7.3868726e-02   6.4313330e+01   5.7561581e-01
   4.3647295e+01   4.8596705e+01   1.9405050e-01   6.5490680e+01   5.6508476e-01
   4.3847695e+01   5.1010916e+01   3.2432153e-01   6.6635685e+01   5.5197647e-01
   4.4048096e+01   5.3538796e+01   4.6809466e-01   6.7724910e+01   5.5197455e-01
   4.4248497e+01   5.6200276e+01   6.0675110e-01   6.8771854e+01   5.4144712e-01
   4.4448898e+01   5.8991017e+01   7.6853212e-01   6.9757836e+01   5.5688151e-01
   4.4649299e+01   6.1909694e+01   9.2103430e-01   7.0659722e+01   5.2515643e-01
   4.4849699e+01   6.4956841e+01   1.0538082e+00   7.1464265e+01   5.0177937e-01
   4.5050100e+01   6.8168031e+01   1.1943848e+00   7.2158900e+01   4.1352337e-01
   4.5250501e+01   7.1503921e+01   1.3438173e+00   7.2716031e+01   3.1876131e-01
   4.5450902e+01   7.4968954e+01   1.4656812e+00   7.3118096e+01   2.5401769e-01
   4.5651303e+01   7.8593933e+01   1.6051347e+00   7.3350663e+01   2.5728276e-01
   4.5851703e+01   8.2310345e+01   1.7387066e+00   7.3426576e+01   3.5293303e-01
   4.6052104e+01   8.6156338e+01   1.8206211e+00   7.3328734e+01   5.2415737e-01
   4.6252505e+01   9.0072217e+01   1.9160090e+00   7.3005958e+01   7.3953538e-01
   4.6452906e+01   9.4095295e+01   1.9631035e+00   7.2435785e+01   9.5185471e-01
   4.6653307e+01   9.8196498e+01   1.9313464e+00   7.1632288e+01   1.1900951e+00
   4.6853707e+01   1.0238306e+02   1.8987122e+00   7.0505572e+01   1.4818416e+00
   4.7054108e+01   1.0662098e+02   1.8349688e+00   6.9093786e+01   1.7561029e+00
   4.7254509e+01   1.1089998e+02   1.7243970e+00   6.7377087e+01   2.0749113e+00
   4.7454910e+01   1.1518656e+02   1.5904920e+00   6.5346985e+01   2.4006694e+00
   4.7655311e+01   1.1938113e+02   1.4053741e+00   6.2960216e+01   2.7421463e+00
   4.7855711e+01   1.2347329e+02   1.2026124e+00   6.0243059e+01   3.0838291e+00
   4.8056112e+01   1.2746983e+02   9.5983258e-01   5.7127103e+01   3.4156008e+00
   4.8256513e+01   1.3131798e+02   6.9556102e-01   5.3689197e+01   3.7517004e+00
   4.8456914e+01   1.3500880e+02   4.1298253e-01   4.9885301e+01   4.0567394e+00
   4.8657315e+01   1.3849956e+02   3.3322244e-01   4.5748016e+01   4.3293258e+00
   4.8857715e+01   1.4169721e+02   6.3062673e-01   4.1347454e+01   4.5130366e+00
   4.9058116e+01   1.4460638e+02   1.1092361e+00   3.6685341e+01   4.6825212e+00
   4.9258517e+01   1.4717144e+02   1.5598294e+00   3.1819719e+01   4.7218643e+00
   4.9458918e+01   1.4933506e+02   2.0457973e+00   2.6767202e+01   4.7467535e+00
   4.9659319e+01   1.5109714e+02   2.5290963e+00   2.1493160e+01   4.7113780e+00
   4.9859719e+01   1.5240239e+02   3.0306693e+00   1.6099140e+01   4.6753125e+00
   5.0060120e+01   1.5329529e+02   3.5131818e+00   1.0605758e+01   4.5906194e+00
   5.0260521e+01   1.5381260e+02   4.0039996e+00   5.0538590e+00   4.4317824e+00
   5.0460922e+01   1.5397902e+02   4.3907726e+00  -4.4370909e-01   4.1866040e+00
   5.0661323e+01   1.5372570e+02   4.7521315e+00  -5.8741864e+00   3.9144603e+00
   5.0861723e+01   1.5312960e+02   5.0073652e+00  -1.1185186e+01   3.6542032e+00
   5.1062124e+01   1.5208829e+02   5.1263963e+00  -1.6364601e+01   3.3020084e+00
   5.1262525e+01   1.5074591e+02   5.2260870e+00  -2.1288358e+01   2.8977148e+00
   5.1462926e+01   1.4913998e+02   5.2570373e+00  -2.6008384e+01   2.5015189e+00
   5.1663327e+01   1.4720709e+02   5.2827486e+00  -3.0504043e+01   2.0246124e+00
   5.1863727e+01   1.4502553e+02   5.2213716e+00  -3.4717497e+01   1.5335179e+00
   5.2064128e+01   1.4263674e+02   5.1061288e+00  -3.8735223e+01   1.0899055e+00
   5.2264529e+01   1.4011696e+02   5.0639775e+00  -4.2457216e+01   6.2389886e-01
   5.2464930e+01   1.3738828e+02   4.9305181e+00  -4.5914215e+01   3.3089034e-01
   5.2665331e+01   1.3453659e+02   4.7706449e+00  -4.9083626e+01   3.9601206e-01
   5.2865731e+01   1.3160801e+02   4.5738904e+00  -5.1994730e+01   7.1359770e-01
   5.3066132e+01   1.2856791e+02   4.4048065e+00  -5.4667852e+01   1.0168491e+00
   5.3266533e+01   1.2542063e+02   4.2185131e+00  -5.7056701e+01   1.1826583e+00
   5.3466934e+01   1.2223643e+02   4.0783015e+00  -5.9217850e+01   1.3461090e+00
   5.3667335e+01   1.1909108e+02   3.9000524e+00  -6.1235730e+01   1.4464759e+00
   5.3867735e+01   1.1595584e+02   3.7135071e+00  -6.3042313e+01   1.5552107e+00
   5.4068136e+01   1.1284187e+02   3.5106677e+00  -6.4631875e+01   1.6198709e+00
   5.4268537e+01   1.0982672e+02   3.3576653e+00  -6.5968899e+01   1.7186407e+00
   5.4468938e+01   1.0685135e+02   3.1799221e+00  -6.7063441e+01   1.7563539e+00
   5.4669339e+01   1.0390405e+02   2.9938185e+00  -6.8010387e+01   1.7624108e+00
   5.4869739e+01   1.0100973e+02   2.9011568e+00  -6.8757992e+01   1.8015398e+00
   5.5070140e+01   9.8187030e+01   2.8094581e+00  -6.9373996e+01   1.7983546e+00
   5.5270541e+01   9.5431517e+01   2.7527013e+00  -6.9922165e+01   1.8178987e+00
   5.5470942e+01   9.2715412e+01   2.6947132e+00  -7.0358356e+01   1.8454433e+00
   5.5671343e+01   9.0109182e+01   2.6287048e+00  -7.0706049e+01   1.8462308e+00
   5.5871743e+01   8.7622458e+01   2.6104898e+00  -7.0971407e+01   1.8471178e+00
   5.6072144e+01   8.5190925e+01   2.5751258e+00  -7.1113600e+01   1.8171009e+00
   5.6272545e+01   8.2828764e+01   2.5197217e+00  -7.1142782e+01   1.7831803e+00
   5.6472946e+01   8.0584400e+01   2.4718274e+00  -7.1084571e+01   1.7364252e+00
   5.6673347e+01   7.8434343e+01   2.4212878e+00  -7.0977345e+01   1.7349262e+00
   5.6873747e+01   7.6350228e+01   2.3570799e+00  -7.0813896e+01   1.6829571e+00
   5.7074148e+01   7.4348616e+01   2.2527227e+00  -7.0646027e+01   1.6624982e+00
   5.7274549e+01   7.2422344e+01   2.1633420e+00  -7.0399788e+01   1.6512635e+00
   5.7474950e+01   7.0544760e+01   2.0597812e+00  -7.0118931e+01   1.6801080e+00
   5.7675351e+01   6.8740936e+01   1.9842784e+00  -6.9737119e+01   1.6677721e+00
   5.7875752e+01   6.7000801e+01   1.9200740e+00  -6.9311236e+01   1.6923466e+00
   5.8076152e+01   6.5324991e+01   1.8615573e+00  -6.8861270e+01   1.6951055e+00
   5.8276553e+01   6.3690604e+01   1.8020113e+00  -6.8415284e+01   1.7093478e+00
   5.8476954e+01   6.2100501e+01   1.7698682e+00  -6.7971468e+01   1.7215634e+00
   5.8677355e+01   6.0575068e+01   1.7282474e+00  -6.7489459e+01   1.6865215e+00
   5.8877756e+01   5.9117893e+01   1.6758876e+00  -6.7004788e+01   1.6775217e+00
   5.9078156e+01   5.7710762e+01   1.6235681e+00  -6.6492020e+01   1.6750262e+00
   5.9278557e+01   5.6353400e+01   1.5737097e+00  -6.5941443e+01   1.6653038e+00
   5.9478958e+01   5.5056954e+01   1.4845012e+00  -6.5362074e+01   1.6575737e+00
   5.9679359e+01   5.3786187e+01   1.4320003e+00  -6.4803696e+01   1.6450326e+00
   5.9879760e+01   5.2546190e+01   1.3769055e+00  -6.4235767e+01   1.6347632e+00
   6.0080160e+01   5.1393016e+01   1.3277592e+00  -6.3650499e+01   1.6046857e+00
   6.0280561e+01   5.0276836e+01   1.3024076e+00  -6.3035719e+01   1.6041470e+00
   6.0480962e+01   4.9198444e+01   1.2844597e+00  -6.2422156e+01   1.6072198e+00
   6.0681363e+01   4.8147238e+01   1.2471013e+00  -6.1818177e+01   1.6061145e+00
   6.0881764e+01   4.7121369e+01   1.2318305e+00  -6.1231618e+01   1.5883609e+00
   6.1082164e+01   4.6136346e+01   1.1961653e+00  -6.0631639e+01   1.5763818e+00
   6.1282565e+01   4.5197946e+01   1.1849726e+00  -6.0027556e+01   1.5486746e+00
   6.1482966e+01   4.4282665e+01   1.1872705e+00  -5.9437194e+01   1.5243437e+00
   6.1683367e+01   4.3419719e+01   1.1741243e+00  -5.8810093e+01   1.4952896e+00
   6.1883768e+01   4.2600566e+01   1.1527547e+00  -5.8203353e+01   1.4638406e+00
   6.2084168e+01   4.1793941e+01   1.1408812e+00  -5.7591813e+01   1.4258705e+00
   6.2284569e+01   4.0998885e+01   1.1143901e+00  -5.7006476e+01   1.3957200e+00
   6.2484970e+01   4.0233680e+01   1.0707148e+00  -5.6478718e+01   1.3689016e+00
   6.2685371e+01   3.9512033e+01   1.0441435e+00  -5.5878645e+01   1.3367681e+00
   6.2885772e+01   3.8832390e+01   1.0143418e+00  -5.5275956e+01   1.3037560e+00
   6.3086172e+01   3.8158027e+01   9.9257729e-01  -5.4683555e+01   1.2943059e+00
   6.3286573e+01   3.7500087e+01   9.6766716e-01  -5.4120725e+01   1.2709189e+00
   6.3486974e+01   3.6873175e+01   9.4026812e-01  -5.3554212e+01   1.2585405e+00
   6.3687375e+01   3.6265238e+01   9.3241325e-01  -5.3003218e+01   1.2443658e+00
   6.3887776e+01   3.5664639e+01   9.2841889e-01  -5.2442014e+01   1.2311179e+00
   6.4088176e+01   3.5096184e+01   9.0865866e-01  -5.1847324e+01   1.2068617e+00
   6.4288577e+01   3.4571240e+01   8.8325208e-01  -5.1248582e+01   1.1800304e+00
   6.4488978e+01   3.4053297e+01   8.6630788e-01  -5.0669605e+01   1.1523617e+00
   6.4689379e+01   3.3545491e+01   8.5252627e-01  -5.0131718e+01   1.1455145e+00
   6.4889780e+01   3.3054489e+01   8.3444550e-01  -4.9591332e+01   1.1217812e+00
   6.5090180e+01   3.2580300e+01   8.1827744e-01  -4.9049231e+01   1.1140075e+00
   6.5290581e+01   3.2127675e+01   8.1399597e-01  -4.8514365e+01   1.1106136e+00
   6.5490982e+01   3.1686709e+01   8.0178094e-01  -4.7974379e+01   1.1090468e+00
   6.5691383e+01   3.1262707e+01   7.9766419e-01  -4.7456213e+01   1.1130394e+00
   6.5891784e+01   3.0842905e+01   7.9318066e-01  -4.6934821e+01   1.1088033e+00
   6.6092184e+01   3.0451499e+01   7.9685980e-01  -4.6417667e+01   1.1011009e+00
   6.6292585e+01   3.0062561e+01   8.0045018e-01  -4.5902154e+01   1.1029393e+00
   6.6492986e+01   2.9692312e+01   7.9721478e-01  -4.5382162e+01   1.0902810e+00
   6.6693387e+01   2.9318559e+01   8.0672028e-01  -4.4882565e+01   1.0926842e+00
   6.6893788e+01   2.8965413e+01   8.2120982e-01  -4.4385118e+01   1.0980108e+00
   6.7094188e+01   2.8631830e+01   8.2681866e-01  -4.3898967e+01   1.0968499e+00
   6.7294589e+01   2.8311550e+01   8.2563060e-01  -4.3424451e+01   1.0826504e+00
   6.7494990e+01   2.8001788e+01   8.3006769e-01  -4.2955878e+01   1.0800446e+00
   6.7695391e+01   2.7686437e+01   8.3866557e-01  -4.2509537e+01   1.0798770e+00
   6.7895792e+01   2.7386220e+01   8.4479531e-01  -4.2073153e+01   1.0603734e+00
   6.8096192e+01   2.7116576e+01   8.5204973e-01  -4.1600693e+01   1.0482458e+00
   6.8296593e+01   2.6850748e+01   8.4694389e-01  -4.1137299e+01   1.0476317e+00
   6.8496994e+01   2.6578542e+01   8.4783639e-01  -4.0701618e+01   1.0401472e+00
   6.8697395e+01   2.6304711e+01   8.5857747e-01  -4.0269920e+01   1.0400055e+00
   6.8897796e+01   2.6038182e+01   8.5168723e-01  -3.9848901e+01   1.0341041e+00
   6.9098196e+01   2.5782242e+01   8.4880191e-01  -3.9441348e+01   1.0261005e+00
   6.9298597e+01   2.5543481e+01   8.4572139e-01  -3.9024606e+01   1.0196992e+00
   6.9498998e+01   2.5314535e+01   8.3511631e-01  -3.8608244e+01   1.0302427e+00
   6.9699399e+01   2.5098390e+01   8.2208016e-01  -3.8194394e+01   1.0145920e+00
   6.9899800e+01   2.4886678e+01   8.0952966e-01  -3.7794360e+01   1.0100681e+00
   7.0100200e+01   2.4676839e+01   8.0485721e-01  -3.7393372e+01   1.0119987e+00
   7.0300601e+01   2.4473202e+01   7.8849959e-01  -3.6996476e+01   1.0159972e+00
   7.0501002e+01   2.4264509e+01   7.7834396e-01  -3.6604212e+01   1.0185996e+00
   7.0701403e+01   2.4074238e+01   7.6086547e-01  -3.6231247e+01   1.0301645e+00
   7.0901804e+01   2.3875619e+01   7.4370786e-01  -3.5858445e+01   1.0357586e+00
   7.1102204e+01   2.3687700e+01   7.2460331e-01  -3.5455488e+01   1.0387344e+00
   7.1302605e+01   2.3495465e+01   7.1900479e-01  -3.5063100e+01   1.0406570e+00
   7.1503006e+01   2.3327822e+01   7.1071613e-01  -3.4685346e+01   1.0444611e+00
   7.1703407e+01   2.3163375e+01   7.0265617e-01  -3.4324723e+01   1.0557774e+00
   7.1903808e+01   2.3003001e+01   6.9244196e-01  -3.3953208e+01   1.0639249e+00
   7.2104208e+01   2.2827295e+01   6.8207220e-01  -3.3562973e+01   1.0679705e+00
   7.2304609e+01   2.2665383e+01   6.6408917e-01  -3.3190256e+01   1.0734315e+00
   7.2505010e+01   2.2506673e+01   6.5388100e-01  -3.2829196e+01   1.0758079e+00
   7.2705411e+01   2.2354567e+01   6.4861455e-01  -3.2475807e+01   1.0811344e+00
   7.2905812e+01   2.2215366e+01   6.3560710e-01  -3.2114964e+01   1.0798543e+00
   7.3106212e+01   2.2075703e+01   6.3700590e-01  -3.1753226e+01   1.0831008e+00
   7.3306613e+01   2.1945021e+01   6.2947233e-01  -3.1392198e+01   1.0805364e+00
   7.3507014e+01   2.1818869e+01   6.2558626e-01  -3.1035949e+01   1.0847148e+00
   7.3707415e+01   2.1684043e+01   6.2795376e-01  -3.0699590e+01   1.0732057e+00
   7.3907816e+01   2.1554946e+01   6.2704296e-01  -3.0363447e+01   1.0580094e+00
   7.4108216e+01   2.1423276e+01   6.2763300e-01  -3.0019018e+01   1.0601571e+00
   7.4308617e+01   2.1303101e+01   6.2112862e-01  -2.9673487e+01   1.0630705e+00
   7.4509018e+01   2.1187011e+01   6.1577131e-01  -2.9347341e+01   1.0387456e+00
   7.4709419e+01   2.1077495e+01   6.0822164e-01  -2.9015402e+01   1.0281063e+00
   7.4909820e+01   2.0968913e+01   5.9909604e-01  -2.8687079e+01   1.0204607e+00
   7.5110220e+01   2.0864575e+01   6.0219505e-01  -2.8358046e+01   1.0084373e+00
   7.5310621e+01   2.0763453e+01   5.9105739e-01  -2.8039402e+01   9.9270326e-01
   7.5511022e+01   2.0667683e+01   5.8373740e-01  -2.7712519e+01   9.8507747e-01
   7.5711423e+01   2.0580814e+01   5.7382559e-01  -2.7387603e+01   9.8189956e-01
   7.5911824e+01   2.0501010e+01   5.6362246e-01  -2.7072551e+01   9.6920183e-01
   7.6112224e+01   2.0407283e+01   5.5933673e-01  -2.6769145e+01   9.5821332e-01
   7.6312625e+01   2.0331184e+01   5.5295043e-01  -2.6462621e+01   9.4933873e-01
   7.6513026e+01   2.0251263e+01   5.4537765e-01  -2.6160734e+01   9.3474127e-01
   7.6713427e+01   2.0173413e+01   5.3622242e-01  -2.5847207e+01   9.2897243e-01
   7.6913828e+01   2.0103358e+01   5.2902865e-01  -2.5545900e+01   9.1440076e-01
   7.7114228e+01   2.0041634e+01   5.2393751e-01  -2.5253112e+01   9.1054426e-01
   7.7314629e+01   1.9983727e+01   5.1258664e-01  -2.4958357e+01   9.0401783e-01
   7.7515030e+01   1.9917718e+01   4.9990615e-01  -2.4666390e+01   9.0585768e-01
   7.7715431e+01   1.9857819e+01   4.9219844e-01  -2.4375705e+01   8.9201589e-01
   7.7915832e+01   1.9798682e+01   4.8012310e-01  -2.4080041e+01   8.8804317e-01
   7.8116232e+01   1.9743056e+01   4.7306473e-01  -2.3780455e+01   8.8721015e-01
   7.8316633e+01   1.9697071e+01   4.6310089e-01  -2.3477902e+01   8.8824097e-01
   7.8517034e+01   1.9654141e+01   4.6082283e-01  -2.3183363e+01   8.9151995e-01
   7.8717435e+01   1.9617500e+01   4.6116315e-01  -2.2904934e+01   8.9523303e-01
   7.8917836e+01   1.9570297e+01   4.6152189e-01  -2.2623545e+01   8.9059700e-01
   7.9118236e+01   1.9526815e+01   4.6699381e-01  -2.2350049e+01   8.9379971e-01
   7.9318637e+01   1.9479592e+01   4.6725472e-01  -2.2074225e+01   8.8333590e-01
   7.9519038e+01   1.9452893e+01   4.6767413e-01  -2.1794830e+01   8.8821267e-01
   7.9719439e+01   1.9424461e+01   4.6331920e-01  -2.1517276e+01   8.9472708e-01
   7.9919840e+01   1.9390428e+01   4.6738403e-01  -2.1242483e+01   8.8850406e-01
   8.0120240e+01   1.9354459e+01   4.6212477e-01  -2.0977529e+01   8.8032695e-01
   8.0320641e+01   1.9322555e+01   4.6497609e-01  -2.0709751e+01   8.8188344e-01
   8.0521042e+01   1.9303045e+01   4.6159421e-01  -2.0446514e+01   8.7451747e-01
   8.0721443e+01   1.9284860e+01   4.6495945e-01  -2.0181198e+01   8.7485230e-01
   8.0921844e+01   1.9263997e+01   4.7256748e-01  -1.9917063e+01   8.7306164e-01
   8.1122244e+01   1.9245142e+01   4.7136864e-01  -1.9658211e+01   8.7371530e-01
   8.1322645e+01   1.9223622e+01   4.8099482e-01  -1.9400245e+01   8.6630450e-01
   8.1523046e+01   1.9206820e+01   4.8368710e-01  -1.9142215e+01   8.6646331e-01
   8.1723447e+01   1.9197503e+01   4.8308760e-01  -1.8898700e+01   8.5907405e-01
   8.1923848e+01   1.9177113e+01   4.7910351e-01  -1.8658897e+01   8.4547788e-01
   8.2124248e+01   1.9163764e+01   4.7703328e-01  -1.8409418e+01   8.4285481e-01
   8.2324649e+01   1.9150312e+01   4.8121448e-01  -1.8175012e+01   8.2593147e-01
   8.2525050e+01   1.9149616e+01   4.7829963e-01  -1.7939225e+01   8.1617765e-01
   8.2725451e+01   1.9148350e+01   4.7911006e-01  -1.7710590e+01   8.0915444e-01
   8.2925852e+01   1.9152979e+01   4.7317433e-01  -1.7482360e+01   7.9540126e-01
   8.3126253e+01   1.9164158e+01   4.6493261e-01  -1.7251409e+01   7.7756305e-01
   8.3326653e+01   1.9168717e+01   4.5768250e-01  -1.7018591e+01   7.7179302e-01
   8.3527054e+01   1.9164936e+01   4.4852981e-01  -1.6788835e+01   7.6190576e-01
   8.3727455e+01   1.9169483e+01   4.4755506e-01  -1.6557210e+01   7.6481435e-01
   8.3927856e+01   1.9187109e+01   4.4281683e-01  -1.6328300e+01   7.5952065e-01
   8.4128257e+01   1.9206995e+01   4.3889195e-01  -1.6097890e+01   7.5725432e-01
   8.4328657e+01   1.9228756e+01   4.3702953e-01  -1.5879374e+01   7.5364589e-01
   8.4529058e+01   1.9251029e+01   4.3155278e-01  -1.5677043e+01   7.5314755e-01
   8.4729459e+01   1.9271439e+01   4.3216420e-01  -1.5459590e+01   7.5533628e-01
   8.4929860e+01   1.9283573e+01   4.2841056e-01  -1.5241803e+01   7.4638573e-01
   8.5130261e+01   1.9303897e+01   4.1863228e-01  -1.5026605e+01   7.4063283e-01
   8.5330661e+01   1.9321357e+01   4.1050298e-01  -1.4812870e+01   7.3186925e-01
   8.5531062e+01   1.9350639e+01   4.0419381e-01  -1.4606080e+01   7.3669007e-01
   8.5731463e+01   1.9379928e+01   3.9258506e-01  -1.4393599e+01   7.2751355e-01
   8.5931864e+01   1.9412685e+01   3.8504926e-01  -1.4186842e+01   7.3235401e-01
   8.6132265e+01   1.9439968e+01   3.8404057e-01  -1.3980885e+01   7.4007582e-01
   8.6332665e+01   1.9475715e+01   3.8804514e-01  -1.3771616e+01   7.4161989e-01
   8.6533066e+01   1.9501272e+01   3.9206684e-01  -1.3570437e+01   7.4030776e-01
   8.6733467e+01   1.9524905e+01   3.9892797e-01  -1.3362713e+01   7.5037350e-01
   8.6933868e+01   1.9554673e+01   3.9801929e-01  -1.3165205e+01   7.5144299e-01
   8.7134269e+01   1.9585894e+01   3.9924402e-01  -1.2970532e+01   7.5425678e-01
   8.7334669e+01   1.9609756e+01   4.0227170e-01  -1.2776536e+01   7.4429649e-01
   8.7535070e+01   1.9639373e+01   4.1567473e-01  -1.2584043e+01   7.4601713e-01
   8.7735471e+01   1.9670685e+01   4.2346262e-01  -1.2402214e+01   7.4228881e-01
   8.7935872e+01   1.9713075e+01   4.3284681e-01  -1.2215142e+01   7.3660599e-01
   8.8136273e+01   1.9754254e+01   4.3665126e-01  -1.2025701e+01   7.2978882e-01
   8.8336673e+01   1.9791576e+01   4.3788279e-01  -1.1838369e+01   7.2484031e-01
   8.8537074e+01   1.9833986e+01   4.4153663e-01  -1.1650266e+01   7.2523054e-01
   8.8737475e+01   1.9869436e+01   4.4445205e-01  -1.1469219e+01   7.2492976e-01
   8.8937876e+01   1.9911712e+01   4.4685510e-01  -1.1281435e+01   7.1773579e-01
   8.9138277e+01   1.9953101e+01   4.5285547e-01  -1.1102432e+01   7.2521959e-01
   8.9338677e+01   1.9998151e+01   4.5434370e-01  -1.0928617e+01   7.1991838e-01
   8.9539078e+01   2.0045274e+01   4.6388166e-01  -1.0762522e+01   7.1737676e-01
   8.9739479e+01   2.0096833e+01   4.6830387e-01  -1.0594101e+01   7.1900622e-01
   8.9939880e+01   2.0149762e+01   4.7167278e-01  -1.0425707e+01   7.1583087e-01
   9.0140281e+01   2.0201831e+01   4.7604598e-01  -1.0264541e+01   7.1310522e-01
   9.0340681e+01   2.0245123e+01   4.8388577e-01  -1.0100961e+01   7.1445247e-01
   9.0541082e+01   2.0300581e+01   4.7874407e-01  -9.9408838e+00   7.0343786e-01
   9.0741483e+01   2.0351116e+01   4.7488090e-01  -9.7838995e+00   7.0700854e-01
   9.0941884e+01   2.0413599e+01   4.7293259e-01  -9.6129805e+00   7.0840357e-01
   9.1142285e+01   2.0478761e+01   4.6795031e-01  -9.4548203e+00   7.0603494e-01
   9.1342685e+01   2.0548229e+01   4.6697629e-01  -9.2918155e+00   7.1039137e-01
   9.1543086e+01   2.0620499e+01   4.6321113e-01  -9.1268036e+00   7.1832304e-01
   9.1743487e+01   2.0679942e+01   4.6185225e-01  -8.9635095e+00   7.2564461e-01
   9.1943888e+01   2.0749149e+01   4.6266284e-01  -8.8066017e+00   7.3543640e-01
   9.2144289e+01   2.0816104e+01   4.5520948e-01  -8.6461753e+00   7.3249932e-01
   9.2344689e+01   2.0884875e+01   4.5379506e-01  -8.4891906e+00   7.3923161e-01
   9.2545090e+01   2.0951253e+01   4.5836720e-01  -8.3428537e+00   7.3953460e-01
   9.2745491e+01   2.1028102e+01   4.5888525e-01  -8.1965904e+00   7.5175223e-01
   9.2945892e+01   2.1087364e+01   4.6168280e-01  -8.0515153e+00   7.6439884e-01
   9.3146293e+01   2.1153076e+01   4.6107203e-01  -7.9124923e+00   7.5804127e-01
   9.3346693e+01   2.1225262e+01   4.5902514e-01  -7.7723510e+00   7.6217411e-01
   9.3547094e+01   2.1302282e+01   4.5416780e-01  -7.6384506e+00   7.6336327e-01
   9.3747495e+01   2.1374050e+01   4.5224641e-01  -7.5040085e+00   7.6657880e-01
   9.3947896e+01   2.1442858e+01   4.6213694e-01  -7.3633440e+00   7.7342831e-01
   9.4148297e+01   2.1521463e+01   4.5688479e-01  -7.2315356e+00   7.8063582e-01
   9.4348697e+01   2.1586974e+01   4.6532599e-01  -7.1062379e+00   7.8456352e-01
   9.4549098e+01   2.1673380e+01   4.6398285e-01  -6.9839475e+00   7.8790509e-01
   9.4749499e+01   2.1742903e+01   4.6646582e-01  -6.8649479e+00   7.9669880e-01
   9.4949900e+01   2.1808777e+01   4.7819002e-01  -6.7514961e+00   7.9564451e-01
   9.5150301e+01   2.1866687e+01   4.8004538e-01  -6.6370090e+00   7.9054676e-01
   9.5350701e+01   2.1934004e+01   4.9434720e-01  -6.5311833e+00   7.9138953e-01
   9.5551102e+01   2.2005840e+01   4.9779875e-01  -6.4288598e+00   7.8170921e-01
   9.5751503e+01   2.2068074e+01   5.0292833e-01  -6.3322646e+00   7.7822624e-01
   9.5951904e+01   2.2138161e+01   5.0192888e-01  -6.2409446e+00   7.7589768e-01
   9.6152305e+01   2.2205426e+01   4.9951919e-01  -6.1490064e+00   7.5914988e-01
   9.6352705e+01   2.2275836e+01   4.9320861e-01  -6.0604977e+00   7.5183069e-01
   9.6553106e+01   2.2348255e+01   4.9408546e-01  -5.9744136e+00   7.4978800e-01
   9.6753507e+01   2.2419545e+01   4.8810679e-01  -5.8944274e+00   7.4607399e-01
   9.6953908e+01   2.2492225e+01   4.8635630e-01  -5.8183343e+00   7.5014409e-01
   9.7154309e+01   2.2570180e+01   4.7828742e-01  -5.7360996e+00   7.3695597e-01
   9.7354709e+01   2.2637092e+01   4.7066465e-01  -5.6615039e+00   7.3408619e-01
   9.7555110e+01   2.2698566e+01   4.6373568e-01  -5.5832924e+00   7.3158731e-01
   9.7755511e+01   2.2769721e+01   4.5782637e-01  -5.5121301e+00   7.3080276e-01
   9.7955912e+01   2.2837870e+01   4.5567677e-01  -5.4484094e+00   7.3427780e-01
   9.8156313e+01   2.2906070e+01   4.4663035e-01  -5.3821278e+00   7.3534992e-01
   9.8356713e+01   2.2961411e+01   4.3908029e-01  -5.3172575e+00   7.3268797e-01
   9.8557114e+01   2.3020821e+01   4.3045183e-01  -5.2528009e+00   7.2823535e-01
   9.8757515e+01   2.3078670e+01   4.1773316e-01  -5.1844321e+00   7.2600585e-01
   9.8957916e+01   2.3130051e+01   4.1489309e-01  -5.1162798e+00   7.3072255e-01
   9.9158317e+01   2.3184390e+01   4.0657838e-01  -5.0484401e+00   7.3282908e-01
   9.9358717e+01   2.3234636e+01   3.9694085e-01  -4.9782824e+00   7.3697405e-01
   9.9559118e+01   2.3285033e+01   3.9697330e-01  -4.9184753e+00   7.4393622e-01
   9.9759519e+01   2.3329226e+01   3.9502836e-01  -4.8547819e+00   7.4222713e-01
   9.9959920e+01   2.3348446e+01   3.9110387e-01  -4.8125612e+00   7.4537851e-01
   1.0016032e+02   2.3387831e+01   3.9551600e-01  -4.7490626e+00   7.5402692e-01
   1.0036072e+02   2.3415725e+01   4.0338537e-01  -4.6918891e+00   7.5360994e-01
   1.0056112e+02   2.3436683e+01   4.1327648e-01  -4.6267799e+00   7.4966752e-01
   1.0076152e+02   2.3461250e+01   4.3573071e-01  -4.5771208e+00   7.4987502e-01
   1.0096192e+02   2.3475217e+01   4.3353694e-01  -4.5298235e+00   7.4024387e-01
   1.0116232e+02   2.3484231e+01   4.4204425e-01  -4.4838385e+00   7.3920691e-01
   1.0136272e+02   2.3491793e+01   4.6400318e-01  -4.4330615e+00   7.1417787e-01
   1.0156313e+02   2.3496536e+01   4.7710424e-01  -4.3978093e+00   7.0394351e-01
   1.0176353e+02   2.3508009e+01   4.8071992e-01  -4.3418224e+00   7.0373313e-01
   1.0196393e+02   2.3518405e+01   4.9019891e-01  -4.2990469e+00   6.8436742e-01
   1.0216433e+02   2.3520581e+01   4.9895554e-01  -4.2515751e+00   6.6679034e-01
   1.0236473e+02   2.3520429e+01   5.1514975e-01  -4.1937864e+00   6.4324214e-01
   1.0256513e+02   2.3529918e+01   5.1109865e-01  -4.1481179e+00   6.2733507e-01
   1.0276553e+02   2.3515519e+01   5.2208463e-01  -4.0987098e+00   6.2381880e-01
   1.0296593e+02   2.3526903e+01   5.1569079e-01  -4.0409752e+00   6.1846969e-01
   1.0316633e+02   2.3515303e+01   5.3544183e-01  -3.9819162e+00   5.9954925e-01
   1.0336673e+02   2.3516866e+01   5.3215927e-01  -3.9256165e+00   6.0163514e-01
   1.0356713e+02   2.3510539e+01   5.3153044e-01  -3.8642448e+00   5.9307203e-01
   1.0376753e+02   2.3515557e+01   5.2522811e-01  -3.7941592e+00   6.0566180e-01
   1.0396794e+02   2.3511228e+01   5.2970663e-01  -3.7282539e+00   6.0108811e-01
   1.0416834e+02   2.3516178e+01   5.2175726e-01  -3.6552746e+00   6.0799649e-01
   1.0436874e+02   2.3508649e+01   5.2517637e-01  -3.5888381e+00   6.3366796e-01
   1.0456914e+02   2.3489016e+01   5.2297353e-01  -3.5109370e+00   6.3823767e-01
   1.0476954e+02   2.3490252e+01   5.2442125e-01  -3.4272345e+00   6.5866984e-01
   1.0496994e+02   2.3485812e+01   5.2750150e-01  -3.3392463e+00   6.7397565e-01
   1.0517034e+02   2.3485112e+01   5.2926457e-01  -3.2402283e+00   6.8757743e-01
   1.0537074e+02   2.3462838e+01   5.4587344e-01  -3.1489091e+00   7.1249138e-01
   1.0557114e+02   2.3462052e+01   5.4239519e-01  -3.0450483e+00   7.3204287e-01
   1.0577154e+02   2.3447992e+01   5.5552158e-01  -2.9570556e+00   7.3893787e-01
   1.0597194e+02   2.3430195e+01   5.6433416e-01  -2.8613477e+00   7.5157367e-01
   1.0617235e+02   2.3419570e+01   5.6954620e-01  -2.7599783e+00   7.6100541e-01
   1.0637275e+02   2.3393029e+01   5.8860519e-01  -2.6631692e+00   7.7672112e-01
   1.0657315e+02   2.3384325e+01   5.9947698e-01  -2.5644358e+00   7.7816246e-01
   1.0677355e+02   2.3365596e+01   6.1196286e-01  -2.4640689e+00   7.8645036e-01
   1.0697395e+02   2.3339185e+01   6.2454060e-01  -2.3648447e+00   7.9675146e-01
   1.0717435e+02   2.3328268e+01   6.3532660e-01  -2.2697134e+00   7.9726684e-01
   1.0737475e+02   2.3310241e+01   6.4352245e-01  -2.1621207e+00   7.8857417e-01
   1.0757515e+02   2.3284054e+01   6.5377866e-01  -2.0601651e+00   7.7553265e-01
   1.0777555e+02   2.3264775e+01   6.4776025e-01  -1.9628035e+00   7.6962129e-01
   1.0797595e+02   2.3250261e+01   6.5178762e-01  -1.8629763e+00   7.5870604e-01
   1.0817635e+02   2.3228402e+01   6.5675390e-01  -1.7524684e+00   7.7485893e-01
   1.0837675e+02   2.3220820e+01   6.4162636e-01  -1.6397143e+00   7.6122141e-01
   1.0857715e+02   2.3209987e+01   6.4145349e-01  -1.5309289e+00   7.5752250e-01
   1.0877755e+02   2.3199507e+01   6.3194668e-01  -1.4075189e+00   7.6342002e-01
   1.0897796e+02   2.3184440e+01   6.2408052e-01  -1.2816972e+00   7.5616312e-01
   1.0917836e+02   2.3174486e+01   6.0479365e-01  -1.1635769e+00   7.4583452e-01
   1.0937876e+02   2.3165590e+01   5.8778624e-01  -1.0262667e+00   7.6167417e-01
   1.0957916e+02   2.3153588e+01   5.7466491e-01  -8.9348183e-01   7.7118777e-01
   1.0977956e+02   2.3147959e+01   5.4989272e-01  -7.6067548e-01   7.7756198e-01
   1.0997996e+02   2.3146058e+01   5.3739757e-01  -6.2598600e-01   7.9729729e-01
   1.1018036e+02   2.3138847e+01   5.1453649e-01  -4.7466372e-01   8.1232875e-01
   1.1038076e+02   2.3137602e+01   4.9826003e-01  -3.2270440e-01   8.2501952e-01
   1.1058116e+02   2.3138148e+01   4.7732207e-01  -1.5501541e-01   8.5003232e-01
   1.1078156e+02   2.3137895e+01   4.7423879e-01  -1.0540347e-02   8.7633780e-01
   1.1098196e+02   2.3133932e+01   4.7466357e-01   1.5410638e-01   8.9159638e-01
   1.1118237e+02   2.3129315e+01   4.5705026e-01   3.1582905e-01   9.2601576e-01
   1.1138277e+02   2.3126745e+01   4.4688067e-01   4.7510210e-01   9.2784316e-01
   1.1158317e+02   2.3137739e+01   4.4724800e-01   6.4771160e-01   9.4932489e-01
   1.1178357e+02   2.3134913e+01   4.4475580e-01   8.1711655e-01   9.6614248e-01
   1.1198397e+02   2.3139381e+01   4.5103493e-01   9.9167149e-01   9.8229858e-01
   1.1218437e+02   2.3139046e+01   4.5309443e-01   1.1731204e+00   9.9402886e-01
   1.1238477e+02   2.3157230e+01   4.5686149e-01   1.3412177e+00   9.8998931e-01
   1.1258517e+02   2.3166998e+01   4.7200458e-01   1.5139709e+00   9.9822904e-01
   1.1278557e+02   2.3186149e+01   4.6665997e-01   1.6948636e+00   9.8497257e-01
   1.1298597e+02   2.3205218e+01   4.7381491e-01   1.8792472e+00   9.9168756e-01
   1.1318637e+02   2.3229079e+01   4.7882167e-01   2.0667255e+00   9.9385391e-01
   1.1338677e+02   2.3249342e+01   4.8124316e-01   2.2467376e+00   9.8006914e-01
   1.1358717e+02   2.3286583e+01   4.8342239e-01   2.4378840e+00   9.7278448e-01
   1.1378758e+02   2.3324541e+01   4.8302107e-01   2.6276004e+00   9.5626437e-01
   1.1398798e+02   2.3368717e+01   4.8079877e-01   2.8275218e+00   9.5102297e-01
   1.1418838e+02   2.3421247e+01   4.7484550e-01   3.0258950e+00   9.3495455e-01
   1.1438878e+02   2.3469887e+01   4.7234444e-01   3.2281951e+00   9.2914923e-01
   1.1458918e+02   2.3530329e+01   4.6897751e-01   3.4404534e+00   9.2622388e-01
   1.1478958e+02   2.3596084e+01   4.5057660e-01   3.6495799e+00   9.1873041e-01
   1.1498998e+02   2.3665502e+01   4.3938710e-01   3.8660690e+00   9.0635017e-01
   1.1519038e+02   2.3740308e+01   4.3070317e-01   4.0857578e+00   9.0347484e-01
   1.1539078e+02   2.3826254e+01   4.2675060e-01   4.3092931e+00   9.0001154e-01
   1.1559118e+02   2.3912854e+01   4.1843593e-01   4.5485181e+00   9.0328461e-01
   1.1579158e+02   2.4006166e+01   4.0140405e-01   4.7789357e+00   9.0795655e-01
   1.1599198e+02   2.4102611e+01   3.9990497e-01   5.0225115e+00   9.1665014e-01
   1.1619239e+02   2.4207939e+01   3.8854886e-01   5.2599781e+00   9.1307691e-01
   1.1639279e+02   2.4322683e+01   3.7709442e-01   5.5039995e+00   9.2589563e-01
   1.1659319e+02   2.4433458e+01   3.7494329e-01   5.7429429e+00   9.3557047e-01
   1.1679359e+02   2.4557674e+01   3.7044002e-01   6.0045020e+00   9.4338405e-01
   1.1699399e+02   2.4685446e+01   3.6729369e-01   6.2554399e+00   9.4690733e-01
   1.1719439e+02   2.4828228e+01   3.7333530e-01   6.5032596e+00   9.4705971e-01
   1.1739479e+02   2.4969928e+01   3.6974880e-01   6.7575123e+00   9.5854813e-01
   1.1759519e+02   2.5126617e+01   3.7320798e-01   7.0096071e+00   9.5747536e-01
   1.1779559e+02   2.5285214e+01   3.7886899e-01   7.2587319e+00   9.6104086e-01
   1.1799599e+02   2.5461810e+01   3.7965194e-01   7.5197452e+00   9.7022075e-01
   1.1819639e+02   2.5645383e+01   3.8391264e-01   7.7768160e+00   9.7199985e-01
   1.1839679e+02   2.5843166e+01   3.7657243e-01   8.0334781e+00   9.6384561e-01
   1.1859719e+02   1.7379434e+01   1.2954673e+01   1.3467598e+01   7.7324732e+00
   1.1879760e+02   1.7525434e+01   1.3069382e+01   1.3599472e+01   7.5363982e+00
   1.1899800e+02   8.8908436e+00   1.2863938e+01   1.8629372e+01   6.4169183e+00
   1.1919840e+02   8.9709472e+00   1.2989796e+01   1.8641704e+01   6.2142509e+00
   1.1939880e+02   9.0595061e+00   1.3128332e+01   1.8648162e+01   6.0207582e+00
   1.1959920e+02   9.1510873e+00   1.3271397e+01   1.8652745e+01   5.8304400e+00
   1.1979960e+02   9.2503518e+00   1.3425981e+01   1.8659615e+01   5.6370471e+00
   1.2000000e+02   9.3566136e+00   1.3591057e+01   1.8671335e+01   5.4367365e+00
