   2.0000000e+01   2.3672520e+00   2.4307017e-01  -4.0182105e+01   1.2050756e-01
   2.0200401e+01   2.3235310e+00   2.3482982e-01  -3.9328164e+01   1.1038437e-01
   2.0400802e+01   2.2780264e+00   2.1978402e-01  -3.8488165e+01   1.1477414e-01
   2.0601202e+01   2.2403753e+00   2.1544381e-01  -3.7640446e+01   1.1966413e-01
   2.0801603e+01   2.2120801e+00   2.1863862e-01  -3.6786406e+01   1.2761930e-01
   2.1002004e+01   2.1865639e+00   2.2736499e-01  -3.5940631e+01   1.2404331e-01
   2.1202405e+01   2.1758833e+00   2.3360328e-01  -3.5104350e+01   1.1874421e-01
   2.1402806e+01   2.1610182e+00   2.4153138e-01  -3.4283741e+01   1.0540117e-01
   2.1603206e+01   2.1195559e+00   2.4383206e-01  -3.3465606e+01   9.6123120e-02
   2.1803607e+01   2.0845311e+00   2.4301118e-01  -3.2655994e+01   9.1130918e-02
   2.2004008e+01   2.0583736e+00   2.4229355e-01  -3.1864800e+01   7.7028923e-02
   2.2204409e+01   2.0407648e+00   2.3197857e-01  -3.1076037e+01   6.5091925e-02
   2.2404810e+01   2.0192130e+00   2.2512554e-01  -3.0286631e+01   6.2445645e-02
   2.2605210e+01   2.0079612e+00   2.2055214e-01  -2.9487282e+01   6.1883585e-02
   2.2805611e+01   1.9945361e+00   2.1105783e-01  -2.8704184e+01   6.6168714e-02
   2.3006012e+01   1.9781234e+00   2.0443248e-01  -2.7941690e+01   7.2637994e-02
   2.3206413e+01   1.9657014e+00   2.1200920e-01  -2.7194395e+01   7.3510156e-02
   2.3406814e+01   1.9597849e+00   2.1368151e-01  -2.6454301e+01   7.1543768e-02
   2.3607214e+01   1.9628232e+00   2.1236127e-01  -2.5708952e+01   6.7287546e-02
   2.3807615e+01   1.9680811e+00   2.1083109e-01  -2.4966992e+01   7.2341686e-02
   2.4008016e+01   1.9647252e+00   2.1026724e-01  -2.4226854e+01   7.9871742e-02
   2.4208417e+01   1.9586707e+00   2.1639981e-01  -2.3491283e+01   9.1784856e-02
   2.4408818e+01   1.9566075e+00   2.2721911e-01  -2.2753730e+01   1.0048921e-01
   2.4609218e+01   1.9640596e+00   2.3584112e-01  -2.2018384e+01   9.8669801e-02
   2.4809619e+01   1.9723690e+00   2.3442860e-01  -2.1284952e+01   9.2445486e-02
   2.5010020e+01   1.9815902e+00   2.3124376e-01  -2.0552389e+01   8.6908193e-02
   2.5210421e+01   1.9968763e+00   2.2640870e-01  -1.9824118e+01   8.6959795e-02
   2.5410822e+01   2.0153973e+00   2.2763701e-01  -1.9098516e+01   8.3113362e-02
   2.5611222e+01   2.0339996e+00   2.2738772e-01  -1.8379258e+01   8.2227889e-02
   2.5811623e+01   2.0554234e+00   2.2764853e-01  -1.7657629e+01   7.7808878e-02
   2.6012024e+01   2.0770602e+00   2.3011456e-01  -1.6927418e+01   7.3696106e-02
   2.6212425e+01   2.1052551e+00   2.3665521e-01  -1.6198316e+01   6.6895970e-02
   2.6412826e+01   2.1388211e+00   2.4260504e-01  -1.5476339e+01   5.9666062e-02
   2.6613226e+01   2.1747601e+00   2.4674148e-01  -1.4759302e+01   5.2335930e-02
   2.6813627e+01   2.2084107e+00   2.5025365e-01  -1.4046408e+01   4.6076987e-02
   2.7014028e+01   2.2409219e+00   2.4895704e-01  -1.3332888e+01   4.6674520e-02
   2.7214429e+01   2.2726963e+00   2.4518295e-01  -1.2619771e+01   4.3763530e-02
   2.7414830e+01   2.3071798e+00   2.4391764e-01  -1.1908215e+01   4.6183292e-02
   2.7615230e+01   2.3493221e+00   2.4493917e-01  -1.1193073e+01   5.0184517e-02
   2.7815631e+01   2.3989910e+00   2.4694785e-01  -1.0476747e+01   5.4159302e-02
   2.8016032e+01   2.4469466e+00   2.4757463e-01  -9.7680075e+00   5.4372870e-02
   2.8216433e+01   2.5023773e+00   2.4589378e-01  -9.0599660e+00   5.9029482e-02
   2.8416834e+01   2.5585865e+00   2.4843131e-01  -8.3497940e+00   6.2895909e-02
   2.8617234e+01   2.6202201e+00   2.5113548e-01  -7.6352094e+00   7.0137908e-02
   2.8817635e+01   2.6873074e+00   2.5559850e-01  -6.9202984e+00   7.1828818e-02
   2.9018036e+01   2.7583774e+00   2.6029056e-01  -6.2046454e+00   7.1051052e-02
   2.9218437e+01   2.8331924e+00   2.5947858e-01  -5.4844199e+00   6.8991706e-02
   2.9418838e+01   2.9075884e+00   2.5561144e-01  -4.7635692e+00   7.0039979e-02
   2.9619238e+01   2.9826564e+00   2.5022447e-01  -4.0438886e+00   7.7297516e-02
   2.9819639e+01   3.0623144e+00   2.5035783e-01  -3.3226797e+00   8.4834283e-02
   3.0020040e+01   3.1454217e+00   2.4897485e-01  -2.5949731e+00   9.5491391e-02
   3.0220441e+01   3.2357557e+00   2.5479065e-01  -1.8677912e+00   9.9613808e-02
   3.0420842e+01   3.3347565e+00   2.6651927e-01  -1.1420308e+00   9.8968969e-02
   3.0621242e+01   3.4456206e+00   2.8125492e-01  -4.1245766e-01   8.6202786e-02
   3.0821643e+01   3.5570042e+00   2.8767482e-01   3.2808368e-01   6.8556106e-02
   3.1022044e+01   3.6670722e+00   2.9040642e-01   1.0866795e+00   4.8380117e-02
   3.1222445e+01   3.7638341e+00   2.9516374e-01   1.8437478e+00   3.3983798e-02
   3.1422846e+01   3.8759057e+00   2.8481516e-01   2.6113760e+00   3.4133379e-02
   3.1623246e+01   3.9876581e+00   2.7427347e-01   3.3764593e+00   3.9699969e-02
   3.1823647e+01   4.1027288e+00   2.5730789e-01   4.1401763e+00   4.5008795e-02
   3.2024048e+01   4.2244719e+00   2.4089531e-01   4.9030840e+00   4.3402779e-02
   3.2224449e+01   4.3545733e+00   2.2566419e-01   5.6673005e+00   3.9379719e-02
   3.2424850e+01   4.4864299e+00   2.1059587e-01   6.4348555e+00   2.6331539e-02
   3.2625251e+01   4.6251492e+00   2.1058490e-01   7.2123348e+00   2.0499239e-02
   3.2825651e+01   4.7749390e+00   2.1522568e-01   8.0000429e+00   2.0004560e-02
   3.3026052e+01   4.9399103e+00   2.2409205e-01   8.7896957e+00   3.8033952e-02
   3.3226453e+01   5.1084607e+00   2.3919382e-01   9.5850187e+00   5.0612953e-02
   3.3426854e+01   5.2826917e+00   2.4759023e-01   1.0391697e+01   5.9158407e-02
   3.3627255e+01   5.4675630e+00   2.6145583e-01   1.1204953e+01   5.9659004e-02
   3.3827655e+01   5.6559099e+00   2.7002071e-01   1.2031996e+01   5.7913287e-02
   3.4028056e+01   5.8513902e+00   2.8295337e-01   1.2867010e+01   5.1703157e-02
   3.4228457e+01   6.0598897e+00   2.9348636e-01   1.3714639e+01   4.9683654e-02
   3.4428858e+01   6.2786777e+00   3.0223947e-01   1.4567043e+01   4.9500286e-02
   3.4629259e+01   6.5021642e+00   2.9776582e-01   1.5431485e+01   5.0269359e-02
   3.4829659e+01   6.7286700e+00   2.9658736e-01   1.6304718e+01   5.7162552e-02
   3.5030060e+01   6.9730581e+00   2.8747138e-01   1.7185183e+01   6.7217434e-02
   3.5230461e+01   7.2309351e+00   2.9015255e-01   1.8070945e+01   8.3156906e-02
   3.5430862e+01   7.5074971e+00   3.0064269e-01   1.8957418e+01   1.0360650e-01
   3.5631263e+01   7.7998800e+00   3.2176581e-01   1.9857306e+01   1.1731965e-01
   3.5831663e+01   8.1145313e+00   3.4369715e-01   2.0778944e+01   1.2265093e-01
   3.6032064e+01   8.4405589e+00   3.6572361e-01   2.1721161e+01   1.1776104e-01
   3.6232465e+01   8.7758659e+00   3.8762310e-01   2.2688464e+01   9.9450888e-02
   3.6432866e+01   9.1280973e+00   4.0152640e-01   2.3655529e+01   9.0867279e-02
   3.6633267e+01   9.4872556e+00   4.0242031e-01   2.4637919e+01   1.0068772e-01
   3.6833667e+01   9.8621829e+00   3.9783058e-01   2.5638652e+01   1.0791508e-01
   3.7034068e+01   1.0254111e+01   3.6961890e-01   2.6656948e+01   1.1445262e-01
   3.7234469e+01   1.0655187e+01   3.4932171e-01   2.7683459e+01   1.1989317e-01
   3.7434870e+01   1.1071067e+01   3.1183264e-01   2.8692841e+01   1.2395789e-01
   3.7635271e+01   1.1510045e+01   2.7242021e-01   2.9719549e+01   1.2722020e-01
   3.7835671e+01   1.1980377e+01   2.2681128e-01   3.0771395e+01   1.3535514e-01
   3.8036072e+01   1.2484265e+01   2.1999293e-01   3.1848843e+01   1.3397574e-01
   3.8236473e+01   1.3037843e+01   2.3280966e-01   3.2937621e+01   1.3118062e-01
   3.8436874e+01   1.3624178e+01   2.6308283e-01   3.4035564e+01   1.2604193e-01
   3.8637275e+01   1.4234708e+01   2.8889290e-01   3.5137711e+01   1.2136566e-01
   3.8837675e+01   1.4876526e+01   3.2655876e-01   3.6263259e+01   1.1979569e-01
   3.9038076e+01   1.5534186e+01   3.6218687e-01   3.7407839e+01   1.1010351e-01
   3.9238477e+01   1.6216133e+01   3.8829651e-01   3.8572651e+01   1.0689528e-01
   3.9438878e+01   1.6929573e+01   3.9453067e-01   3.9745679e+01   9.5876881e-02
   3.9639279e+01   1.7670914e+01   3.8845007e-01   4.0933627e+01   9.1196566e-02
   3.9839679e+01   1.8440091e+01   3.7305644e-01   4.2154915e+01   8.7407628e-02
   4.0040080e+01   1.9244516e+01   3.5407588e-01   4.3373498e+01   9.9711296e-02
   4.0240481e+01   2.0094442e+01   3.4843281e-01   4.4608145e+01   1.2563828e-01
   4.0440882e+01   2.1007897e+01   3.6806110e-01   4.5848740e+01   1.5149496e-01
   4.0641283e+01   2.1972100e+01   3.9632706e-01   4.7101266e+01   1.5939861e-01
   4.0841683e+01   2.2982402e+01   4.2650088e-01   4.8378837e+01   1.6992196e-01
   4.1042084e+01   2.4047668e+01   4.7221481e-01   4.9674273e+01   1.5501244e-01
   4.1242485e+01   2.5172117e+01   5.0137864e-01   5.0983317e+01   1.5353950e-01
   4.1442886e+01   2.6343595e+01   5.3163642e-01   5.2317920e+01   1.5230042e-01
   4.1643287e+01   2.7579944e+01   5.6490692e-01   5.3666391e+01   1.5359399e-01
   4.1843687e+01   2.8888695e+01   5.8958523e-01   5.5032267e+01   1.4365478e-01
   4.2044088e+01   3.0258103e+01   6.1262051e-01   5.6401725e+01   1.5336005e-01
   4.2244489e+01   3.1693210e+01   6.1684868e-01   5.7771214e+01   1.8243050e-01
   4.2444890e+01   3.3211935e+01   6.2239151e-01   5.9125827e+01   1.9875769e-01
   4.2645291e+01   3.4815148e+01   6.1164701e-01   6.0484115e+01   2.2164819e-01
   4.2845691e+01   3.6492660e+01   6.1445985e-01   6.1817703e+01   2.4392598e-01
   4.3046092e+01   3.8257111e+01   5.9909734e-01   6.3173636e+01   2.7235129e-01
   4.3246493e+01   4.0134812e+01   5.8008160e-01   6.4494222e+01   2.9896931e-01
   4.3446894e+01   4.2123378e+01   5.8238380e-01   6.5816285e+01   3.2851855e-01
   4.3647295e+01   4.4222203e+01   5.7787810e-01   6.7103181e+01   3.5732077e-01
   4.3847695e+01   4.6446703e+01   5.7485597e-01   6.8363273e+01   3.9734839e-01
   4.4048096e+01   4.8792133e+01   5.7515305e-01   6.9587053e+01   4.6185084e-01
   4.4248497e+01   5.1255740e+01   5.6888401e-01   7.0796919e+01   4.9336897e-01
   4.4448898e+01   5.3840933e+01   5.7552547e-01   7.1964081e+01   5.0839023e-01
   4.4649299e+01   5.6562293e+01   5.5572139e-01   7.3071515e+01   5.2668627e-01
   4.4849699e+01   5.9437440e+01   5.4073232e-01   7.4091622e+01   5.5967898e-01
   4.5050100e+01   6.2473903e+01   5.2753504e-01   7.5027059e+01   5.6240997e-01
   4.5250501e+01   6.5669699e+01   5.1587438e-01   7.5868965e+01   6.1193832e-01
   4.5450902e+01   6.8994279e+01   5.1911422e-01   7.6601676e+01   6.1890930e-01
   4.5651303e+01   7.2495477e+01   5.1411467e-01   7.7208762e+01   6.2270766e-01
   4.5851703e+01   7.6112098e+01   5.1466106e-01   7.7689711e+01   6.0032173e-01
   4.6052104e+01   7.9895370e+01   5.3969758e-01   7.7995180e+01   5.8289459e-01
   4.6252505e+01   8.3790213e+01   5.5822524e-01   7.8140618e+01   5.5331654e-01
   4.6452906e+01   8.7815896e+01   5.7029113e-01   7.8078278e+01   5.0299330e-01
   4.6653307e+01   9.1981858e+01   5.5295937e-01   7.7791374e+01   4.6458361e-01
   4.6853707e+01   9.6257329e+01   5.5271596e-01   7.7226085e+01   4.0339676e-01
   4.7054108e+01   1.0066112e+02   5.8122560e-01   7.6418073e+01   3.6645764e-01
   4.7254509e+01   1.0514219e+02   5.8417887e-01   7.5314212e+01   3.6159904e-01
   4.7454910e+01   1.0964767e+02   5.8627360e-01   7.3905680e+01   3.8439273e-01
   4.7655311e+01   1.1416994e+02   5.7758020e-01   7.2178348e+01   3.8662695e-01
   4.7855711e+01   1.1868247e+02   6.1086278e-01   7.0099825e+01   4.3229949e-01
   4.8056112e+01   1.2312600e+02   6.2388848e-01   6.7673356e+01   4.2288999e-01
   4.8256513e+01   1.2749925e+02   6.0398265e-01   6.4822018e+01   5.3363561e-01
   4.8456914e+01   1.3182239e+02   5.6597885e-01   6.1615865e+01   6.0319916e-01
   4.8657315e+01   1.3598713e+02   5.9634929e-01   5.8064270e+01   7.0723929e-01
   4.8857715e+01   1.3995903e+02   5.9432639e-01   5.4120045e+01   7.8766752e-01
   4.9058116e+01   1.4365422e+02   5.4373571e-01   4.9840523e+01   8.8630392e-01
   4.9258517e+01   1.4710127e+02   5.3019431e-01   4.5309044e+01   9.4074417e-01
   4.9458918e+01   1.5015328e+02   4.7978790e-01   4.0401922e+01   1.0578469e+00
   4.9659319e+01   1.5283002e+02   4.3081143e-01   3.5248095e+01   1.0766104e+00
   4.9859719e+01   1.5512125e+02   4.1658953e-01   2.9777951e+01   1.1675813e+00
   5.0060120e+01   1.5691982e+02   3.9513111e-01   2.4151273e+01   1.1762120e+00
   5.0260521e+01   1.5838128e+02   4.0952896e-01   1.8296641e+01   1.2447360e+00
   5.0460922e+01   1.5939694e+02   3.8324364e-01   1.2403503e+01   1.2611928e+00
   5.0661323e+01   1.5997221e+02   3.0873768e-01   6.4711584e+00   1.2694575e+00
   5.0861723e+01   1.6011647e+02   2.3554749e-01   6.0224094e-01   1.2377146e+00
   5.1062124e+01   1.5975575e+02   9.8578984e-02  -5.2339264e+00   1.2156624e+00
   5.1262525e+01   1.5894973e+02   1.7721091e-01  -1.0878220e+01   1.1984386e+00
   5.1462926e+01   1.5778836e+02   3.1324335e-01  -1.6374961e+01   1.1769669e+00
   5.1663327e+01   1.5625191e+02   4.2226686e-01  -2.1604432e+01   1.1213553e+00
   5.1863727e+01   1.5428432e+02   5.5646501e-01  -2.6614610e+01   1.0515729e+00
   5.2064128e+01   1.5211401e+02   6.2412860e-01  -3.1387462e+01   9.7220802e-01
   5.2264529e+01   1.4965408e+02   6.5776650e-01  -3.5852395e+01   9.5701526e-01
   5.2464930e+01   1.4699892e+02   7.4351442e-01  -4.0028967e+01   9.3803991e-01
   5.2665331e+01   1.4415447e+02   8.3320605e-01  -4.3921959e+01   8.6978463e-01
   5.2865731e+01   1.4115737e+02   8.6161120e-01  -4.7445376e+01   8.3851288e-01
   5.3066132e+01   1.3802258e+02   8.8984862e-01  -5.0730441e+01   7.5212488e-01
   5.3266533e+01   1.3471997e+02   9.5962328e-01  -5.3667812e+01   6.4423989e-01
   5.3466934e+01   1.3135688e+02   9.3390727e-01  -5.6320374e+01   5.7111056e-01
   5.3667335e+01   1.2802714e+02   9.8231796e-01  -5.8790877e+01   4.7720508e-01
   5.3867735e+01   1.2468501e+02   1.0144561e+00  -6.1045598e+01   4.0910808e-01
   5.4068136e+01   1.2137081e+02   1.0790431e+00  -6.2972279e+01   3.7920536e-01
   5.4268537e+01   1.1816053e+02   1.1504117e+00  -6.4638016e+01   3.3516730e-01
   5.4468938e+01   1.1494723e+02   1.1751807e+00  -6.6005611e+01   2.7907969e-01
   5.4669339e+01   1.1179602e+02   1.2045629e+00  -6.7200376e+01   2.8446453e-01
   5.4869739e+01   1.0863902e+02   1.2404853e+00  -6.8192365e+01   2.4112665e-01
   5.5070140e+01   1.0557563e+02   1.2113415e+00  -6.9024081e+01   2.0755629e-01
   5.5270541e+01   1.0257020e+02   1.1754790e+00  -6.9730443e+01   2.1962449e-01
   5.5470942e+01   9.9639751e+01   1.1340775e+00  -7.0322210e+01   1.9840079e-01
   5.5671343e+01   9.6792009e+01   1.0807500e+00  -7.0826977e+01   1.7200879e-01
   5.5871743e+01   9.4061205e+01   1.0513469e+00  -7.1223175e+01   1.2326349e-01
   5.6072144e+01   9.1428831e+01   1.0226416e+00  -7.1475500e+01   9.5202033e-02
   5.6272545e+01   8.8809246e+01   9.6707929e-01  -7.1604224e+01   9.7044720e-02
   5.6472946e+01   8.6362368e+01   9.3341811e-01  -7.1618662e+01   1.7459233e-01
   5.6673347e+01   8.3970855e+01   9.0401223e-01  -7.1588663e+01   2.1984095e-01
   5.6873747e+01   8.1701640e+01   9.1049357e-01  -7.1494116e+01   2.7018698e-01
   5.7074148e+01   7.9490814e+01   9.6235530e-01  -7.1339578e+01   2.9945717e-01
   5.7274549e+01   7.7356927e+01   9.6665802e-01  -7.1155196e+01   3.0953831e-01
   5.7474950e+01   7.5305365e+01   9.7820145e-01  -7.0902203e+01   3.5286758e-01
   5.7675351e+01   7.3327677e+01   9.5186881e-01  -7.0544621e+01   3.8320438e-01
   5.7875752e+01   7.1434308e+01   9.5312662e-01  -7.0121257e+01   3.9427591e-01
   5.8076152e+01   6.9587113e+01   9.2794313e-01  -6.9680715e+01   4.1128924e-01
   5.8276553e+01   6.7806500e+01   8.8336785e-01  -6.9260673e+01   4.4302147e-01
   5.8476954e+01   6.6076031e+01   8.5669473e-01  -6.8813126e+01   4.5335262e-01
   5.8677355e+01   6.4431898e+01   8.2639318e-01  -6.8343231e+01   4.8302065e-01
   5.8877756e+01   6.2857855e+01   8.0597150e-01  -6.7871184e+01   5.1218480e-01
   5.9078156e+01   6.1358251e+01   8.0987484e-01  -6.7374799e+01   5.0877191e-01
   5.9278557e+01   5.9916102e+01   7.8468913e-01  -6.6817198e+01   5.5424919e-01
   5.9478958e+01   5.8538443e+01   7.9509146e-01  -6.6243404e+01   5.7752891e-01
   5.9679359e+01   5.7189989e+01   8.1552924e-01  -6.5684473e+01   5.8845721e-01
   5.9879760e+01   5.5882474e+01   7.9825019e-01  -6.5126214e+01   5.8063662e-01
   6.0080160e+01   5.4655403e+01   7.8974452e-01  -6.4543303e+01   5.9526743e-01
   6.0280561e+01   5.3481832e+01   7.8121445e-01  -6.3926276e+01   5.8335804e-01
   6.0480962e+01   5.2345110e+01   7.7703796e-01  -6.3306531e+01   5.7962851e-01
   6.0681363e+01   5.1241629e+01   7.5146167e-01  -6.2706264e+01   5.5399334e-01
   6.0881764e+01   5.0174379e+01   7.4142472e-01  -6.2107141e+01   5.3705609e-01
   6.1082164e+01   4.9136780e+01   7.2398936e-01  -6.1503826e+01   5.4681486e-01
   6.1282565e+01   4.8151994e+01   7.1043261e-01  -6.0892623e+01   5.3682839e-01
   6.1482966e+01   4.7196296e+01   6.8187622e-01  -6.0298455e+01   5.4203621e-01
   6.1683367e+01   4.6292835e+01   6.5415278e-01  -5.9660686e+01   5.4520983e-01
   6.1883768e+01   4.5432241e+01   6.2779994e-01  -5.9037346e+01   5.5702240e-01
   6.2084168e+01   4.4578292e+01   6.1201988e-01  -5.8420857e+01   5.5987521e-01
   6.2284569e+01   4.3738544e+01   6.1686771e-01  -5.7827215e+01   5.6402649e-01
   6.2484970e+01   4.2923487e+01   6.2727002e-01  -5.7304122e+01   5.4834998e-01
   6.2685371e+01   4.2167649e+01   6.1508642e-01  -5.6688039e+01   5.6854716e-01
   6.2885772e+01   4.1444702e+01   6.2425672e-01  -5.6066579e+01   5.5908197e-01
   6.3086172e+01   4.0733129e+01   6.2231384e-01  -5.5465464e+01   5.4625343e-01
   6.3286573e+01   4.0020859e+01   5.9775037e-01  -5.4883386e+01   5.4478985e-01
   6.3486974e+01   3.9356307e+01   5.8724059e-01  -5.4325053e+01   5.3631557e-01
   6.3687375e+01   3.8690405e+01   5.7819524e-01  -5.3762329e+01   5.3043062e-01
   6.3887776e+01   3.8058966e+01   5.6416413e-01  -5.3196422e+01   5.4532264e-01
   6.4088176e+01   3.7447446e+01   5.5519462e-01  -5.2598995e+01   5.4423648e-01
   6.4288577e+01   3.6878583e+01   5.5381248e-01  -5.2001817e+01   5.6396522e-01
   6.4488978e+01   3.6317868e+01   5.5165100e-01  -5.1416176e+01   5.6303511e-01
   6.4689379e+01   3.5780450e+01   5.5268424e-01  -5.0882337e+01   5.7597970e-01
   6.4889780e+01   3.5254381e+01   5.5208268e-01  -5.0344243e+01   5.8170079e-01
   6.5090180e+01   3.4742732e+01   5.4835868e-01  -4.9795232e+01   5.8810815e-01
   6.5290581e+01   3.4256189e+01   5.4065048e-01  -4.9261026e+01   5.9285627e-01
   6.5490982e+01   3.3782598e+01   5.5115565e-01  -4.8729818e+01   5.9049943e-01
   6.5691383e+01   3.3316087e+01   5.5842178e-01  -4.8205876e+01   5.8648579e-01
   6.5891784e+01   3.2883849e+01   5.5521189e-01  -4.7690966e+01   5.9073249e-01
   6.6092184e+01   3.2452140e+01   5.6751903e-01  -4.7167164e+01   5.8991379e-01
   6.6292585e+01   3.2036759e+01   5.5938097e-01  -4.6644480e+01   5.8937041e-01
   6.6492986e+01   3.1621077e+01   5.4493979e-01  -4.6123608e+01   5.8196081e-01
   6.6693387e+01   3.1233888e+01   5.4230365e-01  -4.5617638e+01   5.8305572e-01
   6.6893788e+01   3.0858462e+01   5.2836779e-01  -4.5114168e+01   5.6771269e-01
   6.7094188e+01   3.0491807e+01   5.2334859e-01  -4.4615680e+01   5.6969244e-01
   6.7294589e+01   3.0137009e+01   5.1731702e-01  -4.4126264e+01   5.6249153e-01
   6.7494990e+01   2.9789673e+01   5.1528142e-01  -4.3644635e+01   5.6163523e-01
   6.7695391e+01   2.9460152e+01   4.9216470e-01  -4.3185420e+01   5.5259462e-01
   6.7895792e+01   2.9132384e+01   4.8742187e-01  -4.2730256e+01   5.5704795e-01
   6.8096192e+01   2.8822109e+01   4.8593768e-01  -4.2241018e+01   5.5194136e-01
   6.8296593e+01   2.8525864e+01   4.7232867e-01  -4.1762943e+01   5.4326977e-01
   6.8496994e+01   2.8229030e+01   4.5746799e-01  -4.1298374e+01   5.3233497e-01
   6.8697395e+01   2.7929604e+01   4.4801837e-01  -4.0841405e+01   5.2913554e-01
   6.8897796e+01   2.7622536e+01   4.2966966e-01  -4.0398835e+01   5.2335394e-01
   6.9098196e+01   2.7330874e+01   4.1423433e-01  -3.9963663e+01   5.2109297e-01
   6.9298597e+01   2.7071799e+01   3.9827637e-01  -3.9526892e+01   5.2322094e-01
   6.9498998e+01   2.6806273e+01   3.9104519e-01  -3.9091898e+01   5.1875463e-01
   6.9699399e+01   2.6567270e+01   3.8445117e-01  -3.8664521e+01   5.3091476e-01
   6.9899800e+01   2.6334129e+01   3.7077187e-01  -3.8254301e+01   5.2576126e-01
   7.0100200e+01   2.6099301e+01   3.5260803e-01  -3.7832248e+01   5.2857041e-01
   7.0300601e+01   2.5870221e+01   3.4744409e-01  -3.7418848e+01   5.3562993e-01
   7.0501002e+01   2.5642183e+01   3.4811165e-01  -3.7026237e+01   5.3293153e-01
   7.0701403e+01   2.5420641e+01   3.3297942e-01  -3.6635604e+01   5.3054623e-01
   7.0901804e+01   2.5211379e+01   3.3300392e-01  -3.6258894e+01   5.3511054e-01
   7.1102204e+01   2.5001757e+01   3.3039448e-01  -3.5849336e+01   5.4609424e-01
   7.1302605e+01   2.4797000e+01   3.2042284e-01  -3.5449516e+01   5.4745065e-01
   7.1503006e+01   2.4613585e+01   3.1338948e-01  -3.5065535e+01   5.5534387e-01
   7.1703407e+01   2.4445384e+01   3.1153494e-01  -3.4703300e+01   5.5451746e-01
   7.1903808e+01   2.4269406e+01   3.0755564e-01  -3.4324570e+01   5.5938631e-01
   7.2104208e+01   2.4087652e+01   3.1424095e-01  -3.3939107e+01   5.5702185e-01
   7.2304609e+01   2.3908142e+01   3.1810765e-01  -3.3558396e+01   5.5418933e-01
   7.2505010e+01   2.3750678e+01   3.1651977e-01  -3.3194530e+01   5.5798695e-01
   7.2705411e+01   2.3597337e+01   3.1289164e-01  -3.2834122e+01   5.6047669e-01
   7.2905812e+01   2.3452072e+01   3.1376245e-01  -3.2472014e+01   5.5754619e-01
   7.3106212e+01   2.3307677e+01   3.1101341e-01  -3.2097672e+01   5.4427941e-01
   7.3306613e+01   2.3179414e+01   3.1175640e-01  -3.1732246e+01   5.3812337e-01
   7.3507014e+01   2.3042473e+01   3.0675214e-01  -3.1370299e+01   5.3683520e-01
   7.3707415e+01   2.2906693e+01   3.0286356e-01  -3.1014962e+01   5.4275322e-01
   7.3907816e+01   2.2779261e+01   2.9327551e-01  -3.0669720e+01   5.3752648e-01
   7.4108216e+01   2.2644373e+01   2.8970253e-01  -3.0327947e+01   5.3751489e-01
   7.4308617e+01   2.2516092e+01   2.8929354e-01  -2.9970338e+01   5.3314501e-01
   7.4509018e+01   2.2394370e+01   2.8766325e-01  -2.9620740e+01   5.3064835e-01
   7.4709419e+01   2.2285061e+01   2.9145228e-01  -2.9281911e+01   5.3007895e-01
   7.4909820e+01   2.2174132e+01   2.8676319e-01  -2.8933283e+01   5.2662106e-01
   7.5110220e+01   2.2063475e+01   2.8209861e-01  -2.8594360e+01   5.3435327e-01
   7.5310621e+01   2.1953430e+01   2.8034123e-01  -2.8261621e+01   5.3353032e-01
   7.5511022e+01   2.1854942e+01   2.7822235e-01  -2.7920678e+01   5.2522397e-01
   7.5711423e+01   2.1766506e+01   2.8611642e-01  -2.7586034e+01   5.2432407e-01
   7.5911824e+01   2.1675511e+01   2.7575224e-01  -2.7257367e+01   5.3186580e-01
   7.6112224e+01   2.1584535e+01   2.7527438e-01  -2.6936644e+01   5.2987377e-01
   7.6312625e+01   2.1491674e+01   2.7727220e-01  -2.6624312e+01   5.3448411e-01
   7.6513026e+01   2.1409430e+01   2.6804798e-01  -2.6307741e+01   5.4558872e-01
   7.6713427e+01   2.1323276e+01   2.6716804e-01  -2.5993684e+01   5.5096672e-01
   7.6913828e+01   2.1243774e+01   2.6925345e-01  -2.5680495e+01   5.4549618e-01
   7.7114228e+01   2.1180215e+01   2.7224050e-01  -2.5376799e+01   5.4860303e-01
   7.7314629e+01   2.1107520e+01   2.7287319e-01  -2.5078206e+01   5.4611655e-01
   7.7515030e+01   2.1035037e+01   2.7442778e-01  -2.4781862e+01   5.4963929e-01
   7.7715431e+01   2.0968845e+01   2.7964325e-01  -2.4483858e+01   5.5224592e-01
   7.7915832e+01   2.0905994e+01   2.9142445e-01  -2.4186477e+01   5.4799789e-01
   7.8116232e+01   2.0846745e+01   2.8838773e-01  -2.3880282e+01   5.4584894e-01
   7.8316633e+01   2.0788105e+01   2.9220190e-01  -2.3574055e+01   5.4603796e-01
   7.8517034e+01   2.0743607e+01   2.9473559e-01  -2.3284240e+01   5.2960449e-01
   7.8717435e+01   2.0696287e+01   2.9115004e-01  -2.3003886e+01   5.2687018e-01
   7.8917836e+01   2.0649609e+01   2.8631944e-01  -2.2726374e+01   5.1800466e-01
   7.9118236e+01   2.0600319e+01   2.7822441e-01  -2.2450867e+01   5.1659504e-01
   7.9318637e+01   2.0555740e+01   2.7153461e-01  -2.2179113e+01   5.1716195e-01
   7.9519038e+01   2.0518957e+01   2.6719688e-01  -2.1899451e+01   5.0918650e-01
   7.9719439e+01   2.0491309e+01   2.6970180e-01  -2.1622045e+01   5.0437974e-01
   7.9919840e+01   2.0455310e+01   2.6501861e-01  -2.1354426e+01   5.0396705e-01
   8.0120240e+01   2.0422105e+01   2.6306122e-01  -2.1084696e+01   5.0618407e-01
   8.0320641e+01   2.0393510e+01   2.6441675e-01  -2.0824559e+01   5.0420963e-01
   8.0521042e+01   2.0371631e+01   2.5502604e-01  -2.0561087e+01   4.9992830e-01
   8.0721443e+01   2.0353798e+01   2.5687948e-01  -2.0298354e+01   5.0303295e-01
   8.0921844e+01   2.0333600e+01   2.5124618e-01  -2.0039824e+01   5.0197876e-01
   8.1122244e+01   2.0312593e+01   2.4402481e-01  -1.9781943e+01   4.9615871e-01
   8.1322645e+01   2.0298451e+01   2.3467571e-01  -1.9525145e+01   4.9675640e-01
   8.1523046e+01   2.0281969e+01   2.2953732e-01  -1.9274158e+01   5.0687102e-01
   8.1723447e+01   2.0271675e+01   2.2556038e-01  -1.9027206e+01   5.0545383e-01
   8.1923848e+01   2.0261863e+01   2.3192725e-01  -1.8779494e+01   5.1290812e-01
   8.2124248e+01   2.0252369e+01   2.2604468e-01  -1.8543259e+01   5.2054441e-01
   8.2324649e+01   2.0235570e+01   2.2497575e-01  -1.8298188e+01   5.2667214e-01
   8.2525050e+01   2.0242668e+01   2.2536271e-01  -1.8062871e+01   5.2899612e-01
   8.2725451e+01   2.0250854e+01   2.1796663e-01  -1.7828244e+01   5.3639497e-01
   8.2925852e+01   2.0250087e+01   2.2514410e-01  -1.7593654e+01   5.4749411e-01
   8.3126253e+01   2.0257570e+01   2.3132460e-01  -1.7358732e+01   5.6048808e-01
   8.3326653e+01   2.0265642e+01   2.4458994e-01  -1.7121816e+01   5.6529390e-01
   8.3527054e+01   2.0268369e+01   2.4573700e-01  -1.6884056e+01   5.6004244e-01
   8.3727455e+01   2.0272397e+01   2.4622577e-01  -1.6646639e+01   5.5243758e-01
   8.3927856e+01   2.0284587e+01   2.4933385e-01  -1.6408883e+01   5.6023635e-01
   8.4128257e+01   2.0302125e+01   2.4123086e-01  -1.6172923e+01   5.5409040e-01
   8.4328657e+01   2.0318405e+01   2.4644018e-01  -1.5953031e+01   5.5594538e-01
   8.4529058e+01   2.0342557e+01   2.5091088e-01  -1.5741570e+01   5.5965503e-01
   8.4729459e+01   2.0355500e+01   2.5470529e-01  -1.5524628e+01   5.5591344e-01
   8.4929860e+01   2.0374948e+01   2.4794553e-01  -1.5301130e+01   5.5338750e-01
   8.5130261e+01   2.0387080e+01   2.5667776e-01  -1.5086503e+01   5.5785087e-01
   8.5330661e+01   2.0403876e+01   2.5736093e-01  -1.4870089e+01   5.5394762e-01
   8.5531062e+01   2.0422747e+01   2.6253487e-01  -1.4658708e+01   5.5751195e-01
   8.5731463e+01   2.0448737e+01   2.6639695e-01  -1.4449365e+01   5.5223810e-01
   8.5931864e+01   2.0476035e+01   2.7001047e-01  -1.4241201e+01   5.4822063e-01
   8.6132265e+01   2.0503406e+01   2.6024596e-01  -1.4042963e+01   5.3611254e-01
   8.6332665e+01   2.0526199e+01   2.6268050e-01  -1.3841192e+01   5.3201636e-01
   8.6533066e+01   2.0559196e+01   2.5201452e-01  -1.3641532e+01   5.2833958e-01
   8.6733467e+01   2.0575261e+01   2.5065054e-01  -1.3442551e+01   5.2262238e-01
   8.6933868e+01   2.0606981e+01   2.4982909e-01  -1.3257632e+01   5.2423716e-01
   8.7134269e+01   2.0633635e+01   2.4869023e-01  -1.3062139e+01   5.2442077e-01
   8.7334669e+01   2.0663826e+01   2.3371828e-01  -1.2879995e+01   5.3024034e-01
   8.7535070e+01   2.0689969e+01   2.2673492e-01  -1.2706526e+01   5.3556732e-01
   8.7735471e+01   2.0725437e+01   2.2299716e-01  -1.2533172e+01   5.4030273e-01
   8.7935872e+01   2.0771646e+01   2.1470324e-01  -1.2358307e+01   5.4562356e-01
   8.8136273e+01   2.0814362e+01   2.1954901e-01  -1.2183001e+01   5.5540090e-01
   8.8336673e+01   2.0859424e+01   2.1619978e-01  -1.2008812e+01   5.6965881e-01
   8.8537074e+01   2.0896168e+01   2.3232608e-01  -1.1834972e+01   5.6915747e-01
   8.8737475e+01   2.0933951e+01   2.3030560e-01  -1.1666641e+01   5.7164340e-01
   8.8937876e+01   2.0979776e+01   2.3019676e-01  -1.1493745e+01   5.7715870e-01
   8.9138277e+01   2.1031228e+01   2.2854477e-01  -1.1330948e+01   5.7585397e-01
   8.9338677e+01   2.1080169e+01   2.3344850e-01  -1.1169502e+01   5.7647306e-01
   8.9539078e+01   2.1131947e+01   2.2957785e-01  -1.1015982e+01   5.7978726e-01
   8.9739479e+01   2.1184699e+01   2.2971729e-01  -1.0861277e+01   5.7899461e-01
   8.9939880e+01   2.1240446e+01   2.3600262e-01  -1.0706612e+01   5.8180351e-01
   9.0140281e+01   2.1289488e+01   2.3795944e-01  -1.0552675e+01   5.8191889e-01
   9.0340681e+01   2.1334232e+01   2.3025607e-01  -1.0406605e+01   5.7864529e-01
   9.0541082e+01   2.1384428e+01   2.4149055e-01  -1.0257409e+01   5.8233926e-01
   9.0741483e+01   2.1430250e+01   2.3875535e-01  -1.0114914e+01   5.7678861e-01
   9.0941884e+01   2.1484756e+01   2.4162346e-01  -9.9634385e+00   5.6741159e-01
   9.1142285e+01   2.1544053e+01   2.3745175e-01  -9.8090795e+00   5.7120481e-01
   9.1342685e+01   2.1601740e+01   2.3196075e-01  -9.6578033e+00   5.6141827e-01
   9.1543086e+01   2.1651116e+01   2.3489020e-01  -9.5150697e+00   5.5570841e-01
   9.1743487e+01   2.1705694e+01   2.3338186e-01  -9.3629734e+00   5.4567163e-01
   9.1943888e+01   2.1752444e+01   2.2952324e-01  -9.2183660e+00   5.3738858e-01
   9.2144289e+01   2.1807227e+01   2.2957686e-01  -9.0778372e+00   5.3640913e-01
   9.2344689e+01   2.1843021e+01   2.2542680e-01  -8.9407593e+00   5.4227204e-01
   9.2545090e+01   2.1895793e+01   2.0766280e-01  -8.8143682e+00   5.3637450e-01
   9.2745491e+01   2.1941349e+01   1.9885945e-01  -8.6924373e+00   5.3112503e-01
   9.2945892e+01   2.1980206e+01   1.8642839e-01  -8.5644261e+00   5.3642941e-01
   9.3146293e+01   2.2026952e+01   1.8506133e-01  -8.4481044e+00   5.4317115e-01
   9.3346693e+01   2.2076758e+01   1.7784008e-01  -8.3335836e+00   5.4801971e-01
   9.3547094e+01   2.2123352e+01   1.8472569e-01  -8.2194980e+00   5.5837919e-01
   9.3747495e+01   2.2175980e+01   1.7829553e-01  -8.1164363e+00   5.6835202e-01
   9.3947896e+01   2.2221491e+01   1.7470837e-01  -7.9989239e+00   5.7175560e-01
   9.4148297e+01   2.2268547e+01   1.6792661e-01  -7.8887829e+00   5.7456705e-01
   9.4348697e+01   2.2324106e+01   1.6620116e-01  -7.7879023e+00   5.8263095e-01
   9.4549098e+01   2.2379940e+01   1.6636444e-01  -7.6895916e+00   5.8886917e-01
   9.4749499e+01   2.2431221e+01   1.6952156e-01  -7.5908294e+00   6.0069601e-01
   9.4949900e+01   2.2468446e+01   1.6844084e-01  -7.4935070e+00   6.0352482e-01
   9.5150301e+01   2.2512965e+01   1.7074180e-01  -7.3946815e+00   6.0682769e-01
   9.5350701e+01   2.2552071e+01   1.7427317e-01  -7.3019497e+00   6.1768040e-01
   9.5551102e+01   2.2600049e+01   1.7625838e-01  -7.2143438e+00   6.1646824e-01
   9.5751503e+01   2.2639108e+01   1.7686450e-01  -7.1197413e+00   6.3025862e-01
   9.5951904e+01   2.2677699e+01   1.8907657e-01  -7.0333232e+00   6.3504963e-01
   9.6152305e+01   2.2726726e+01   1.9243328e-01  -6.9444713e+00   6.3565643e-01
   9.6352705e+01   2.2763985e+01   2.0282034e-01  -6.8564602e+00   6.3776177e-01
   9.6553106e+01   2.2803652e+01   2.1156627e-01  -6.7658640e+00   6.2922744e-01
   9.6753507e+01   2.2844528e+01   2.1839081e-01  -6.6813358e+00   6.1470784e-01
   9.6953908e+01   2.2886475e+01   2.2633867e-01  -6.5915498e+00   6.1256310e-01
   9.7154309e+01   2.2922024e+01   2.2552835e-01  -6.5077181e+00   6.1079618e-01
   9.7354709e+01   2.2946979e+01   2.2925175e-01  -6.4215395e+00   5.9761355e-01
   9.7555110e+01   2.2972032e+01   2.3243207e-01  -6.3347191e+00   5.9153592e-01
   9.7755511e+01   2.2995535e+01   2.2803597e-01  -6.2533680e+00   5.7673387e-01
   9.7955912e+01   2.3022831e+01   2.2957057e-01  -6.1766814e+00   5.7315599e-01
   9.8156313e+01   2.3043447e+01   2.2965739e-01  -6.0995198e+00   5.6450436e-01
   9.8356713e+01   2.3054281e+01   2.2893800e-01  -6.0245935e+00   5.6053070e-01
   9.8557114e+01   2.3070686e+01   2.3094351e-01  -5.9492520e+00   5.5694211e-01
   9.8757515e+01   2.3079067e+01   2.2819646e-01  -5.8714129e+00   5.6614570e-01
   9.8957916e+01   2.3088854e+01   2.2619881e-01  -5.7940305e+00   5.6468748e-01
   9.9158317e+01   2.3090987e+01   2.2858011e-01  -5.7128920e+00   5.6353067e-01
   9.9358717e+01   2.3104469e+01   2.3050105e-01  -5.6426981e+00   5.6738380e-01
   9.9559118e+01   2.3115010e+01   2.2443981e-01  -5.5675828e+00   5.6796263e-01
   9.9759519e+01   2.3121539e+01   2.2813826e-01  -5.4993936e+00   5.7191259e-01
   9.9959920e+01   2.3106719e+01   2.3115914e-01  -5.4387037e+00   5.6817596e-01
   1.0016032e+02   2.3110983e+01   2.3119019e-01  -5.3712765e+00   5.7152855e-01
   1.0036072e+02   2.3112152e+01   2.3053252e-01  -5.2960688e+00   5.8500447e-01
   1.0056112e+02   2.3113927e+01   2.2490002e-01  -5.2203990e+00   5.9566250e-01
   1.0076152e+02   2.3109996e+01   2.3011639e-01  -5.1443469e+00   6.0903125e-01
   1.0096192e+02   2.3118894e+01   2.2872737e-01  -5.0849770e+00   6.0854103e-01
   1.0116232e+02   2.3110903e+01   2.4471631e-01  -5.0178881e+00   6.2130156e-01
   1.0136272e+02   2.3111905e+01   2.4228186e-01  -4.9454234e+00   6.4080282e-01
   1.0156313e+02   2.3111535e+01   2.5401299e-01  -4.8691665e+00   6.4239414e-01
   1.0176353e+02   2.3105963e+01   2.5504070e-01  -4.7839323e+00   6.3775592e-01
   1.0196393e+02   2.3110677e+01   2.5739960e-01  -4.7085234e+00   6.4149390e-01
   1.0216433e+02   2.3101064e+01   2.5545161e-01  -4.6189437e+00   6.5176941e-01
   1.0236473e+02   2.3092385e+01   2.7023346e-01  -4.5331458e+00   6.6507748e-01
   1.0256513e+02   2.3079314e+01   2.6734229e-01  -4.4494394e+00   6.4904851e-01
   1.0276553e+02   2.3082811e+01   2.8162605e-01  -4.3548097e+00   6.4345181e-01
   1.0296593e+02   2.3061323e+01   2.6923239e-01  -4.2566838e+00   6.3645621e-01
   1.0316633e+02   2.3049704e+01   2.6197669e-01  -4.1730259e+00   6.4455036e-01
   1.0336673e+02   2.3030668e+01   2.5675578e-01  -4.0732678e+00   6.3216081e-01
   1.0356713e+02   2.3025863e+01   2.4809977e-01  -3.9761526e+00   6.3389225e-01
   1.0376753e+02   2.3002524e+01   2.4248416e-01  -3.8744109e+00   6.2722232e-01
   1.0396794e+02   2.2984539e+01   2.2957313e-01  -3.7692096e+00   6.2479244e-01
   1.0416834e+02   2.2953868e+01   2.3275742e-01  -3.6560093e+00   6.1298216e-01
   1.0436874e+02   2.2932589e+01   2.1516393e-01  -3.5665744e+00   6.0449807e-01
   1.0456914e+02   2.2905947e+01   2.0395572e-01  -3.4525918e+00   6.0378044e-01
   1.0476954e+02   2.2896720e+01   2.0373083e-01  -3.3432734e+00   6.0482324e-01
   1.0496994e+02   2.2866426e+01   1.8802726e-01  -3.2259506e+00   5.9789099e-01
   1.0517034e+02   2.2843473e+01   1.8652205e-01  -3.1141962e+00   5.8772539e-01
   1.0537074e+02   2.2818994e+01   1.7400603e-01  -2.9957389e+00   5.9429248e-01
   1.0557114e+02   2.2803412e+01   1.7597204e-01  -2.8790512e+00   5.8489523e-01
   1.0577154e+02   2.2776439e+01   1.7156096e-01  -2.7606009e+00   5.7871246e-01
   1.0597194e+02   2.2766871e+01   1.7094075e-01  -2.6447885e+00   5.7785716e-01
   1.0617235e+02   2.2735956e+01   1.7431812e-01  -2.5233514e+00   5.8604350e-01
   1.0637275e+02   2.2719948e+01   1.7586001e-01  -2.4019799e+00   5.8831139e-01
   1.0657315e+02   2.2705936e+01   1.7933751e-01  -2.2807384e+00   5.9293937e-01
   1.0677355e+02   2.2680510e+01   1.8218072e-01  -2.1518904e+00   5.9313549e-01
   1.0697395e+02   2.2664748e+01   1.9032505e-01  -2.0248232e+00   5.9351400e-01
   1.0717435e+02   2.2650972e+01   2.0082937e-01  -1.8984686e+00   6.0310124e-01
   1.0737475e+02   2.2634116e+01   2.1038832e-01  -1.7680163e+00   6.0966120e-01
   1.0757515e+02   2.2610366e+01   2.1745254e-01  -1.6375192e+00   6.1315626e-01
   1.0777555e+02   2.2601796e+01   2.2319091e-01  -1.4971504e+00   6.0839448e-01
   1.0797595e+02   2.2583598e+01   2.4668572e-01  -1.3570225e+00   6.0860658e-01
   1.0817635e+02   2.2572369e+01   2.4466620e-01  -1.2101660e+00   6.0455955e-01
   1.0837675e+02   2.2556924e+01   2.5179169e-01  -1.0650252e+00   5.9559251e-01
   1.0857715e+02   2.2536964e+01   2.5214368e-01  -9.1138393e-01   6.0649865e-01
   1.0877755e+02   2.2517457e+01   2.5086301e-01  -7.5934798e-01   6.0448993e-01
   1.0897796e+02   2.2502903e+01   2.5220449e-01  -5.9195848e-01   5.9790442e-01
   1.0917836e+02   2.2488835e+01   2.5235561e-01  -4.2461047e-01   5.9009096e-01
   1.0937876e+02   2.2466116e+01   2.5222375e-01  -2.6375099e-01   5.9111067e-01
   1.0957916e+02   2.2454208e+01   2.5603182e-01  -9.7928135e-02   5.9010697e-01
   1.0977956e+02   2.2434726e+01   2.6430203e-01   6.5970013e-02   5.8823191e-01
   1.0997996e+02   2.2428253e+01   2.6056939e-01   2.3541619e-01   5.7974031e-01
   1.1018036e+02   2.2410873e+01   2.5670382e-01   4.1483043e-01   5.9311317e-01
   1.1038076e+02   2.2398325e+01   2.6547203e-01   5.9451376e-01   5.9275879e-01
   1.1058116e+02   2.2393175e+01   2.6580154e-01   7.7197667e-01   5.9249101e-01
   1.1078156e+02   2.2382899e+01   2.6618007e-01   9.5395053e-01   5.9093647e-01
   1.1098196e+02   2.2379255e+01   2.5819347e-01   1.1362177e+00   5.8961792e-01
   1.1118237e+02   2.2385944e+01   2.7050933e-01   1.3203193e+00   5.9719465e-01
   1.1138277e+02   2.2383930e+01   2.7371125e-01   1.5045094e+00   6.0062526e-01
   1.1158317e+02   2.2393609e+01   2.8257208e-01   1.7027049e+00   6.0151302e-01
   1.1178357e+02   2.2411935e+01   2.9264963e-01   1.8984052e+00   6.0400631e-01
   1.1198397e+02   2.2421854e+01   2.9043741e-01   2.0963848e+00   6.1241887e-01
   1.1218437e+02   2.2436971e+01   3.0152805e-01   2.2977985e+00   6.1511961e-01
   1.1238477e+02   2.2468675e+01   3.1703136e-01   2.5028257e+00   6.2455169e-01
   1.1258517e+02   2.2492740e+01   3.1143610e-01   2.7081789e+00   6.2635807e-01
   1.1278557e+02   2.2531725e+01   3.2717866e-01   2.9241401e+00   6.2507125e-01
   1.1298597e+02   2.2560173e+01   3.3889702e-01   3.1338329e+00   6.1913140e-01
   1.1318637e+02   2.2597007e+01   3.4714958e-01   3.3556944e+00   6.1171495e-01
   1.1338677e+02   2.2648071e+01   3.5262559e-01   3.5710781e+00   6.1033576e-01
   1.1358717e+02   2.2699513e+01   3.6351149e-01   3.8013519e+00   6.0807780e-01
   1.1378758e+02   2.2758959e+01   3.6216687e-01   4.0404780e+00   6.0966863e-01
   1.1398798e+02   2.2810509e+01   3.6814615e-01   4.2676785e+00   6.1279332e-01
   1.1418838e+02   2.2872856e+01   3.7602535e-01   4.5059717e+00   6.1097660e-01
   1.1438878e+02   2.2944250e+01   3.8553906e-01   4.7499162e+00   6.0005419e-01
   1.1458918e+02   2.3008680e+01   3.7730776e-01   4.9916943e+00   6.0488009e-01
   1.1478958e+02   2.3082906e+01   3.8159126e-01   5.2353200e+00   6.0067479e-01
   1.1498998e+02   2.3165791e+01   3.8877525e-01   5.4799926e+00   5.8776722e-01
   1.1519038e+02   2.3249298e+01   3.8815660e-01   5.7340820e+00   6.0483517e-01
   1.1539078e+02   2.3343363e+01   3.9829636e-01   5.9909811e+00   6.0589201e-01
   1.1559118e+02   2.3446651e+01   4.0002564e-01   6.2472645e+00   5.9841399e-01
   1.1579158e+02   2.3551592e+01   4.1029869e-01   6.5049895e+00   6.1568829e-01
   1.1599198e+02   2.3660301e+01   4.0575788e-01   6.7614169e+00   6.1346323e-01
   1.1619239e+02   2.3780777e+01   4.1815156e-01   7.0194964e+00   6.2102586e-01
   1.1639279e+02   2.3910505e+01   4.2343543e-01   7.2880037e+00   6.3594695e-01
   1.1659319e+02   2.4051049e+01   4.3939104e-01   7.5544129e+00   6.3672087e-01
   1.1679359e+02   2.4189794e+01   4.4877627e-01   7.8293226e+00   6.4236022e-01
   1.1699399e+02   2.4346648e+01   4.6324893e-01   8.1030621e+00   6.5783425e-01
   1.1719439e+02   2.4506717e+01   4.6327682e-01   8.3847444e+00   6.6614370e-01
   1.1739479e+02   2.4680474e+01   4.7808720e-01   8.6588099e+00   6.7602566e-01
   1.1759519e+02   2.4860595e+01   4.9234066e-01   8.9343666e+00   6.8566216e-01
   1.1779559e+02   2.5059626e+01   5.0409179e-01   9.2204359e+00   6.9353835e-01
   1.1799599e+02   2.5255317e+01   5.2215689e-01   9.5047363e+00   6.9684806e-01
   1.1819639e+02   2.5474276e+01   5.4542013e-01   9.7921586e+00   7.0605403e-01
   1.1839679e+02   2.5701012e+01   5.6232151e-01   1.0083446e+01   7.2927167e-01
   1.1859719e+02   1.7528060e+01   1.3186015e+01   1.4581965e+01   6.7920221e+00
   1.1879760e+02   1.7700936e+01   1.3318687e+01   1.4729603e+01   6.5952689e+00
   1.1899800e+02   9.2957579e+00   1.3471309e+01   1.8645933e+01   6.3920772e+00
   1.1919840e+02   9.3865813e+00   1.3613247e+01   1.8662021e+01   6.1837750e+00
   1.1939880e+02   9.4851186e+00   1.3766751e+01   1.8677974e+01   5.9760411e+00
   1.1959920e+02   9.5873843e+00   1.3925842e+01   1.8689514e+01   5.7752862e+00
   1.1979960e+02   9.6985299e+00   1.4098249e+01   1.8701976e+01   5.5735059e+00
   1.2000000e+02   9.8115219e+00   1.4273420e+01   1.8715038e+01   5.3711819e+00
