0.000532  18691.756608
0.167655  18560.924084
0.334778  18442.844783
0.501901  18336.170032
0.669024  18239.764114
0.836147  18152.599599
1.003270  18073.705097
1.170393  18002.275679
1.337516  17937.516411
1.504639  17878.670358
1.671762  17824.981734
1.838885  17775.682295
2.006007  17730.004740
2.173130  17687.233592
2.340253  17646.697925
2.507376  17607.763490
2.674499  17569.861756
2.841622  17532.475423
3.008745  17495.189010
3.175868  17457.611535
3.342991  17419.325518
3.510114  17379.897737
3.677237  17338.877052
3.844360  17295.750863
4.011483  17250.035037
4.178606  17201.278357
4.345729  17148.988531
4.512852  17092.645571
4.679975  17031.731495
4.847098  16965.676860
5.014221  16893.824197
5.181344  16815.699766
5.348467  16730.906366
5.515590  16639.182981
5.682713  16540.356254
5.849836  16434.333197
6.016959  16321.191527
6.184082  16201.087378
6.351205  16074.277374
6.518328  15941.187593
6.685451  15802.339112
6.852574  15658.273882
7.019697  15509.575511
7.186820  15356.885375
7.353943  15200.905961
7.521066  15042.432848
7.688189  14882.343324
7.855312  14721.589680
8.022435  14561.189409
8.189558  14402.191317
8.356681  14245.655440
8.523804  14092.684205
8.690927  13944.401080
8.858050  13801.934882
9.025173  13666.406204
9.192296  13538.870921
9.359419  13420.327640
9.526542  13311.700139
9.693665  13213.855757
9.860788  13127.626373
10.027911  13053.779318
10.195034  12993.021823
10.362157  12945.983950
10.529280  12913.242272
10.696403  12895.367762
10.863526  12892.864767
11.030649  12906.098080
11.197772  12935.338739
11.364895  12980.957524
11.532018  13043.423215
11.699141  13123.061359
11.866264  13220.194939
12.033387  13335.181247
12.200510  13468.492714
12.367633  13620.709958
12.534756  13792.593298
12.701879  13985.156312
12.869002  14199.540653
13.036125  14436.825268
13.203248  14698.040555
13.370371  14984.018192
13.537494  15295.583240
13.704617  15633.308966
13.871740  15997.207446
14.038863  16386.861255
14.205986  16801.334144
14.373109  17239.170627
14.540232  17698.441598
14.707355  18176.843551
14.874478  18671.717980
15.041601  19180.130193
15.208724  19698.946857
15.375847  20224.852660
15.542970  20754.387693
15.710093  21283.999412
15.877216  21810.077395
16.044339  22328.984786
16.211462  22837.092751
16.378585  23330.821242
16.545708  23806.638072
16.712831  24261.095103
16.879953  24690.863327
17.047076  25092.768138
17.214199  25463.859817
17.381322  25801.422214
17.548445  26102.986314
17.715568  26366.348136
17.882691  26589.632679
18.049814  26771.331490
18.216937  26910.318162
18.384060  27005.883549
18.551183  27057.742805
18.718306  27066.047380
18.885429  27031.345237
19.052552  26954.666847
19.219675  26837.489589
19.386798  26681.576000
19.553921  26489.021154
19.721044  26262.334330
19.888167  26004.467403
20.055290  25718.991937
20.222413  25409.428635
20.389536  25079.010496
20.556659  24731.335956
20.723782  24370.091579
20.890905  23999.004125
21.058028  23621.846914
21.225151  23242.322341
21.392274  22864.031014
21.559397  22490.366500
21.726520  22124.379058
21.893643  21768.771357
22.060766  21425.884525
22.227889  21097.635246
22.395012  20785.324118
22.562135  20490.068043
22.729258  20212.725131
22.896381  19953.841590
23.063504  19713.561906
23.230627  19491.717870
23.397750  19287.901438
23.564873  19101.515067
23.731996  18931.822111
23.899119  18777.916178
