0.000851  11242.782956
0.167974  11149.239290
0.335097  11061.056421
0.502220  10978.241449
0.669343  10900.766712
0.836466  10828.557432
1.003589  10761.469711
1.170712  10699.267838
1.337835  10641.610968
1.504958  10588.053526
1.672081  10538.066160
1.839204  10491.078138
2.006327  10446.523299
2.173450  10403.875618
2.340573  10362.671820
2.507696  10322.522529
2.674819  10283.109515
2.841942  10244.172499
3.009065  10205.492441
3.176188  10166.877242
3.343311  10128.155551
3.510434  10089.174589
3.677557  10049.803192
3.844680  10009.938771
4.011803  9969.514446
4.178926  9928.495340
4.346049  9886.863919
4.513172  9844.607678
4.680295  9801.711314
4.847418  9758.154579
5.014541  9713.915951
5.181663  9668.981242
5.348786  9623.350312
5.515909  9577.042409
5.683032  9530.105356
5.850155  9482.626771
6.017278  9434.737906
6.184401  9386.597633
6.351524  9338.377031
6.518647  9290.261439
6.685770  9242.456054
6.852893  9195.171203
7.020016  9148.602506
7.187139  9102.918227
7.354262  9058.256064
7.521385  9014.729446
7.688508  8972.433733
7.855631  8931.450972
8.022754  8891.852674
8.189877  8853.703592
8.357000  8817.068319
8.524123  8782.021663
8.691246  8748.658624
8.858369  8717.100197
9.025492  8687.490028
9.192615  8659.983047
9.359738  8634.736685
9.526861  8611.910871
9.693984  8591.677960
9.861107  8574.231577
10.028230  8559.792649
10.195353  8548.609120
10.362476  8540.958361
10.529599  8537.154208
10.696722  8537.554390
10.863845  8542.562258
11.030968  8552.617219
11.198091  8568.187727
11.365214  8589.779356
11.532337  8617.932582
11.699460  8653.212414
11.866583  8696.200609
12.033706  8747.516849
12.200829  8807.847651
12.367952  8877.966306
12.535075  8958.729244
12.702198  9051.067335
12.869321  9155.961512
13.036444  9274.369252
13.203567  9407.084082
13.370690  9554.512511
13.537813  9716.464561
13.704936  9892.033847
13.872059  10079.634896
14.039182  10277.176043
14.206305  10482.277566
14.373428  10692.478939
14.540551  10905.380705
14.707674  11118.734957
14.874796  11330.499695
15.041919  11538.872133
15.209042  11742.295459
15.376165  11939.451429
15.543288  12129.242177
15.710411  12310.777039
15.877534  12483.355940
16.044657  12646.457062
16.211780  12799.723707
16.378903  12942.945934
16.546026  13076.037083
16.713149  13199.008030
16.880272  13311.942502
17.047395  13414.980566
17.214518  13508.308967
17.381641  13592.149225
17.548764  13666.743578
17.715887  13732.340169
17.883010  13789.178994
18.050133  13837.477764
18.217256  13877.415179
18.384379  13909.123767
18.551502  13932.686989
18.718625  13948.150429
18.885748  13955.525102
19.052871  13954.792429
19.219994  13945.902738
19.387117  13928.794755
19.554240  13903.416597
19.721363  13869.724844
19.888486  13827.673932
20.055609  13777.236011
20.222732  13718.462588
20.389855  13651.507657
20.556978  13576.585866
20.724101  13493.957699
20.891224  13403.945503
21.058347  13306.961230
21.225470  13203.519203
21.392593  13094.236064
21.559716  12979.821367
21.726839  12861.064609
21.893962  12738.811109
22.061085  12613.931574
22.228208  12487.302867
22.395331  12359.808336
22.562454  12232.324914
22.729577  12105.700697
22.896700  11980.735744
23.063823  11858.163333
23.230946  11738.649370
23.398069  11622.796321
23.565192  11511.141069
23.732315  11404.139250
23.899438  11302.139358
