0.000533  1898.655751
0.167656  1882.876868
0.334779  1868.420106
0.501902  1855.143632
0.669025  1842.948751
0.836148  1831.750635
1.003271  1821.448229
1.170394  1811.974803
1.337517  1803.249325
1.504640  1795.190766
1.671763  1787.713159
1.838886  1780.726441
2.006009  1774.135349
2.173132  1767.856137
2.340255  1761.813218
2.507378  1755.928650
2.674501  1750.144411
2.841624  1744.417122
3.008747  1738.728286
3.175870  1733.066932
3.342993  1727.415718
3.510116  1721.754453
3.677239  1716.064968
3.844362  1710.318788
4.011485  1704.495169
4.178608  1698.579013
4.345731  1692.544600
4.512854  1686.355753
4.679977  1679.984676
4.847100  1673.390608
5.014223  1666.464623
5.181346  1659.124709
5.348469  1651.290750
5.515592  1642.904131
5.682715  1633.913109
5.849838  1624.274357
6.016961  1613.975586
6.184084  1603.004586
6.351207  1591.367835
6.518330  1579.114002
6.685453  1566.312800
6.852576  1553.033778
7.019699  1539.349324
7.186822  1525.336955
7.353945  1511.076133
7.521068  1496.655195
7.688191  1482.172911
7.855314  1467.735246
8.022437  1453.452254
8.189560  1439.431970
8.356683  1425.777475
8.523806  1412.595435
8.690929  1399.992226
8.858052  1388.072858
9.025175  1376.936015
9.192298  1366.661782
9.359421  1357.315044
9.526544  1348.945841
9.693667  1341.594654
9.860790  1335.300389
10.027913  1330.093696
10.195036  1326.003538
10.362159  1323.052116
10.529282  1321.266009
10.696405  1320.689653
10.863528  1321.372310
11.030651  1323.356253
11.197774  1326.690808
11.364897  1331.475889
11.532020  1337.828296
11.699143  1345.822583
11.866266  1355.564054
12.033388  1367.175439
12.200511  1380.811107
12.367634  1396.644075
12.534757  1414.889850
12.701880  1435.842171
12.869003  1459.836151
13.036126  1487.165471
13.203249  1518.008394
13.370372  1552.303951
13.537495  1589.829394
13.704618  1630.201220
13.871741  1672.931095
14.038864  1717.589451
14.205987  1763.799429
14.373110  1811.225054
14.540233  1859.562618
14.707356  1908.549392
14.874479  1957.948215
15.041602  2007.546546
15.208725  2057.157896
15.375848  2106.609583
15.542971  2155.734867
15.710094  2204.368497
15.877217  2252.341374
16.044340  2299.476234
16.211463  2345.585106
16.378586  2390.470004
16.545709  2433.914097
16.712832  2475.681696
16.879955  2515.517974
17.047078  2553.157268
17.214201  2588.334022
17.381324  2620.781003
17.548447  2650.231812
17.715570  2676.423582
17.882693  2699.112109
18.049816  2718.076422
18.216939  2733.128526
18.384062  2744.115465
18.551185  2750.926091
18.718308  2753.495619
18.885431  2751.799291
19.052554  2745.878165
19.219677  2735.837350
19.386800  2721.807134
19.553923  2703.953462
19.721046  2682.507292
19.888169  2657.755765
20.055292  2630.051598
20.222415  2599.747341
20.389538  2567.180180
20.556661  2532.726306
20.723784  2496.759535
20.890907  2459.646788
21.058030  2421.754547
21.225153  2383.446262
21.392276  2345.083200
21.559399  2307.006621
21.726522  2269.519438
21.893645  2232.899193
22.060768  2197.396147
22.227891  2163.225887
22.395014  2130.471806
22.562137  2099.227791
22.729260  2069.584185
22.896383  2041.620435
23.063506  2015.361213
23.230629  1990.800055
23.397752  1967.910677
23.564875  1946.662311
23.731998  1927.017679
23.899121  1908.920896
