0.000531  1699.161389
0.167654  1679.749604
0.334777  1661.421637
0.501900  1644.037692
0.669023  1627.676093
0.836146  1612.247263
1.003269  1597.789750
1.170392  1584.305777
1.337515  1571.783266
1.504638  1560.161435
1.671761  1549.374175
1.838884  1539.404140
2.006007  1530.064480
2.173130  1521.292753
2.340253  1512.995026
2.507376  1504.974637
2.674499  1497.098829
2.841622  1489.276731
3.008745  1481.430574
3.175868  1473.424087
3.342991  1465.276288
3.510114  1456.932500
3.677237  1448.267534
3.844360  1439.230705
4.011483  1429.878033
4.178606  1420.280802
4.345729  1410.398819
4.512852  1400.378573
4.679975  1390.385991
4.847098  1380.638305
5.014221  1371.051000
5.181344  1361.707477
5.348467  1352.633155
5.515590  1343.884730
5.682713  1335.506027
5.849836  1327.527367
6.016959  1319.992592
6.184082  1312.983009
6.351205  1306.439193
6.518328  1300.305687
6.685451  1294.604173
6.852574  1289.434896
7.019697  1284.737219
7.186820  1280.472898
7.353943  1276.544279
7.521066  1272.837583
7.688189  1269.299738
7.855312  1265.896825
8.022435  1262.566180
8.189558  1259.253457
8.356681  1255.911074
8.523804  1252.440336
8.690927  1248.852944
8.858050  1245.198845
9.025173  1241.530727
9.192296  1237.871866
9.359419  1234.246996
9.526542  1230.704569
9.693665  1227.277448
9.860787  1224.018217
10.027910  1220.999256
10.195033  1218.304054
10.362156  1215.991902
10.529279  1214.171189
10.696402  1212.981204
10.863525  1212.545552
11.030648  1212.994369
11.197771  1214.493875
11.364894  1217.301388
11.532017  1221.659494
11.699140  1227.555117
11.866263  1235.088034
12.033386  1244.441953
12.200509  1255.768187
12.367632  1269.267397
12.534755  1285.343262
12.701878  1304.516066
12.869001  1327.354641
13.036124  1354.306712
13.203247  1386.016578
13.370370  1422.470361
13.537493  1463.020948
13.704616  1506.512529
13.871739  1551.440649
14.038862  1596.822058
14.205985  1641.851864
14.373108  1686.090772
14.540231  1729.361752
14.707354  1771.606559
14.874477  1812.646487
15.041600  1852.267796
15.208723  1890.302267
15.375846  1926.415044
15.542969  1960.321518
15.710092  1991.838646
15.877215  2020.627340
16.044338  2046.574803
16.211461  2069.472284
16.378584  2089.304900
16.545707  2106.013556
16.712830  2119.600669
16.879953  2130.335900
17.047076  2138.365325
17.214199  2143.951669
17.381322  2147.529500
17.548445  2149.426082
17.715568  2149.984596
17.882691  2149.594319
18.049814  2148.596894
18.216937  2147.232932
18.384060  2145.769478
18.551183  2144.413587
18.718306  2143.262068
18.885429  2142.342531
19.052552  2141.698527
19.219675  2141.225978
19.386798  2140.710588
19.553921  2139.947196
19.721044  2138.749653
19.888167  2136.793936
20.055290  2133.787993
20.222413  2129.487426
20.389536  2123.748332
20.556659  2116.369381
20.723782  2107.235061
20.890905  2096.224738
21.058028  2083.325813
21.225151  2068.541087
21.392274  2051.906376
21.559397  2033.518661
21.726520  2013.599546
21.893643  1992.359678
22.060766  1970.074151
22.227889  1947.045007
22.395012  1923.295679
22.562135  1898.988082
22.729258  1874.342790
22.896381  1849.724760
23.063504  1825.256853
23.230627  1801.113866
23.397750  1777.537700
23.564873  1754.615546
23.731996  1732.527387
23.899119  1711.469705
