0.000533  1695.478563
0.167656  1676.538609
0.334779  1658.882388
0.501902  1642.494641
0.669025  1627.364203
0.836148  1613.455378
1.003271  1600.730591
1.170394  1589.138090
1.337517  1578.592988
1.504640  1568.987798
1.671763  1560.185207
1.838886  1552.041424
2.006009  1544.410712
2.173132  1537.151574
2.340255  1530.131376
2.507378  1523.232541
2.674501  1516.360893
2.841624  1509.441705
3.008747  1502.415970
3.175870  1495.231743
3.342993  1487.844081
3.510116  1480.218811
3.677239  1472.334110
3.844362  1464.174969
4.011485  1455.748193
4.178608  1447.075431
4.345731  1438.182498
4.512854  1429.101516
4.679977  1419.890819
4.847100  1410.639267
5.014223  1401.325281
5.181346  1391.969856
5.348469  1382.595006
5.515592  1373.230048
5.682715  1363.900791
5.849838  1354.641800
6.016961  1345.499794
6.184084  1336.519413
6.351207  1327.720902
6.518330  1319.123417
6.685453  1310.759959
6.852576  1302.658964
7.019699  1294.833851
7.186822  1287.284169
7.353945  1279.988981
7.521068  1272.920796
7.688191  1266.051969
7.855314  1259.355884
8.022437  1252.806731
8.189560  1246.380257
8.356683  1240.055078
8.523806  1233.819982
8.690929  1227.678054
8.858052  1221.649165
9.025175  1215.764373
9.192298  1210.058207
9.359421  1204.563283
9.526544  1199.315658
9.693667  1194.353000
9.860790  1189.732295
10.027913  1185.505087
10.195036  1181.734730
10.362159  1178.490633
10.529282  1175.855241
10.696405  1173.920012
10.863528  1172.786484
11.030651  1172.571006
11.197774  1173.399645
11.364897  1175.462941
11.532020  1178.907501
11.699143  1183.841295
11.866266  1190.426869
12.033389  1198.818993
12.200512  1209.206045
12.367635  1221.808412
12.534758  1236.887395
12.701881  1254.756593
12.869004  1275.769564
13.036127  1300.334118
13.203249  1328.884805
13.370372  1361.634384
13.537495  1398.474978
13.704618  1438.866677
13.871741  1481.965458
14.038864  1526.893729
14.205987  1572.815712
14.373110  1618.998807
14.540233  1664.812953
14.707356  1709.731144
14.874479  1753.316669
15.041602  1795.214723
15.208725  1835.137544
15.375848  1872.855674
15.542971  1908.186487
15.710094  1940.994158
15.877217  1971.185467
16.044340  1998.709601
16.211463  2023.559746
16.378586  2045.769279
16.545709  2065.415727
16.712832  2082.596858
16.879955  2097.439783
17.047078  2110.104004
17.214201  2120.782347
17.381324  2129.692651
17.548447  2137.066493
17.715570  2143.144690
17.882693  2148.172415
18.049816  2152.379068
18.216939  2155.970383
18.384062  2159.110368
18.551185  2161.917064
18.718308  2164.450543
18.885431  2166.715174
19.052554  2168.662903
19.219677  2170.188616
19.386800  2171.127285
19.553923  2171.283199
19.721046  2170.448685
19.888169  2168.399775
20.055292  2164.887703
20.222415  2159.702318
20.389538  2152.705942
20.556661  2143.774380
20.723784  2132.820179
20.890907  2119.811156
21.058030  2104.757158
21.225153  2087.721984
21.392276  2068.824905
21.559399  2048.222824
21.726522  2026.113542
21.893645  2002.727395
22.060768  1978.315192
22.227891  1953.134307
22.395014  1927.365652
22.562137  1901.243152
22.729260  1875.034187
22.896383  1849.003223
23.063506  1823.368580
23.230629  1798.331503
23.397752  1774.083884
23.564875  1750.795657
23.731998  1728.602319
23.899121  1707.605506
