0.000854  2297.984408
0.167977  2277.006765
0.335100  2257.208134
0.502223  2238.595515
0.669346  2221.170305
0.836469  2204.926014
1.003591  2189.843089
1.170714  2175.882931
1.337837  2162.981426
1.504960  2151.046533
1.672083  2139.961601
1.839206  2129.595270
2.006329  2119.812616
2.173452  2110.484089
2.340575  2101.492362
2.507698  2092.737571
2.674821  2084.138337
2.841944  2075.628739
3.009067  2067.154253
3.176190  2058.667384
3.343313  2050.126293
3.510436  2041.494247
3.677559  2032.741551
3.844682  2023.848584
4.011805  2014.808655
4.178928  2005.628070
4.346051  1996.322485
4.513174  1986.913361
4.680297  1977.423296
4.847420  1967.871009
5.014543  1958.269421
5.181666  1948.629898
5.348789  1938.965432
5.515912  1929.293896
5.683035  1919.639690
5.850158  1910.035377
6.017281  1900.521127
6.184404  1891.138862
6.351527  1881.929704
6.518650  1872.935380
6.685773  1864.199595
6.852896  1855.759993
7.020019  1847.642389
7.187142  1839.858150
7.354265  1832.404611
7.521388  1825.270020
7.688511  1818.436832
7.855634  1811.885207
8.022757  1805.594531
8.189880  1799.544891
8.357003  1793.719936
8.524126  1788.110673
8.691249  1782.718107
8.858372  1777.554128
9.025495  1772.638824
9.192618  1767.995619
9.359741  1763.648229
9.526864  1759.620814
9.693987  1755.942098
9.861110  1752.647794
10.028233  1749.782570
10.195356  1747.399217
10.362479  1745.560150
10.529602  1744.341383
10.696725  1743.835864
10.863847  1744.153773
11.030970  1745.420572
11.198093  1747.772459
11.365216  1751.359455
11.532339  1756.339636
11.699462  1762.876049
11.866585  1771.134797
12.033708  1781.296738
12.200831  1793.567520
12.367954  1808.184202
12.535077  1825.409676
12.702200  1845.524639
12.869323  1868.817325
13.036446  1895.554725
13.203569  1925.934034
13.370692  1960.001388
13.537815  1997.596544
13.704938  2038.340162
13.872061  2081.672698
14.039184  2126.933158
14.206307  2173.431893
14.373430  2220.510203
14.540553  2267.568318
14.707676  2314.074399
14.874799  2359.567269
15.041922  2403.657100
15.209045  2446.020244
15.376168  2486.393258
15.543291  2524.564357
15.710414  2560.371883
15.877537  2593.698692
16.044660  2624.471455
16.211783  2652.659340
16.378906  2678.272182
16.546029  2701.356740
16.713152  2721.990599
16.880275  2740.277096
17.047398  2756.341883
17.214521  2770.332246
17.381644  2782.412275
17.548767  2792.756731
17.715890  2801.544321
17.883013  2808.950880
18.050136  2815.142078
18.217259  2820.262007
18.384382  2824.425739
18.551505  2827.712072
18.718628  2830.164421
18.885751  2831.788187
19.052874  2832.552415
19.219997  2832.387439
19.387120  2831.192288
19.554243  2828.845891
19.721366  2825.213010
19.888489  2820.149046
20.055612  2813.510382
20.222735  2805.174802
20.389858  2795.053681
20.556980  2783.084235
20.724103  2769.229622
20.891226  2753.484540
21.058349  2735.882205
21.225472  2716.495264
21.392595  2695.435827
21.559718  2672.852046
21.726841  2648.924595
21.893964  2623.858633
22.061087  2597.870304
22.228210  2571.179325
22.395333  2544.010871
22.562456  2516.587923
22.729579  2489.127569
22.896702  2461.837666
23.063825  2434.910398
23.230948  2408.521524
23.398071  2382.830896
23.565194  2357.981974
23.732317  2334.099041
23.899440  2311.281027
