0.000852  4562.297176
0.167975  4522.268750
0.335098  4484.582757
0.502221  4449.234913
0.669344  4416.208833
0.836467  4385.470667
1.003590  4356.959881
1.170713  4330.578960
1.337836  4306.185326
1.504959  4283.589626
1.672082  4262.563802
1.839205  4242.859390
2.006328  4224.227395
2.173451  4206.434243
2.340574  4189.272638
2.507697  4172.567475
2.674820  4156.174882
2.841943  4139.976400
3.009066  4123.871757
3.176189  4107.772373
3.343312  4091.598768
3.510435  4075.279649
3.677558  4058.753790
3.844681  4041.974151
4.011804  4024.912195
4.178927  4007.556631
4.346050  3989.906244
4.513173  3971.962758
4.680296  3953.724837
4.847419  3935.185435
5.014542  3916.333610
5.181665  3897.160233
5.348788  3877.661914
5.515911  3857.844036
5.683034  3837.724628
5.850157  3817.338875
6.017280  3796.740357
6.184403  3775.993575
6.351526  3755.167730
6.518649  3734.338018
6.685772  3713.587999
6.852895  3693.001918
7.020018  3672.655427
7.187141  3652.610198
7.354264  3632.913360
7.521387  3613.601940
7.688510  3594.706877
7.855633  3576.255976
8.022755  3558.275315
8.189878  3540.790960
8.357001  3523.832270
8.524124  3507.436806
8.691247  3491.654429
8.858370  3476.549121
9.025493  3462.196173
9.192616  3448.675924
9.359739  3436.068755
9.526862  3424.455062
9.693985  3413.920278
9.861108  3404.558930
10.028231  3396.477470
10.195354  3389.794261
10.362477  3384.641413
10.529600  3381.168479
10.696723  3379.546485
10.863846  3379.968899
11.030969  3382.647286
11.198092  3387.807329
11.365215  3395.691755
11.532338  3406.557458
11.699461  3420.669479
11.866584  3438.296977
12.033707  3459.724380
12.200830  3485.266115
12.367953  3515.276716
12.535076  3550.147950
12.702199  3590.303159
12.869322  3636.185004
13.036445  3688.220406
13.203568  3746.753854
13.370691  3811.941770
13.537814  3883.658900
13.704937  3961.448770
13.872060  4044.550376
14.039183  4131.990851
14.206306  4222.693381
14.373429  4315.572464
14.540552  4409.591656
14.707675  4503.794970
14.874798  4597.322554
15.041921  4689.418699
15.209044  4779.428966
15.376167  4866.793533
15.543290  4951.036908
15.710413  5031.762742
15.877536  5108.647282
16.044659  5181.436145
16.211782  5249.941061
16.378905  5314.034352
16.546028  5373.640732
16.713151  5428.727543
16.880274  5479.296052
17.047397  5525.375857
17.214520  5567.022629
17.381643  5604.313432
17.548766  5637.340899
17.715888  5666.207186
17.883011  5691.018145
18.050134  5711.877396
18.217257  5728.877586
18.384380  5742.096298
18.551503  5751.592587
18.718626  5757.411404
18.885749  5759.583238
19.052872  5758.125135
19.219995  5753.037780
19.387118  5744.313028
19.554241  5731.944086
19.721364  5715.928835
19.888487  5696.270100
20.055610  5672.980906
20.222733  5646.097985
20.389856  5615.689100
20.556979  5581.847110
20.724102  5544.690400
20.891225  5504.370240
21.058348  5461.080258
21.225471  5415.059772
21.392594  5366.593262
21.559717  5316.005356
21.726840  5263.654400
21.893963  5209.921280
22.061086  5155.193686
22.228209  5099.855262
22.395332  5044.286176
22.562455  4988.858192
22.729578  4933.927160
22.896701  4879.827507
23.063824  4826.864578
23.230947  4775.314113
23.398070  4725.423606
23.565193  4677.411897
23.732316  4631.464462
23.899439  4587.723521
