0.000206  10939.385077
0.167329  10827.900221
0.334452  10723.911797
0.501575  10627.426292
0.668698  10538.400083
0.835821  10456.724032
1.002944  10382.196665
1.170067  10314.496580
1.337190  10253.167315
1.504313  10197.619171
1.671436  10147.156393
1.838559  10101.031538
2.005682  10058.503294
2.172805  10018.880722
2.339927  9981.550715
2.507050  9945.991039
2.674173  9911.766013
2.841296  9878.510221
3.008419  9845.908021
3.175542  9813.676894
3.342665  9781.561138
3.509788  9749.330701
3.676911  9716.786265
3.844034  9683.768706
4.011157  9650.168799
4.178280  9615.922485
4.345403  9580.992815
4.512526  9545.354197
4.679649  9508.982623
4.846772  9471.852466
5.013895  9433.938580
5.181018  9395.222918
5.348141  9355.699833
5.515264  9315.382230
5.682387  9274.314039
5.849510  9232.585998
6.016633  9190.341842
6.183756  9147.760037
6.350879  9105.035014
6.518002  9062.379931
6.685125  9020.032526
6.852248  8978.236537
7.019371  8937.215930
7.186494  8897.158551
7.353617  8858.211858
7.520740  8820.490011
7.687863  8784.081989
7.854986  8749.057914
8.022109  8715.473256
8.189232  8683.374328
8.356355  8652.807191
8.523478  8623.830858
8.690601  8596.529907
8.857724  8571.021538
9.024847  8547.451448
9.191970  8525.979956
9.359093  8506.770646
9.526216  8489.990315
9.693339  8475.820755
9.860462  8464.469643
10.027585  8456.177492
10.194708  8451.217336
10.361831  8449.897502
10.528954  8452.570261
10.696077  8459.641346
10.863200  8471.571427
11.030323  8488.862067
11.197446  8512.046863
11.364569  8541.701237
11.531692  8578.443826
11.698815  8622.926232
11.865938  8675.825293
12.033061  8737.868618
12.200184  8809.871249
12.367307  8892.761423
12.534430  8987.578628
12.701553  9095.465511
12.868676  9217.638255
13.035799  9355.291551
13.202922  9509.411965
13.370045  9680.493019
13.537168  9868.276816
13.704291  10071.623604
13.871413  10288.579104
14.038536  10516.597980
14.205659  10752.814288
14.372782  10994.287777
14.539905  11238.170096
14.707028  11481.809122
14.874151  11722.809512
15.041274  11959.068604
15.208397  12188.782299
15.375520  12410.433469
15.542643  12622.768706
15.709766  12824.780274
15.876889  13015.685521
16.044012  13194.911298
16.211135  13362.078598
16.378258  13516.981561
16.545381  13659.560512
16.712504  13789.871423
16.879627  13908.057212
17.046750  14014.327421
17.213873  14108.946536
17.380996  14192.219658
17.548119  14264.475812
17.715242  14326.050643
17.882365  14377.269537
18.049488  14418.429990
18.216611  14449.780712
18.383734  14471.511093
18.550857  14483.747857
18.717980  14486.567224
18.885103  14480.000386
19.052226  14464.038006
19.219349  14438.629503
19.386472  14403.706083
19.553595  14359.208473
19.720718  14305.089055
19.887841  14241.302361
20.054964  14167.825366
20.222087  14084.720041
20.389210  13992.157749
20.556333  13890.379541
20.723456  13779.683564
20.890579  13660.444678
21.057702  13533.146550
21.224825  13398.397901
21.391948  13256.934321
21.559071  13109.609640
21.726194  12957.382471
21.893317  12801.289933
22.060440  12642.412753
22.227563  12481.851513
22.394686  12320.724243
22.561809  12160.148035
22.728932  12001.210532
22.896055  11844.942998
23.063178  11692.295528
23.230301  11544.134401
23.397424  11401.245620
23.564547  11264.330697
23.731670  11133.984558
23.898793  11010.662672
