0.000207  4329.258453
0.167330  4287.993032
0.334453  4249.890415
0.501576  4214.786365
0.668699  4182.529469
0.835821  4152.981513
1.002944  4126.008722
1.170067  4101.472065
1.337190  4079.218967
1.504313  4059.077258
1.671436  4040.850749
1.838559  4024.324679
2.005682  4009.277469
2.172805  3995.494176
2.339928  3982.775986
2.507051  3970.947973
2.674174  3959.862505
2.841297  3949.399355
3.008420  3939.460162
3.175543  3929.957867
3.342666  3920.807737
3.509789  3911.920971
3.676912  3903.204667
3.844035  3894.565695
4.011158  3885.916165
4.178281  3877.170710
4.345404  3868.238953
4.512527  3859.021046
4.679650  3849.405348
4.846773  3839.267984
5.013896  3828.475980
5.181019  3816.897313
5.348142  3804.411862
5.515265  3790.919131
5.682388  3776.340519
5.849511  3760.622905
6.016634  3743.742022
6.183757  3725.700319
6.350880  3706.532520
6.518003  3686.314952
6.685126  3665.157235
6.852249  3643.182347
7.019372  3620.515645
7.186495  3597.285243
7.353618  3573.626108
7.520741  3549.685268
7.687864  3525.624670
7.854987  3501.619709
8.022110  3477.855284
8.189233  3454.522138
8.356356  3431.816290
8.523479  3409.940088
8.690602  3389.101331
8.857725  3369.509344
9.024848  3351.366276
9.191971  3334.856459
9.359094  3320.140648
9.526217  3307.358248
9.693340  3296.634212
9.860463  3288.084045
10.027586  3281.814503
10.194709  3277.921406
10.361832  3276.493791
10.528955  3277.625429
10.696078  3281.422476
10.863201  3287.997173
11.030324  3297.459739
11.197447  3309.927769
11.364570  3325.540707
11.531693  3344.459915
11.698816  3366.858334
11.865939  3392.917586
12.033062  3422.846830
12.200185  3456.907831
12.367307  3495.434306
12.534430  3538.829732
12.701553  3587.541936
12.868676  3642.002403
13.035799  3702.543938
13.202922  3769.335925
13.370045  3842.338174
13.537168  3921.299922
13.704291  4005.791693
13.871414  4095.255211
14.038537  4189.064119
14.205660  4286.575629
14.372783  4387.160761
14.539906  4490.211013
14.707029  4595.138545
14.874152  4701.373352
15.041275  4808.365950
15.208398  4915.587103
15.375521  5022.521769
15.542644  5128.659873
15.709767  5233.492173
15.876890  5336.505419
16.044013  5437.180776
16.211136  5534.994819
16.378259  5629.420776
16.545382  5719.928921
16.712505  5805.985277
16.879628  5887.054814
17.046751  5962.607278
17.213874  6032.127736
17.380997  6095.122846
17.548120  6151.127122
17.715243  6199.711834
17.882366  6240.496402
18.049489  6273.161478
18.216612  6297.454820
18.383735  6313.196997
18.550858  6320.283339
18.717981  6318.691218
18.885104  6308.486596
19.052227  6289.826819
19.219350  6262.949913
19.386473  6228.162776
19.553596  6185.847510
19.720719  6136.468234
19.887842  6080.567533
20.054965  6018.747199
20.222088  5951.642061
20.389211  5879.905701
20.556334  5804.209805
20.723457  5725.241262
20.890580  5643.694620
21.057703  5560.263469
21.224826  5475.631104
21.391949  5390.463085
21.559072  5305.396996
21.726195  5221.031533
21.893318  5137.915512
22.060441  5056.536050
22.227564  4977.313407
22.394687  4900.609352
22.561810  4826.727554
22.728933  4755.912795
22.896056  4688.354778
23.063179  4624.188303
23.230302  4563.497747
23.397425  4506.325027
23.564548  4452.682517
23.731671  4402.557658
23.898794  4355.906786
