0.000535  5232.726213
0.167658  5181.981665
0.334781  5134.616428
0.501904  5090.392324
0.669027  5049.095816
0.836150  5010.567584
1.003273  4974.762681
1.170396  4941.627681
1.337519  4911.052532
1.504642  4882.915521
1.671765  4857.090486
1.838888  4833.411186
2.006011  4811.693570
2.173134  4791.717930
2.340256  4773.261005
2.507379  4756.098541
2.674502  4740.018668
2.841625  4724.870526
3.008748  4710.478074
3.175871  4696.609578
3.342994  4683.049956
3.510117  4669.660062
3.677240  4656.373960
3.844363  4643.146000
4.011486  4629.855489
4.178609  4616.444927
4.345732  4602.895562
4.512855  4589.205350
4.679978  4575.381162
4.847101  4561.375193
5.014224  4547.094639
5.181347  4532.449526
5.348470  4517.360925
5.515593  4501.783995
5.682716  4485.660993
5.849839  4468.933072
6.016962  4451.580261
6.184085  4433.595275
6.351208  4414.977476
6.518331  4395.790559
6.685454  4376.125526
6.852577  4356.045875
7.019700  4335.583783
7.186823  4314.828567
7.353946  4293.814357
7.521069  4272.601009
7.688192  4251.236596
7.855315  4229.830471
8.022438  4208.518276
8.189561  4187.429155
8.356684  4166.676967
8.523807  4146.404566
8.690930  4126.824351
8.858053  4108.149116
9.025176  4090.613992
9.192299  4074.454840
9.359422  4059.898028
9.526545  4047.167137
9.693668  4036.463173
9.860791  4028.003571
10.027914  4021.987428
10.195037  4018.586266
10.362160  4017.943056
10.529283  4020.211616
10.696406  4025.550415
10.863529  4034.117129
11.030652  4046.063852
11.197775  4061.597212
11.364898  4080.990221
11.532021  4104.511309
11.699144  4132.341373
11.866267  4164.664031
12.033390  4201.731118
12.200513  4243.950712
12.367636  4291.884439
12.534759  4346.216718
12.701882  4407.681145
12.869005  4476.877452
13.036128  4554.140284
13.203251  4639.392885
13.370374  4732.250006
13.537497  4831.933698
13.704620  4937.375507
13.871743  5047.559941
14.038866  5161.744551
14.205989  5279.439017
14.373112  5400.112757
14.540235  5523.281887
14.707358  5648.443298
14.874481  5775.109540
15.041604  5902.885241
15.208727  6031.261308
15.375850  6159.622558
15.542973  6287.260956
15.710096  6413.374312
15.877219  6536.982753
16.044342  6657.039203
16.211465  6772.623359
16.378588  6882.764026
16.545711  6986.693080
16.712834  7083.708997
16.879957  7173.124199
17.047080  7254.516058
17.214202  7327.552427
17.381325  7391.937144
17.548448  7447.404473
17.715571  7493.810016
17.882694  7531.108867
18.049817  7559.114372
18.216940  7577.628657
18.384063  7586.552779
18.551186  7585.989773
18.718309  7576.068931
18.885432  7556.994542
19.052555  7529.066398
19.219678  7492.663018
19.386801  7448.147990
19.553924  7395.927224
19.721047  7336.492266
19.888170  7270.382295
20.055293  7198.177343
20.222416  7120.532470
20.389539  7038.036198
20.556662  6951.392102
20.723785  6861.251578
20.890908  6768.287753
21.058031  6673.167027
21.225154  6576.543349
21.392277  6479.127991
21.559400  6381.584797
21.726523  6284.525264
21.893646  6188.463374
22.060769  6093.914361
22.227892  6001.541070
22.395015  5911.800073
22.562138  5825.125706
22.729261  5741.843760
22.896384  5662.228914
23.063507  5586.465678
23.230630  5514.590483
23.397753  5446.568355
23.564876  5382.367481
23.731999  5321.945837
23.899122  5265.282820
