0.000847  3137.940261
0.167970  3110.379125
0.335093  3084.065863
0.502216  3059.008202
0.669339  3035.215302
0.836462  3012.696035
1.003585  2991.449809
1.170708  2971.461166
1.337831  2952.692298
1.504954  2935.078045
1.672077  2918.521035
1.839200  2902.894877
2.006323  2888.052763
2.173446  2873.847081
2.340569  2860.130615
2.507692  2846.761028
2.674815  2833.618050
2.841938  2820.608922
3.009061  2807.660674
3.176184  2794.707752
3.343307  2781.692052
3.510430  2768.567779
3.677553  2755.303124
3.844676  2741.877482
4.011799  2728.304731
4.178922  2714.631840
4.346045  2700.925277
4.513168  2687.261592
4.680291  2673.713005
4.847414  2660.332211
5.014537  2647.155688
5.181660  2634.210838
5.348783  2621.525847
5.515906  2609.134297
5.683029  2597.074496
5.850152  2585.391881
6.017275  2574.137472
6.184398  2563.355558
6.351521  2553.080189
6.518644  2543.343438
6.685767  2534.179809
6.852890  2525.609972
7.020013  2517.624560
7.187136  2510.178633
7.354259  2503.208661
7.521382  2496.635312
7.688505  2490.382589
7.855628  2484.377880
8.022751  2478.550650
8.189874  2472.834019
8.356996  2467.171973
8.524119  2461.524910
8.691242  2455.881799
8.858365  2450.260316
9.025488  2444.701333
9.192611  2439.257472
9.359734  2433.985320
9.526857  2428.946886
9.693980  2424.213279
9.861103  2419.868984
10.028226  2416.007627
10.195349  2412.735884
10.362472  2410.171890
10.529595  2408.450209
10.696718  2407.727897
10.863841  2408.183559
11.030964  2410.000037
11.198087  2413.368908
11.365210  2418.486780
11.532333  2425.553589
11.699456  2434.762010
11.866579  2446.297955
12.033702  2460.363791
12.200825  2477.214108
12.367948  2497.172528
12.535071  2520.631457
12.702194  2548.014901
12.869317  2579.736921
13.036440  2616.146300
13.203563  2657.459068
13.370686  2703.678185
13.537809  2754.501950
13.704932  2809.337941
13.872055  2867.415371
14.039178  2927.912739
14.206301  2990.030456
14.373424  3053.068466
14.540547  3116.438509
14.707670  3179.600302
14.874793  3242.048450
15.041916  3303.292946
15.209039  3362.868699
15.376162  3420.319583
15.543285  3475.228486
15.710408  3527.211190
15.877531  3575.918382
16.044654  3621.053583
16.211777  3662.366791
16.378900  3699.679394
16.546023  3732.891627
16.713146  3761.990848
16.880269  3787.062097
17.047392  3808.277879
17.214515  3825.872648
17.381638  3840.135199
17.548761  3851.378186
17.715884  3859.926938
17.883007  3866.104354
18.050130  3870.216337
18.217252  3872.536240
18.384375  3873.299214
18.551498  3872.684724
18.718621  3870.820468
18.885744  3867.783884
19.052867  3863.603713
19.219990  3858.259690
19.387113  3851.681177
19.554236  3843.775685
19.721359  3834.430311
19.888482  3823.518136
20.055605  3810.918135
20.222728  3796.523494
20.389851  3780.261574
20.556974  3762.075989
20.724097  3741.940556
20.891220  3719.841666
21.058343  3695.803201
21.225466  3669.889475
21.392589  3642.201234
21.559712  3612.891972
21.726835  3582.160198
21.893958  3550.221290
22.061081  3517.321182
22.228204  3483.697561
22.395327  3449.590577
22.562450  3415.221723
22.729573  3380.831262
22.896696  3346.638366
23.063819  3312.839720
23.230942  3279.603963
23.398065  3247.085250
23.565188  3215.432407
23.732311  3184.786102
23.899434  3155.268368
