0.000530  3905.046174
0.167653  3865.609577
0.334776  3827.952260
0.501899  3792.473228
0.669022  3759.872112
0.836145  3728.405961
1.003268  3699.719041
1.170391  3673.445423
1.337514  3648.979276
1.504637  3626.392099
1.671760  3605.355871
1.838883  3585.295640
2.006006  3567.150918
2.173129  3548.964668
2.340252  3531.685691
2.507375  3514.666945
2.674498  3497.793171
2.841621  3480.611347
3.008744  3464.413549
3.175867  3447.495177
3.342990  3430.334903
3.510113  3412.106483
3.677236  3393.868702
3.844359  3375.413419
4.011482  3356.271610
4.178605  3336.400992
4.345728  3316.043801
4.512851  3295.896977
4.679974  3275.613279
4.847097  3254.868812
5.014220  3234.357310
5.181343  3214.442272
5.348466  3194.504934
5.515589  3174.815768
5.682712  3156.062685
5.849835  3136.012985
6.016958  3117.153952
6.184081  3098.571900
6.351204  3080.282848
6.518327  3062.439230
6.685450  3044.528626
6.852573  3027.602960
7.019696  3010.866507
7.186819  2993.892914
7.353942  2978.144317
7.521065  2962.727851
7.688188  2947.312938
7.855311  2932.426762
8.022434  2917.978757
8.189557  2903.927695
8.356680  2889.899328
8.523803  2875.753548
8.690926  2861.909886
8.858049  2848.444472
9.025172  2834.981525
9.192295  2821.533488
9.359418  2808.383110
9.526541  2796.004117
9.693664  2784.542200
9.860787  2774.162074
10.027910  2764.979628
10.195033  2757.040952
10.362156  2750.449909
10.529279  2745.351622
10.696402  2742.095133
10.863525  2740.758532
11.030647  2741.457221
11.197770  2744.604338
11.364893  2750.580093
11.532016  2760.039019
11.699139  2773.158198
11.866262  2789.657915
12.033385  2810.108111
12.200508  2834.900378
12.367631  2864.190370
12.534754  2899.893262
12.701877  2940.767520
12.869000  2988.053859
13.036123  3043.289977
13.203246  3106.658130
13.370369  3179.376991
13.537492  3260.377602
13.704615  3349.443277
13.871738  3442.553534
14.038861  3540.040731
14.205984  3639.228231
14.373107  3739.752185
14.540230  3842.178892
14.707353  3942.282026
14.874476  4041.019713
15.041599  4137.374748
15.208722  4232.066285
15.375845  4323.513320
15.542968  4411.297266
15.710091  4497.075176
15.877214  4576.616714
16.044337  4650.967360
16.211460  4719.863648
16.378583  4782.811398
16.545706  4837.942605
16.712829  4888.514917
16.879952  4931.545896
17.047075  4969.707354
17.214198  5001.620402
17.381321  5029.024258
17.548444  5051.455105
17.715567  5069.661470
17.882690  5084.593968
18.049813  5096.921141
18.216936  5104.981327
18.384059  5109.794281
18.551182  5112.012984
18.718305  5111.608444
18.885428  5107.846240
19.052551  5101.678178
19.219674  5092.759380
19.386797  5081.052172
19.553920  5066.802497
19.721043  5049.640396
19.888166  5029.082079
20.055289  5005.799461
20.222412  4979.303070
20.389535  4950.255057
20.556658  4917.225564
20.723781  4881.668315
20.890904  4842.807307
21.058027  4800.051731
21.225150  4755.601113
21.392273  4708.169117
21.559396  4658.417865
21.726519  4606.875752
21.893642  4553.756687
22.060765  4498.924546
22.227888  4443.605827
22.395011  4387.847198
22.562134  4332.493998
22.729257  4276.544657
22.896380  4222.385632
23.063503  4169.051653
23.230626  4117.589297
23.397749  4067.397397
23.564872  4019.922806
23.731995  3973.828317
23.899118  3930.432061
