0.000538  1671.285394
0.167661  1651.317514
0.334784  1632.520094
0.501907  1614.908887
0.669030  1598.499648
0.836153  1583.306239
1.003276  1569.333854
1.170399  1556.571722
1.337522  1544.982272
1.504645  1534.494847
1.671768  1525.004908
1.838890  1516.383254
2.006013  1508.488257
2.173136  1501.175916
2.340259  1494.308650
2.507382  1487.764235
2.674505  1481.440317
2.841628  1475.252723
3.008751  1469.130876
3.175874  1463.011676
3.342997  1456.837517
3.510120  1450.555610
3.677243  1444.121927
3.844366  1437.506230
4.011489  1430.696611
4.178612  1423.699932
4.345735  1416.537987
4.512858  1409.244432
4.679981  1401.861268
4.847104  1394.431322
5.014227  1386.992059
5.181350  1379.579022
5.348473  1372.227791
5.515596  1364.979184
5.682719  1357.879582
5.849842  1350.982843
6.016965  1344.348938
6.184088  1338.036282
6.351211  1332.100133
6.518334  1326.595506
6.685457  1321.576430
6.852580  1317.078872
7.019703  1313.111847
7.186826  1309.656236
7.353949  1306.668669
7.521072  1304.092286
7.688195  1301.863225
7.855318  1299.917703
8.022441  1298.194488
8.189564  1296.636945
8.356687  1295.197354
8.523810  1293.841907
8.690933  1292.553486
8.858056  1291.330795
9.025179  1290.182753
9.192302  1289.120096
9.359425  1288.150776
9.526548  1287.280529
9.693671  1286.518892
9.860794  1285.882347
10.027917  1285.395858
10.195040  1285.090790
10.362163  1285.007067
10.529286  1285.201898
10.696409  1285.755854
10.863532  1286.770847
11.030655  1288.366060
11.197778  1290.671085
11.364901  1293.835911
11.532024  1298.024328
11.699147  1303.413906
11.866270  1310.193071
12.033393  1318.579671
12.200516  1328.835235
12.367639  1341.275135
12.534762  1356.257072
12.701885  1374.156349
12.869008  1395.334603
13.036131  1420.074510
13.203254  1448.502871
13.370377  1480.493452
13.537500  1515.639808
13.704623  1553.304083
13.871746  1592.709764
14.038869  1633.058422
14.205992  1673.608721
14.373115  1713.727526
14.540238  1752.896174
14.707361  1790.693134
14.874484  1826.778262
15.041607  1860.881185
15.208730  1892.790587
15.375853  1922.343123
15.542976  1949.411902
15.710099  1973.908368
15.877222  1995.775728
16.044345  2014.993139
16.211468  2031.577993
16.378591  2045.589908
16.545714  2057.131335
16.712836  2066.341772
16.879959  2073.396283
17.047082  2078.503466
17.214205  2081.909092
17.381328  2083.890535
17.548451  2084.749532
17.715574  2084.803751
17.882697  2084.376753
18.049820  2083.785663
18.216943  2083.318649
18.384066  2083.214549
18.551189  2083.643443
18.718312  2084.697332
18.885435  2086.381915
19.052558  2088.614321
19.219681  2091.220440
19.386804  2093.947228
19.553927  2096.490106
19.721050  2098.511884
19.888173  2099.660049
20.055296  2099.589858
20.222419  2098.000594
20.389542  2094.657814
20.556665  2089.378390
20.723788  2082.027663
20.890911  2072.522963
21.058034  2060.839544
21.225157  2047.007849
21.392280  2031.111772
21.559403  2013.283659
21.726526  1993.699450
21.893649  1972.569633
22.060772  1950.121079
22.227895  1926.590850
22.395018  1902.230187
22.562141  1877.287340
22.729264  1852.010960
22.896387  1826.642686
23.063510  1801.407820
23.230633  1776.513786
23.397756  1752.152986
23.564879  1728.504374
23.732002  1705.729154
23.899125  1683.960935
