0.000207  3045.705529
0.167330  3012.938860
0.334453  2982.373299
0.501576  2954.011988
0.668699  2927.844106
0.835822  2903.840774
1.002945  2881.947732
1.170068  2862.076924
1.337191  2844.099862
1.504314  2827.846476
1.671437  2813.112278
1.838560  2799.674714
2.005683  2787.310313
2.172806  2775.808260
2.339929  2764.979647
2.507052  2754.663148
2.674175  2744.724421
2.841298  2735.051365
3.008421  2725.547839
3.175544  2716.127991
3.342667  2706.714395
3.509790  2697.237680
3.676913  2687.639020
3.844036  2677.874099
4.011159  2667.917355
4.178281  2657.761097
4.345404  2647.409867
4.512527  2636.874478
4.679650  2626.166157
4.846773  2615.292392
5.013896  2604.256351
5.181019  2593.060972
5.348142  2581.712032
5.515265  2570.221184
5.682388  2558.609237
5.849511  2546.910023
6.016634  2535.171132
6.183757  2523.447168
6.350880  2511.794992
6.518003  2500.275380
6.685126  2488.954523
6.852249  2477.895744
7.019372  2467.150897
7.186495  2456.755698
7.353618  2446.729378
7.520741  2437.079028
7.687864  2427.803549
7.854987  2418.897022
8.022110  2410.350545
8.189233  2402.154313
8.356356  2394.301267
8.523479  2386.792032
8.690602  2379.638922
8.857725  2372.867710
9.024848  2366.515058
9.191971  2360.622908
9.359094  2355.234265
9.526217  2350.393384
9.693340  2346.150544
9.860463  2342.565638
10.027586  2339.710546
10.194709  2337.668685
10.361832  2336.536582
10.528955  2336.427833
10.696078  2337.476963
10.863201  2339.839981
11.030324  2343.689936
11.197447  2349.212818
11.364570  2356.610064
11.531693  2366.095430
11.698816  2377.890431
11.865939  2392.221950
12.033062  2409.334443
12.200185  2429.503956
12.367308  2453.047575
12.534431  2480.320016
12.701554  2511.708733
12.868677  2547.623952
13.035800  2588.465634
13.202923  2634.555513
13.370046  2686.026740
13.537169  2742.735723
13.704292  2804.229589
13.871415  2869.787770
14.038538  2938.517848
14.205661  3009.455805
14.372784  3081.649026
14.539907  3154.202865
14.707030  3226.304464
14.874153  3297.233968
15.041276  3366.370346
15.208399  3433.188086
15.375522  3497.250783
15.542645  3558.201365
15.709768  3615.757501
15.876890  3669.704642
16.044013  3719.892655
16.211136  3766.232630
16.378259  3808.692284
16.545382  3847.289099
16.712505  3882.081038
16.879628  3913.158679
17.046751  3940.639289
17.213874  3964.664452
17.380997  3985.394176
17.548120  4002.999903
17.715243  4017.657261
17.882366  4029.538916
18.049489  4038.807104
18.216612  4045.602550
18.383735  4050.038034
18.550858  4052.193171
18.717981  4052.117279
18.885104  4049.828960
19.052227  4045.317481
19.219350  4038.541114
19.386473  4029.434982
19.553596  4017.923181
19.720719  4003.924349
19.887842  3987.354954
20.054965  3968.136831
20.222088  3946.213040
20.389211  3921.557398
20.556334  3894.169809
20.723457  3864.077750
20.890580  3831.343624
21.057703  3796.073865
21.224826  3758.422232
21.391949  3718.590512
21.559072  3676.825273
21.726195  3633.413356
21.893318  3588.672410
22.060441  3542.935810
22.227564  3496.542681
22.394687  3449.838417
22.561810  3403.166832
22.728933  3356.862673
22.896056  3311.245091
23.063179  3266.609255
23.230302  3223.224928
23.397425  3181.336452
23.564548  3141.161363
23.731671  3102.885076
23.898794  3066.652383
