0.000532  9773.533540
0.167655  9697.902504
0.334778  9628.776466
0.501901  9565.580298
0.669024  9507.852369
0.836147  9455.153351
1.003270  9407.046233
1.170393  9363.155667
1.337516  9323.066066
1.504639  9286.353994
1.671762  9252.566924
1.838885  9221.236244
2.006008  9191.894659
2.173131  9164.109818
2.340254  9137.478106
2.507377  9111.630328
2.674500  9086.252062
2.841623  9061.073769
3.008746  9035.898056
3.175869  9010.548159
3.342992  8984.838795
3.510115  8958.588397
3.677238  8931.614732
3.844361  8903.710819
4.011484  8874.700358
4.178607  8844.433470
4.345730  8812.736934
4.512853  8779.420780
4.679976  8744.303879
4.847099  8707.152290
5.014222  8667.655436
5.181345  8625.591737
5.348468  8580.764883
5.515591  8533.045188
5.682714  8482.338950
5.849837  8428.588726
6.016960  8371.833980
6.184083  8312.148994
6.351206  8249.639466
6.518329  8184.508890
6.685452  8117.018891
6.852575  8047.433696
7.019698  7976.025010
7.186820  7903.079217
7.353943  7828.899661
7.521066  7753.828562
7.688189  7678.245536
7.855312  7602.564182
8.022435  7527.224893
8.189558  7452.683022
8.356681  7379.396677
8.523804  7307.849009
8.690927  7238.541211
8.858050  7171.986534
9.025173  7108.701314
9.192296  7049.168806
9.359419  6993.841889
9.526542  6943.139418
9.693665  6897.457308
9.860788  6857.185365
10.027911  6822.692778
10.195034  6794.325855
10.362157  6772.401394
10.529280  6757.222603
10.696403  6749.110215
10.863526  6748.372335
11.030649  6755.255845
11.197772  6769.972735
11.364895  6792.812571
11.532018  6824.142232
11.699141  6864.243524
11.866264  6913.411603
12.033387  6971.976528
12.200510  7040.355141
12.367633  7119.039348
12.534756  7208.626344
12.701879  7309.879208
12.869002  7423.651960
13.036125  7550.755611
13.203248  7691.921223
13.370371  7847.548749
13.537494  8017.750072
13.704617  8202.273170
13.871740  8400.421658
14.038863  8611.330350
14.205986  8833.984241
14.373109  9067.223093
14.540232  9309.748282
14.707355  9560.171818
14.874478  9817.007995
15.041601  10078.705025
15.208724  10343.679297
15.375847  10610.310311
15.542970  10876.948090
15.710093  11141.933094
15.877216  11403.605311
16.044339  11660.312985
16.211462  11910.430558
16.378585  12152.373464
16.545708  12384.587810
16.712831  12605.560869
16.879954  12813.835710
17.047077  13008.024703
17.214200  13186.846855
17.381323  13349.129850
17.548446  13493.807336
17.715569  13619.931592
17.882692  13726.702923
18.049815  13813.487315
18.216938  13879.819549
18.384061  13925.419763
18.551184  13950.193181
18.718307  13954.239026
18.885430  13937.830559
19.052553  13901.471345
19.219676  13845.871008
19.386799  13771.839669
19.553922  13680.341977
19.721045  13572.532570
19.888168  13449.755216
20.055291  13313.617773
20.222414  13165.712248
20.389537  13007.522632
20.556660  12840.696653
20.723783  12666.903471
20.890906  12487.812861
21.058029  12305.115347
21.225152  12120.482709
21.392275  11935.556125
21.559398  11751.895896
21.726521  11570.925131
21.893644  11393.928665
22.060766  11222.049099
22.227889  11056.226837
22.395012  10897.078572
22.562135  10745.203333
22.729258  10601.117244
22.896381  10465.197205
23.063504  10337.615251
23.230627  10218.403274
23.397750  10107.495689
23.564873  10004.748317
23.731996  9909.958426
23.899119  9822.831770
