0.000853  3750.432576
0.167976  3717.609289
0.335099  3686.693955
0.502222  3657.685625
0.669345  3630.572780
0.836468  3605.329174
1.003591  3581.906447
1.170714  3560.225793
1.337837  3540.171192
1.504959  3521.587970
1.672082  3504.289404
1.839205  3488.071822
2.006328  3472.730911
2.173451  3458.074755
2.340574  3443.932834
2.507697  3430.161296
2.674820  3416.642483
2.841943  3403.280179
3.009066  3389.993645
3.176189  3376.712063
3.343312  3363.372395
3.510435  3349.918602
3.677558  3336.303345
3.844681  3322.491495
4.011804  3308.463763
4.178927  3294.215795
4.346050  3279.752312
4.513173  3265.081200
4.680296  3250.208013
4.847419  3235.132856
5.014542  3219.851292
5.181665  3204.359456
5.348788  3188.657772
5.515911  3172.753873
5.683034  3156.665741
5.850157  3140.425163
6.017280  3124.078404
6.184403  3107.679603
6.351526  3091.285839
6.518649  3074.958420
6.685772  3058.764861
6.852895  3042.771840
7.020018  3027.037452
7.187141  3011.606817
7.354264  2996.511676
7.521387  2981.774406
7.688510  2967.411461
7.855633  2953.436119
8.022756  2939.859800
8.189879  2926.693630
8.357002  2913.951402
8.524125  2901.653914
8.691248  2889.832539
8.858371  2878.530866
9.025494  2867.802306
9.192617  2857.704799
9.359740  2848.296774
9.526863  2839.637246
9.693986  2831.790254
9.861109  2824.828278
10.028232  2818.834679
10.195355  2813.903474
10.362478  2810.140892
10.529601  2807.668746
10.696724  2806.627909
10.863847  2807.179098
11.030970  2809.499416
11.198092  2813.778656
11.365215  2820.221612
11.532338  2829.044476
11.699461  2840.469638
11.866584  2854.722621
12.033707  2872.042760
12.200830  2892.696019
12.367953  2916.983629
12.535076  2945.239001
12.702199  2977.822739
12.869322  3015.112904
13.036445  3057.475723
13.203568  3105.208161
13.370691  3158.443237
13.537814  3217.068272
13.704937  3280.684428
13.872060  3348.633203
14.039183  3420.079130
14.206306  3494.102770
14.373429  3569.782178
14.540552  3646.241098
14.707675  3722.674708
14.874798  3798.362578
15.041921  3872.675544
15.209044  3945.073161
15.376167  4015.098169
15.543290  4082.367535
15.710413  4146.568303
15.877536  4207.451531
16.044659  4264.829363
16.211782  4318.571956
16.378905  4368.602618
16.546028  4414.890714
16.713151  4457.443039
16.880274  4496.296101
17.047397  4531.511019
17.214520  4563.171382
17.381643  4591.378568
17.548766  4616.245952
17.715889  4637.892860
17.883012  4656.438736
18.050135  4671.997268
18.217258  4684.667756
18.384381  4694.530869
18.551504  4701.644831
18.718627  4706.049103
18.885750  4707.763824
19.052873  4706.791298
19.219996  4703.113627
19.387119  4696.699708
19.554242  4687.514698
19.721365  4675.523521
19.888488  4660.691936
20.055611  4642.992582
20.222734  4622.419211
20.389857  4598.994551
20.556980  4572.764405
20.724103  4543.797873
20.891225  4512.193882
21.058348  4478.089611
21.225471  4441.663372
21.392594  4403.134560
21.559717  4362.759666
21.726840  4320.827159
21.893963  4277.647838
22.061086  4233.540704
22.228209  4188.823622
22.395332  4143.814319
22.562455  4098.825402
22.729578  4054.157593
22.896701  4010.094808
23.063824  3966.897197
23.230947  3924.800556
23.398070  3884.017077
23.565193  3844.734610
23.732316  3807.112646
23.899439  3771.274341
