0.000533  3818.187804
0.167656  3786.251661
0.334779  3756.888769
0.501902  3729.891002
0.669025  3705.100452
0.836148  3682.360490
1.003271  3661.505590
1.170394  3642.397143
1.337517  3624.868531
1.504640  3608.745702
1.671763  3593.836517
1.838886  3579.941811
2.006009  3566.861936
2.173131  3554.413322
2.340254  3542.424159
2.507377  3530.736722
2.674500  3519.224203
2.841623  3507.784922
3.008746  3496.352651
3.175869  3484.871806
3.342992  3473.282707
3.510115  3461.528354
3.677238  3449.553995
3.844361  3437.296719
4.011484  3424.709942
4.178607  3411.758701
4.345730  3398.397267
4.512853  3384.568752
4.679976  3370.223270
4.847099  3355.279717
5.014222  3339.602891
5.181345  3323.092222
5.348468  3305.652050
5.515591  3287.214679
5.682714  3267.725424
5.849837  3247.145253
6.016960  3225.481320
6.184083  3202.752460
6.351206  3178.988532
6.518329  3154.268890
6.685452  3128.703469
6.852575  3102.403217
7.019698  3075.479590
7.186821  3048.047021
7.353944  3020.223512
7.521067  2992.140543
7.688190  2963.944916
7.855313  2935.795625
8.022436  2907.858922
8.189559  2880.305337
8.356682  2853.303802
8.523805  2827.031777
8.690928  2801.673132
8.858051  2777.416959
9.025174  2754.451578
9.192297  2732.947454
9.359420  2713.057278
9.526543  2694.917888
9.693666  2678.654865
9.860789  2664.392718
10.027912  2652.249086
10.195035  2642.334273
10.362158  2634.748878
10.529281  2629.594188
10.696404  2626.988297
10.863527  2627.053502
11.030650  2629.894165
11.197773  2635.611050
11.364896  2644.352236
11.532019  2656.305541
11.699142  2671.615963
11.866265  2690.447447
12.033388  2712.986174
12.200511  2739.465174
12.367634  2770.153682
12.534757  2805.371547
12.701880  2845.531008
12.869003  2891.101360
13.036126  2942.529848
13.203249  3000.189774
13.370372  3064.195425
13.537495  3134.419665
13.704618  3210.492943
13.871741  3291.809815
14.038864  3377.729748
14.205987  3467.613342
14.373110  3560.832646
14.540233  3656.770563
14.707356  3754.840723
14.874479  3854.472441
15.041602  3955.114534
15.208725  4056.241104
15.375848  4157.338571
15.542971  4257.898328
15.710094  4357.416103
15.877217  4455.388658
16.044340  4551.310759
16.211463  4644.679800
16.378586  4734.997786
16.545709  4821.762570
16.712832  4904.469126
16.879955  4982.613900
17.047077  5055.702791
17.214200  5123.267330
17.381323  5184.866927
17.548446  5240.087518
17.715569  5288.550131
17.882692  5329.924659
18.049815  5363.937538
18.216938  5390.377198
18.384061  5409.099465
18.551184  5420.029933
18.718307  5423.169081
18.885430  5418.585420
19.052553  5406.443815
19.219676  5386.995567
19.386799  5360.526483
19.553922  5327.387354
19.721045  5288.009748
19.888168  5242.891686
20.055291  5192.598076
20.222414  5137.706234
20.389537  5078.791639
20.556660  5016.463473
20.723783  4951.333285
20.890906  4884.006822
21.058029  4815.090280
21.225152  4745.186970
21.392275  4674.892964
21.559398  4604.778564
21.726521  4535.372123
21.893644  4467.159668
22.060767  4400.580152
22.227890  4335.997008
22.395013  4273.627751
22.562136  4213.714060
22.729259  4156.483461
22.896382  4102.118596
23.063505  4050.718020
23.230628  4002.331724
23.397751  3956.976976
23.564874  3914.646576
23.731997  3875.311275
23.899120  3838.901768
