0.000537  6381.538677
0.167660  6322.102542
0.334782  6267.352633
0.501905  6217.020239
0.669028  6170.857459
0.836151  6128.639111
1.003274  6090.151752
1.170397  6055.179996
1.337520  6023.495333
1.504643  5994.847903
1.671766  5968.959130
1.838889  5945.527854
2.006012  5924.245006
2.173135  5904.810861
2.340258  5886.947094
2.507381  5870.405675
2.674504  5854.972125
2.841627  5840.465678
3.008750  5826.733051
3.175873  5813.635491
3.342996  5801.037031
3.510119  5788.795392
3.677242  5776.761177
3.844365  5764.783209
4.011488  5752.716652
4.178611  5740.420695
4.345734  5727.749526
4.512857  5714.546566
4.679980  5700.642455
4.847103  5685.856932
5.014226  5670.004725
5.181349  5652.908373
5.348472  5634.409729
5.515595  5614.379317
5.682718  5592.718576
5.849841  5569.363911
6.016964  5544.290427
6.184087  5517.509282
6.351210  5489.074524
6.518333  5459.094208
6.685456  5427.719671
6.852579  5395.120479
7.019702  5361.471275
7.186825  5326.952868
7.353948  5291.758050
7.521071  5256.098532
7.688194  5220.208709
7.855317  5184.343706
8.022440  5148.774040
8.189563  5113.780529
8.356686  5079.653413
8.523809  5046.693555
8.690932  5015.211182
8.858055  4985.520996
9.025178  4957.931159
9.192301  4932.729993
9.359424  4910.177431
9.526547  4890.507003
9.693670  4873.933655
9.860793  4860.659332
10.027916  4850.872921
10.195039  4844.746135
10.362162  4842.437221
10.529285  4844.103660
10.696408  4849.910724
10.863531  4860.021884
11.030654  4874.588050
11.197777  4893.760197
11.364900  4917.709995
11.532023  4946.632722
11.699146  4980.734372
11.866269  5020.227182
12.033392  5065.354529
12.200515  5116.425265
12.367638  5173.840043
12.534761  5238.089384
12.701884  5309.721331
12.869007  5389.267515
13.036130  5477.150306
13.203253  5573.618164
13.370376  5678.698821
13.537499  5792.192063
13.704622  5913.692142
13.871745  6042.627889
14.038868  6178.317284
14.205991  6320.016444
14.373114  6466.949153
14.540237  6618.313591
14.707360  6773.284521
14.874483  6931.015067
15.041606  7090.646871
15.208728  7251.316929
15.375851  7412.157397
15.542974  7572.290742
15.710097  7730.831790
15.877220  7886.887800
16.044343  8039.561909
16.211466  8187.958408
16.378589  8331.188032
16.545712  8468.371713
16.712835  8598.640827
16.879958  8721.143680
17.047081  8835.053170
17.214204  8939.581307
17.381327  9033.987484
17.548450  9117.586602
17.715573  9189.760444
17.882696  9249.971562
18.049819  9297.780093
18.216942  9332.850559
18.384065  9354.959078
18.551188  9363.993872
18.718311  9359.963383
18.885434  9343.003316
19.052557  9313.378360
19.219680  9271.467268
19.386803  9217.746229
19.553926  9152.798546
19.721049  9077.329771
19.888172  8992.171648
20.055295  8898.249889
20.222418  8796.523362
20.389541  8687.958260
20.556664  8573.549590
20.723787  8454.327712
20.890910  8331.346773
21.058033  8205.665320
21.225156  8078.328585
21.392279  7950.355849
21.559402  7822.723289
21.726525  7696.345290
21.893648  7572.057662
22.060771  7450.601649
22.227894  7332.616581
22.395017  7218.648701
22.562140  7109.151661
22.729263  7004.485062
22.896386  6904.919946
23.063509  6810.639673
23.230632  6721.746377
23.397755  6638.273437
23.564878  6560.204539
23.732001  6487.482139
23.899124  6420.000089
