0.000538  1574.302967
0.167661  1561.029079
0.334784  1548.869238
0.501907  1537.698439
0.669030  1527.408712
0.836153  1517.915890
1.003276  1509.153975
1.170399  1501.073801
1.337522  1493.638713
1.504645  1486.821150
1.671768  1480.593217
1.838891  1474.922671
2.006014  1469.770513
2.173137  1465.094907
2.340260  1460.852601
2.507383  1457.002091
2.674505  1453.506726
2.841628  1450.339166
3.008751  1447.481297
3.175874  1444.917529
3.342997  1442.629016
3.510120  1440.587484
3.677243  1438.758130
3.844366  1437.101071
4.011489  1435.572650
4.178612  1434.124668
4.345735  1432.704919
4.512858  1431.255365
4.679981  1429.707558
4.847104  1427.977618
5.014227  1425.965849
5.181350  1423.568163
5.348473  1420.686513
5.515596  1417.238824
5.682719  1413.158768
5.849842  1408.393708
6.016965  1402.903456
6.184088  1396.663152
6.351211  1389.676884
6.518334  1381.984807
6.685457  1373.650088
6.852580  1364.743813
7.019703  1355.342747
7.186826  1345.532851
7.353949  1335.409438
7.521072  1325.078320
7.688195  1314.654671
7.855318  1304.261436
8.022441  1294.025506
8.189564  1284.072431
8.356687  1274.525720
8.523810  1265.506131
8.690933  1257.129509
8.858056  1249.502015
9.025179  1242.714555
9.192302  1236.837842
9.359425  1231.922521
9.526548  1228.000818
9.693671  1225.091445
9.860794  1223.203404
10.027917  1222.337194
10.195040  1222.484627
10.362163  1223.630901
10.529286  1225.767080
10.696409  1228.893939
10.863532  1233.016618
11.030655  1238.144633
11.197778  1244.300212
11.364901  1251.529839
11.532024  1259.890834
11.699147  1269.444257
11.866270  1280.253000
12.033393  1292.403627
12.200516  1306.015769
12.367639  1321.256043
12.534762  1338.335248
12.701885  1357.483098
12.869008  1378.904612
13.036131  1402.708596
13.203254  1428.877674
13.370377  1457.262096
13.537500  1487.624310
13.704623  1519.700225
13.871746  1553.220345
14.038869  1587.931678
14.205992  1623.605049
14.373115  1660.050152
14.540238  1697.106990
14.707361  1734.638868
14.874484  1772.526300
15.041607  1810.664478
15.208730  1848.959208
15.375853  1887.320270
15.542976  1925.651624
15.710099  1963.853190
15.877222  2001.810492
16.044345  2039.392393
16.211468  2076.446671
16.378591  2112.801766
16.545714  2148.270346
16.712837  2182.640851
16.879960  2215.681265
17.047083  2247.139027
17.214206  2276.752554
17.381329  2304.247736
17.548451  2329.338518
17.715574  2351.733698
17.882697  2371.144517
18.049820  2387.304637
18.216943  2399.969257
18.384066  2408.925150
18.551189  2413.993110
18.718312  2415.041433
18.885435  2411.992498
19.052558  2404.828309
19.219681  2393.591793
19.386804  2378.374423
19.553927  2359.328276
19.721050  2336.672573
19.888173  2310.704062
20.055296  2281.774314
20.222419  2250.252342
20.389542  2216.513748
20.556665  2180.945020
20.723788  2143.949919
20.890911  2105.942596
21.058034  2067.338730
21.225157  2028.543105
21.392280  1989.944358
21.559403  1951.908271
21.726526  1914.769278
21.893649  1878.823228
22.060772  1844.313823
22.227895  1811.434666
22.395018  1780.340083
22.562141  1751.116672
22.729264  1723.805641
22.896387  1698.412481
23.063510  1674.909894
23.230633  1653.239062
23.397756  1633.311454
23.564879  1615.026286
23.732002  1598.277138
23.899125  1582.953993
