0.000531  1897.193852
0.167654  1881.130591
0.334777  1866.207347
0.501900  1852.176030
0.669023  1838.986669
0.836146  1826.545447
1.003269  1814.762755
1.170392  1803.627056
1.337515  1793.112339
1.504638  1783.180806
1.671761  1773.829233
1.838884  1765.093123
2.006007  1756.852055
2.173130  1749.098938
2.340253  1741.809886
2.507376  1734.843121
2.674499  1728.091770
2.841622  1721.487710
3.008745  1714.991020
3.175868  1708.521378
3.342991  1702.106466
3.510114  1695.701053
3.677237  1689.196423
3.844360  1682.534378
4.011483  1675.740555
4.178606  1668.843885
4.345729  1661.793496
4.512852  1654.674685
4.679975  1647.545259
4.847098  1640.432643
5.014221  1633.218337
5.181344  1625.867253
5.348467  1618.314584
5.515590  1610.545737
5.682713  1602.542208
5.849836  1594.273676
6.016959  1585.735804
6.184082  1576.937703
6.351205  1567.815936
6.518328  1558.357315
6.685451  1548.620399
6.852574  1538.728159
7.019697  1528.636287
7.186820  1518.365204
7.353943  1507.901470
7.521066  1497.239698
7.688189  1486.443448
7.855312  1475.596115
8.022435  1464.761169
8.189558  1454.008336
8.356680  1443.412440
8.523803  1433.000293
8.690926  1422.889668
8.858049  1413.207363
9.025172  1404.077706
9.192295  1395.572380
9.359418  1387.761170
9.526541  1380.717462
9.693664  1374.489353
9.860787  1369.139776
10.027910  1364.722793
10.195033  1361.299065
10.362156  1358.896799
10.529279  1357.568413
10.696402  1357.411430
10.863525  1358.511494
11.030648  1360.910907
11.197771  1364.680967
11.364894  1369.957881
11.532017  1376.953859
11.699140  1385.694776
11.866263  1396.225994
12.033386  1408.692077
12.200509  1423.234616
12.367632  1439.992182
12.534755  1459.248849
12.701878  1481.467209
12.869001  1507.183091
13.036124  1536.661531
13.203247  1570.093616
13.370370  1607.083819
13.537493  1646.980952
13.704616  1689.111307
13.871739  1732.703812
14.038862  1777.402127
14.205985  1822.914513
14.373108  1869.118239
14.540231  1915.968551
14.707354  1963.493605
14.874477  2011.607108
15.041600  2060.165502
15.208723  2109.055802
15.375846  2158.050934
15.542969  2206.928771
15.710092  2255.480164
15.877215  2303.397397
16.044338  2350.414516
16.211461  2396.232634
16.378584  2440.497113
16.545707  2482.812992
16.712830  2522.833219
16.879953  2560.314173
17.047076  2594.891898
17.214199  2626.277928
17.381322  2654.317795
17.548445  2678.805148
17.715568  2699.563348
17.882691  2716.489375
18.049814  2729.508730
18.216937  2738.535919
18.384060  2743.595009
18.551183  2744.741672
18.718306  2742.037287
18.885429  2735.546175
19.052552  2725.447758
19.219675  2711.923125
19.386798  2695.100430
19.553921  2675.143442
19.721044  2652.304850
19.888167  2626.763405
20.055290  2598.799647
20.222413  2568.698472
20.389536  2536.760464
20.556659  2503.261485
20.723782  2468.539544
20.890905  2432.869047
21.058028  2396.603121
21.225151  2360.043714
21.392274  2323.480482
21.559397  2287.205374
21.726520  2251.547444
21.893643  2216.758878
22.060766  2183.114208
22.227889  2150.869162
22.395012  2119.982976
22.562135  2090.486523
22.729258  2062.420926
22.896381  2035.925798
23.063504  2010.961695
23.230627  1987.487380
23.397749  1965.474732
23.564872  1944.812368
23.731995  1925.496467
23.899118  1907.529201
