0.000853  2665.172753
0.167976  2641.471177
0.335099  2619.126401
0.502222  2598.142589
0.669345  2578.516005
0.836468  2560.232338
1.003591  2543.261350
1.170714  2527.550791
1.337837  2513.020671
1.504960  2499.561746
1.672083  2487.040028
1.839206  2475.307900
2.006329  2464.216128
2.173452  2453.623409
2.340575  2443.403259
2.507698  2433.448699
2.674821  2423.672491
2.841944  2414.003701
3.009067  2404.383355
3.176190  2394.760029
3.343313  2385.088367
3.510436  2375.328480
3.677559  2365.447665
3.844682  2355.423385
4.011805  2345.246252
4.178928  2334.919871
4.346051  2324.456792
4.513174  2313.874313
4.680297  2303.189450
4.847420  2292.414605
5.014543  2281.556728
5.181666  2270.621807
5.348789  2259.618235
5.515912  2248.559759
5.683035  2237.467452
5.850158  2226.371637
6.017281  2215.311650
6.184404  2204.330140
6.351527  2193.470054
6.518650  2182.775951
6.685773  2172.295542
6.852896  2162.072734
7.020019  2152.141780
7.187142  2142.524202
7.354265  2133.228717
7.521388  2124.255278
7.688511  2115.598039
7.855633  2107.248257
8.022756  2099.195629
8.189879  2091.429699
8.357002  2083.942595
8.524125  2076.732826
8.691248  2069.808178
8.858371  2063.187016
9.025494  2056.896107
9.192617  2050.966189
9.359740  2045.428965
9.526863  2040.317266
9.693986  2035.668990
9.861109  2031.529667
10.028232  2027.954466
10.195355  2025.007550
10.362478  2022.763389
10.529601  2021.310060
10.696724  2020.752267
10.863847  2021.211852
11.030970  2022.825609
11.198093  2025.741358
11.365216  2030.120083
11.532339  2036.130720
11.699462  2043.946164
11.866585  2053.741244
12.033708  2065.703676
12.200831  2080.044543
12.367954  2097.005227
12.535077  2116.853302
12.702200  2139.877101
12.869323  2166.377887
13.036446  2196.644864
13.203569  2230.907549
13.370692  2269.253107
13.537815  2311.562107
13.704938  2357.483641
13.872061  2406.465470
14.039184  2457.828389
14.206307  2510.841566
14.373430  2564.786923
14.540553  2618.993639
14.707676  2672.854161
14.874799  2725.831965
15.041922  2777.465770
15.209045  2827.366429
15.376168  2875.212202
15.543291  2920.740905
15.710414  2963.747633
15.877537  3004.079109
16.044660  3041.631757
16.211783  3076.349322
16.378906  3108.219536
16.546029  3137.269011
16.713152  3163.556236
16.880275  3187.165509
17.047398  3208.202771
17.214521  3226.794160
17.381644  3243.081210
17.548766  3257.214940
17.715889  3269.349544
17.883012  3279.636198
18.050135  3288.216702
18.217258  3295.213713
18.384381  3300.725121
18.551504  3304.818510
18.718627  3307.533246
18.885750  3308.878757
19.052873  3308.836363
19.219996  3307.357164
19.387119  3304.368863
19.554242  3299.785595
19.721365  3293.513006
19.888488  3285.451958
20.055611  3275.506133
20.222734  3263.597190
20.389857  3249.674292
20.556980  3233.709242
20.724103  3215.697618
20.891226  3195.664506
21.058349  3173.671459
21.225472  3149.818094
21.392595  3124.242322
21.559718  3097.117057
21.726841  3068.646457
21.893964  3039.057816
22.061087  3008.588542
22.228210  2977.478341
22.395333  2945.970687
22.562456  2914.306511
22.729579  2882.719307
22.896702  2851.431621
23.063825  2820.648799
23.230948  2790.558206
23.398071  2761.329426
23.565194  2733.113438
23.732317  2706.039610
23.899440  2680.209597
