0.000534  14862.494980
0.167657  14704.082809
0.334780  14553.453166
0.501903  14410.455899
0.669026  14275.134416
0.836149  14147.711371
1.003272  14028.532261
1.170395  13917.882776
1.337518  13815.873883
1.504641  13722.317489
1.671764  13636.631219
1.838887  13557.963116
2.006010  13485.351092
2.173133  13417.693555
2.340256  13353.881161
2.507379  13292.956298
2.674502  13234.136798
2.841625  13176.801236
3.008748  13120.494750
3.175871  13064.860814
3.342994  13009.575244
3.510117  12954.315171
3.677240  12898.790298
3.844363  12842.820732
4.011486  12786.394084
4.178609  12729.713598
4.345732  12673.095589
4.512855  12616.929720
4.679978  12561.573044
4.847101  12507.253290
5.014224  12454.060520
5.181347  12402.000812
5.348470  12351.052299
5.515593  12301.224909
5.682716  12252.556523
5.849839  12205.160332
6.016962  12159.243586
6.184084  12115.042084
6.351207  12072.794870
6.518330  12032.825196
6.685453  11995.566261
6.852576  11961.374210
7.019699  11930.373566
7.186822  11902.458508
7.353945  11877.355930
7.521068  11854.740620
7.688191  11834.307881
7.855314  11815.806050
8.022437  11799.050802
8.189560  11783.886109
8.356683  11770.176259
8.523806  11757.888022
8.690929  11747.157654
8.858052  11738.219190
9.025175  11731.344746
9.192298  11726.768661
9.359421  11724.625417
9.526544  11724.973700
9.693667  11727.843427
9.860790  11733.312233
10.027913  11741.534023
10.195036  11752.667146
10.362159  11766.912740
10.529282  11784.609258
10.696405  11806.293773
10.863528  11832.670380
11.030651  11864.472676
11.197774  11902.486277
11.364897  11947.604198
11.532020  12000.856095
11.699143  12063.320687
11.866266  12136.125876
12.033389  12220.677114
12.200512  12318.985628
12.367635  12433.774161
12.534758  12568.301871
12.701881  12725.974079
12.869004  12909.777527
13.036127  13121.659967
13.203250  13361.882753
13.370373  13628.627545
13.537496  13917.663216
13.704619  14222.753972
13.871742  14536.990054
14.038865  14854.086874
14.205988  15169.065543
14.373111  15478.439117
14.540234  15779.979423
14.707357  16072.352791
14.874480  16354.616363
15.041603  16625.980942
15.208726  16885.590209
15.375849  17132.591561
15.542972  17365.949529
15.710095  17584.562121
15.877218  17787.263645
16.044341  17972.925161
16.211464  18140.828013
16.378587  18290.636516
16.545710  18422.493007
16.712833  18536.962355
16.879956  18634.992333
17.047079  18717.908837
17.214202  18787.160419
17.381325  18844.273008
17.548448  18890.637287
17.715571  18927.526208
17.882694  18956.029802
18.049817  18977.061758
18.216940  18991.378793
18.384063  18999.512772
18.551186  19001.799678
18.718309  18998.380304
18.885432  18989.265901
19.052555  18974.327016
19.219678  18953.152666
19.386801  18925.071728
19.553924  18889.239286
19.721047  18844.726054
19.888170  18790.453349
20.055293  18725.359779
20.222416  18648.757693
20.389539  18560.386674
20.556662  18460.301612
20.723785  18348.564483
20.890907  18225.267941
21.058030  18090.595067
21.225153  17944.855176
21.392276  17788.605304
21.559399  17622.554290
21.726522  17447.632508
21.893645  17264.936778
22.060768  17075.634261
22.227891  16881.153819
22.395014  16682.858830
22.562137  16482.249843
22.729260  16280.974614
22.896383  16080.607444
23.063506  15882.466588
23.230629  15687.655245
23.397752  15497.179109
23.564875  15312.129378
23.731998  15133.611278
23.899121  14962.501974
