0.000207  2241.992639
0.167330  2216.998109
0.334453  2193.622818
0.501576  2171.877275
0.668699  2151.763326
0.835822  2133.271175
1.002945  2116.373175
1.170068  2101.016344
1.337191  2087.114988
1.504314  2074.548018
1.671437  2063.163231
1.838560  2052.790092
2.005683  2043.253646
2.172806  2034.385787
2.339929  2026.033579
2.507052  2018.065567
2.674175  2010.372559
2.841298  2002.864183
3.008421  1995.463665
3.175544  1988.102629
3.342667  1980.719530
3.509790  1973.259279
3.676913  1965.676030
3.844036  1957.937009
4.011159  1950.026518
4.178282  1941.945654
4.345405  1933.708119
4.512528  1925.335830
4.679651  1916.853710
4.846774  1908.284252
5.013897  1899.644935
5.181020  1890.951786
5.348143  1882.222143
5.515266  1873.477958
5.682389  1864.747999
5.849512  1856.070527
6.016635  1847.493160
6.183758  1839.066318
6.350881  1830.839843
6.518004  1822.864835
6.685127  1815.194460
6.852250  1807.874234
7.019373  1800.934274
7.186496  1794.385995
7.353619  1788.222879
7.520742  1782.426200
7.687865  1776.969471
7.854988  1771.822711
8.022111  1766.954550
8.189234  1762.334338
8.356357  1757.935839
8.523480  1753.741885
8.690603  1749.747679
8.857726  1745.961706
9.024849  1742.402492
9.191972  1739.092674
9.359095  1736.055063
9.526218  1733.312865
9.693341  1730.894486
9.860464  1728.836651
10.027587  1727.186473
10.194710  1726.000612
10.361833  1725.347037
10.528955  1725.309935
10.696078  1725.993815
10.863201  1727.523699
11.030324  1730.041267
11.197447  1733.700307
11.364570  1738.670289
11.531693  1745.132043
11.698816  1753.274616
11.865939  1763.293378
12.033062  1775.403252
12.200185  1789.851138
12.367308  1806.924145
12.534431  1826.943334
12.701554  1850.254639
12.868677  1877.215458
13.035800  1908.157664
13.202923  1943.322110
13.370046  1982.756773
13.537169  2026.250855
13.704292  2073.327737
13.871415  2123.301048
14.038538  2175.372111
14.205661  2228.718540
14.372784  2282.562439
14.539907  2336.200844
14.707030  2389.015278
14.874153  2440.473136
15.041276  2490.127227
15.208399  2537.609054
15.375522  2582.621022
15.542645  2624.926277
15.709768  2664.345991
15.876891  2700.752950
16.044014  2734.070433
16.211137  2764.271118
16.378260  2791.375502
16.545383  2815.448053
16.712506  2836.590031
16.879629  2854.934077
17.046752  2870.639838
17.213875  2883.893208
17.380998  2894.900337
17.548121  2903.880347
17.715244  2911.057395
17.882367  2916.652439
18.049490  2920.874259
18.216613  2923.905299
18.383736  2925.891887
18.550859  2926.935441
18.717982  2927.092601
18.885105  2926.372739
19.052228  2924.738858
19.219351  2922.105637
19.386474  2918.347846
19.553597  2913.314972
19.720720  2906.839394
19.887843  2898.743176
20.054966  2888.849877
20.222089  2877.006655
20.389212  2863.097848
20.556335  2847.038391
20.723458  2828.774962
20.890581  2808.292708
21.057704  2785.623447
21.224827  2760.847259
21.391950  2734.092743
21.559073  2705.533635
21.726196  2675.384819
21.893319  2643.893512
22.060441  2611.323937
22.227564  2577.948537
22.394687  2544.049423
22.561810  2509.908341
22.728933  2475.802142
22.896056  2441.997205
23.063179  2408.741277
23.230302  2376.262111
23.397425  2344.767773
23.564548  2314.445921
23.731671  2285.459300
23.898794  2257.938066
