0.000531  1633.482372
0.167654  1619.536298
0.334777  1606.614267
0.501900  1594.427806
0.669023  1582.935087
0.836146  1572.049724
1.003269  1561.669970
1.170392  1551.797918
1.337515  1542.418100
1.504638  1533.514957
1.671761  1525.113704
1.838884  1517.282136
2.006007  1509.924299
2.173130  1503.048773
2.340253  1496.664649
2.507376  1490.631486
2.674499  1484.847660
2.841622  1479.236677
3.008745  1473.760090
3.175868  1468.335058
3.342991  1463.005398
3.510114  1457.716895
3.677237  1452.344726
3.844360  1446.822084
4.011483  1441.179203
4.178606  1435.445389
4.345729  1429.540823
4.512852  1423.565515
4.679975  1417.593184
4.847098  1411.692272
5.014221  1405.721651
5.181344  1399.651889
5.348467  1393.412331
5.515590  1386.993842
5.682713  1380.387147
5.849836  1373.557386
6.016959  1366.497307
6.184082  1359.187489
6.351205  1351.551008
6.518328  1343.583729
6.685451  1335.339811
6.852574  1326.940974
7.019697  1318.343313
7.186820  1309.574126
7.353943  1300.622631
7.521066  1291.485504
7.688189  1282.234236
7.855312  1272.959093
8.022435  1263.729407
8.189558  1254.617128
8.356681  1245.692297
8.523804  1236.974005
8.690927  1228.575551
8.858050  1220.617653
9.025173  1213.213174
9.192296  1206.410332
9.359419  1200.259865
9.526542  1194.814918
9.693665  1190.104160
9.860788  1186.172504
10.027911  1183.052961
10.195034  1180.791841
10.362157  1179.397138
10.529280  1178.905480
10.696403  1179.409533
10.863526  1180.978758
11.030649  1183.638009
11.197772  1187.456827
11.364894  1192.591953
11.532017  1199.268486
11.699140  1207.455519
11.866263  1217.183447
12.033386  1228.600455
12.200509  1241.830760
12.367632  1256.977281
12.534755  1274.323762
12.701878  1294.370942
12.869001  1317.706356
13.036124  1344.575308
13.203247  1375.087874
13.370370  1408.663817
13.537493  1444.516620
13.704616  1481.869958
13.871739  1519.880233
14.038862  1558.273608
14.205985  1596.872511
14.373108  1635.645260
14.540231  1674.646282
14.707354  1714.013707
14.874477  1753.741457
15.041600  1793.747450
15.208723  1833.995936
15.375846  1874.318522
15.542969  1914.558672
15.710092  1954.586401
15.877215  1994.148664
16.044338  2033.069104
16.211461  2071.106106
16.378584  2107.995909
16.545707  2143.414125
16.712830  2177.064720
16.879953  2208.757800
17.047076  2238.164871
17.214199  2265.024492
17.381322  2289.207448
17.548445  2310.502359
17.715568  2328.720908
17.882691  2343.745806
18.049814  2355.478536
18.216937  2363.788870
18.384060  2368.671776
18.551183  2370.156887
18.718306  2368.269578
18.885429  2363.033277
19.052552  2354.608188
19.219675  2343.150282
19.386798  2328.761080
19.553921  2311.568836
19.721044  2291.812123
19.888167  2269.631683
20.055290  2245.285325
20.222413  2219.025891
20.389536  2191.131356
20.556659  2161.837753
20.723782  2131.463470
20.890905  2100.242790
21.058028  2068.499928
21.225151  2036.499456
21.392274  2004.493609
21.559397  1972.740249
21.726520  1941.539695
21.893643  1911.102192
22.060766  1881.689131
22.227889  1853.603210
22.395012  1826.757240
22.562135  1801.142997
22.729258  1776.763547
22.896381  1753.772430
23.063504  1732.126663
23.230627  1711.782965
23.397750  1692.708598
23.564873  1674.783060
23.731996  1658.022779
23.899119  1642.456759
