0.000849  1627.936373
0.167972  1616.956616
0.335095  1606.675049
0.502218  1596.969738
0.669341  1587.728214
0.836464  1578.869512
1.003587  1570.331141
1.170710  1562.081491
1.337833  1554.123549
1.504956  1546.499074
1.672079  1539.265742
1.839202  1532.471214
2.006325  1526.142556
2.173448  1520.290375
2.340571  1514.895052
2.507694  1509.904036
2.674817  1505.248799
2.841940  1500.874899
3.009063  1496.737308
3.176186  1492.795968
3.343309  1489.001979
3.510432  1485.303695
3.677555  1481.646308
3.844678  1477.973038
4.011801  1474.251661
4.178923  1470.473841
4.346046  1466.646800
4.513169  1462.796417
4.680292  1458.948506
4.847415  1455.093586
5.014538  1451.184339
5.181661  1447.156933
5.348784  1442.959807
5.515907  1438.568977
5.683030  1433.973112
5.850153  1429.158480
6.017276  1424.098113
6.184399  1418.751079
6.351522  1413.094187
6.518645  1407.144910
6.685768  1400.937489
6.852891  1394.497220
7.020014  1387.838285
7.187137  1380.970797
7.354260  1373.920474
7.521383  1366.723775
7.688506  1359.437177
7.855629  1352.131304
8.022752  1344.881546
8.189875  1337.764209
8.356998  1330.858635
8.524121  1324.247789
8.691244  1318.024392
8.858367  1312.279146
9.025490  1307.091894
9.192613  1302.521477
9.359736  1298.612241
9.526859  1295.403630
9.693982  1292.927056
9.861105  1291.217520
10.028228  1290.299360
10.195351  1290.190172
10.362474  1290.898649
10.529597  1292.440272
10.696720  1294.847570
10.863843  1298.152637
11.030966  1302.382849
11.198089  1307.593350
11.365212  1313.864752
11.532335  1321.268417
11.699458  1329.836934
11.866581  1339.581114
12.033704  1350.529230
12.200827  1362.755359
12.367950  1376.400314
12.535073  1391.702864
12.702196  1408.953259
12.869319  1428.372938
13.036442  1449.987216
13.203565  1473.607800
13.370688  1498.921293
13.537811  1525.533829
13.704934  1553.051236
13.872056  1581.150322
14.039179  1609.654807
14.206302  1638.455558
14.373425  1667.516746
14.540548  1696.869392
14.707671  1726.539913
14.874794  1756.539875
15.041917  1786.844903
15.209040  1817.416301
15.376163  1848.177839
15.543286  1879.040616
15.710409  1909.890453
15.877532  1940.580870
16.044655  1970.950987
16.211778  2000.813578
16.378901  2029.962457
16.546024  2058.175896
16.713147  2085.214230
16.880270  2110.854405
17.047393  2134.889853
17.214516  2157.118086
17.381639  2177.350940
17.548762  2195.400640
17.715885  2211.100381
17.883008  2224.288281
18.050131  2234.830212
18.217254  2242.617175
18.384377  2247.587254
18.551500  2249.703999
18.718623  2248.949294
18.885746  2245.332949
19.052869  2238.910112
19.219992  2229.784615
19.387115  2218.053451
19.554238  2203.827841
19.721361  2187.243393
19.888484  2168.484052
20.055607  2147.764262
20.222730  2125.304986
20.389853  2101.329232
20.556976  2076.063198
20.724099  2049.770768
20.891222  2022.708534
21.058345  1995.137493
21.225468  1967.312458
21.392591  1939.485802
21.559714  1911.913651
21.726837  1884.848842
21.893960  1858.502795
22.061083  1833.099360
22.228206  1808.812376
22.395329  1785.765277
22.562452  1763.998794
22.729575  1743.560204
22.896698  1724.453398
23.063821  1706.663538
23.230944  1690.138201
23.398067  1674.791852
23.565189  1660.537154
23.732312  1647.293305
23.899435  1634.986048
