0.000846  8606.228937
0.167969  8531.866302
0.335092  8461.091605
0.502215  8393.836421
0.669338  8330.064963
0.836461  8269.767719
1.003584  8212.959270
1.170707  8159.626802
1.337830  8109.697454
1.504952  8063.012422
1.672075  8019.301043
1.839198  7978.226131
2.006321  7939.433906
2.173444  7902.518659
2.340567  7867.066894
2.507690  7832.714995
2.674813  7799.135573
2.841936  7766.040072
3.009059  7733.184160
3.176182  7700.365304
3.343305  7667.404543
3.510428  7634.129397
3.677551  7600.395435
3.844674  7566.125136
4.011797  7531.314947
4.178920  7496.053257
4.346043  7460.473350
4.513166  7424.742970
4.680289  7389.011631
4.847412  7353.380914
5.014535  7317.913214
5.181658  7282.648409
5.348781  7247.610431
5.515904  7212.830580
5.683027  7178.344175
5.850150  7144.201863
6.017273  7110.482528
6.184396  7077.271737
6.351519  7044.654761
6.518642  7012.737602
6.685765  6981.657836
6.852888  6951.538104
7.020011  6922.448901
7.187134  6894.410031
7.354257  6867.395588
7.521380  6841.370692
7.688503  6816.301617
7.855626  6792.159483
8.022749  6768.923878
8.189872  6746.565684
8.356995  6725.041329
8.524118  6704.331982
8.691241  6684.471866
8.858364  6665.531239
9.025487  6647.610911
9.192610  6630.830492
9.359733  6615.301575
9.526856  6601.136109
9.693979  6588.461841
9.861102  6577.438193
10.028225  6568.268427
10.195348  6561.178853
10.362471  6556.420355
10.529594  6554.297812
10.696717  6555.171926
10.863840  6559.451034
11.030963  6567.549161
11.198086  6579.891786
11.365208  6596.926179
11.532331  6619.125649
11.699454  6646.958892
11.866577  6680.887409
12.033700  6721.436142
12.200823  6769.301079
12.367946  6825.391089
12.535069  6890.783292
12.702192  6966.619270
12.869315  7053.942126
13.036438  7153.524689
13.203561  7265.686646
13.370684  7390.180568
13.537807  7526.033898
13.704930  7671.549833
13.872053  7824.618564
14.039176  7983.082663
14.206299  8144.981531
14.373422  8308.647989
14.540545  8472.674577
14.707668  8635.873401
14.874791  8797.156469
15.041914  8955.478367
15.209037  9109.793631
15.376160  9259.121482
15.543283  9402.507583
15.710406  9539.075494
15.877529  9668.023381
16.044652  9788.648271
16.211775  9900.457514
16.378898  10003.157527
16.546021  10096.667357
16.713144  10181.095417
16.880267  10256.734053
17.047390  10324.043602
17.214513  10383.540746
17.381636  10435.760578
17.548759  10481.161706
17.715882  10520.128536
17.883005  10552.957502
18.050128  10579.878151
18.217251  10601.076969
18.384374  10616.697753
18.551497  10626.869142
18.718620  10631.703518
18.885743  10631.314000
19.052866  10625.810166
19.219989  10615.244681
19.387112  10599.619778
19.554235  10578.899443
19.721358  10553.034146
19.888481  10521.929412
20.055604  10485.478264
20.222727  10443.635381
20.389850  10396.418646
20.556973  10343.905367
20.724096  10286.153223
20.891219  10223.226935
21.058341  10155.224952
21.225464  10082.304234
21.392587  10004.721194
21.559710  9922.805572
21.726833  9837.000384
21.893956  9747.838879
22.061079  9655.900663
22.228202  9561.878030
22.395325  9466.451130
22.562448  9370.341369
22.729571  9274.304696
22.896694  9179.062280
23.063817  9085.227809
23.230940  8993.314789
23.398063  8903.752396
23.565186  8816.955091
23.732309  8733.315667
23.899432  8653.130607
