0.000530  3809.246526
0.167653  3776.650608
0.334776  3745.791074
0.501899  3716.857809
0.669022  3690.332664
0.836145  3664.675365
1.003268  3641.156896
1.170391  3619.474657
1.337514  3599.101861
1.504637  3580.180842
1.671760  3562.377047
1.838883  3545.417828
2.006006  3530.286627
2.173129  3515.127938
2.340252  3500.991343
2.507375  3487.271848
2.674498  3473.859874
2.841621  3460.248332
3.008744  3447.807914
3.175867  3434.893934
3.342990  3421.931844
3.510113  3408.175344
3.677236  3394.613332
3.844359  3381.000918
4.011482  3366.847264
4.178605  3352.020623
4.345728  3336.744927
4.512851  3321.669488
4.679974  3306.318424
4.847097  3290.227706
5.014220  3274.049548
5.181343  3258.088147
5.348466  3241.574380
5.515589  3224.731160
5.682712  3208.283780
5.849835  3189.743179
6.016958  3171.773960
6.184081  3153.269272
6.351204  3134.192798
6.518327  3114.783192
6.685450  3094.495584
6.852573  3074.521009
7.019696  3054.000232
7.186819  3032.451232
7.353942  3011.575153
7.521065  2990.482723
7.688188  2968.902667
7.855311  2947.575700
8.022434  2926.562051
8.189557  2905.881147
8.356680  2885.214600
8.523803  2864.702025
8.690926  2844.834927
8.858049  2825.768539
9.025172  2807.235844
9.192295  2789.304549
9.359418  2772.323347
9.526541  2756.842353
9.693664  2743.054360
9.860787  2731.091923
10.027910  2721.057882
10.195033  2712.951769
10.362156  2706.881278
10.529279  2702.894331
10.696402  2701.295214
10.863525  2702.170101
11.030648  2705.501715
11.197771  2711.555177
11.364894  2720.582375
11.532017  2733.125897
11.699140  2749.339072
11.866263  2768.899203
12.033386  2792.240501
12.200508  2819.664789
12.367631  2851.207760
12.534754  2888.639671
12.701877  2930.677695
12.869000  2978.521186
13.036123  3033.462949
13.203246  3095.248428
13.370369  3164.406687
13.537492  3239.667597
13.704615  3321.011549
13.871738  3405.274276
14.038861  3493.517233
14.205984  3584.018822
14.373107  3677.036030
14.540230  3773.626273
14.707353  3870.330027
14.874476  3968.186539
15.041599  4066.698453
15.208722  4166.497837
15.375845  4266.143305
15.542968  4365.109019
15.710091  4464.959624
15.877214  4561.548750
16.044337  4655.479170
16.211460  4746.576134
16.378583  4833.556856
16.545706  4914.218761
16.712829  4991.158259
16.879952  5060.888027
17.047075  5125.483608
17.214198  5182.735976
17.381321  5233.808511
17.548444  5277.838892
17.715567  5314.854459
17.882690  5345.442771
18.049813  5369.864757
18.216936  5386.209878
18.384059  5395.349492
18.551182  5397.831907
18.718305  5393.688477
18.885428  5382.209407
19.052551  5364.544742
19.219674  5340.672904
19.386797  5310.817717
19.553920  5275.621508
19.721043  5235.188324
19.888166  5189.474106
20.055289  5139.707273
20.222412  5085.957732
20.389535  5029.353997
20.556658  4968.903760
20.723781  4906.676668
20.890904  4842.252775
21.058027  4775.516350
21.225150  4709.049265
21.392273  4641.742756
21.559396  4574.514236
21.726519  4508.097766
21.893642  4442.691190
22.060765  4378.303572
22.227888  4316.087380
22.395011  4255.942415
22.562134  4198.402520
22.729257  4142.396611
22.896380  4089.853382
23.063503  4039.708948
23.230626  3992.678078
23.397749  3947.947979
23.564872  3906.506675
23.731995  3867.043400
23.899118  3830.446744
