0.000537  1919.781607
0.167660  1897.868376
0.334783  1877.345595
0.501906  1858.223786
0.669029  1840.508078
0.836152  1824.196005
1.003275  1809.271587
1.170398  1795.698418
1.337521  1783.411025
1.504644  1772.311093
1.671767  1762.270044
1.838890  1753.140320
2.006013  1744.767764
2.173136  1737.001690
2.340259  1729.702862
2.507382  1722.750331
2.674505  1716.042988
2.841628  1709.496474
3.008751  1703.038644
3.175874  1696.604533
3.342997  1690.135264
3.510120  1683.577586
3.677243  1676.887255
3.844366  1670.032890
4.011489  1662.999668
4.178612  1655.789828
4.345735  1648.419823
4.512858  1640.917066
4.679981  1633.314777
4.847104  1625.644585
5.014227  1617.931811
5.181350  1610.199516
5.348473  1602.470874
5.515596  1594.773545
5.682719  1587.141155
5.849842  1579.615340
6.016965  1572.244729
6.184088  1565.078283
6.351211  1558.163339
6.518334  1551.547401
6.685457  1545.279081
6.852580  1539.396393
7.019703  1533.919686
7.186826  1528.849002
7.353949  1524.165153
7.521072  1519.836988
7.688195  1515.825974
7.855318  1512.091627
8.022441  1508.593650
8.189564  1505.293809
8.356687  1502.159818
8.523810  1499.169971
8.690933  1496.315986
8.858056  1493.603233
9.025179  1491.046789
9.192302  1488.664957
9.359425  1486.475409
9.526548  1484.495225
9.693671  1482.746060
9.860794  1481.256919
10.027917  1480.066238
10.195040  1479.220512
10.362163  1478.775860
10.529286  1478.804003
10.696409  1479.396667
10.863532  1480.665501
11.030655  1482.739348
11.197778  1485.757498
11.364901  1489.875343
11.532024  1495.257482
11.699147  1502.076613
11.866270  1510.511572
12.033393  1520.763911
12.200516  1533.069858
12.367639  1547.708599
12.534762  1564.993257
12.701885  1585.257367
12.869008  1608.841209
13.036131  1636.050259
13.203254  1667.089090
13.370377  1701.955983
13.537500  1740.388211
13.704623  1781.874659
13.871746  1825.724307
14.038869  1871.171299
14.205992  1917.457132
14.373114  1963.891476
14.540237  2009.871824
14.707360  2054.881475
14.874483  2098.484280
15.041606  2140.319821
15.208729  2180.094701
15.375852  2217.573801
15.542975  2252.569675
15.710098  2284.942921
15.877221  2314.595149
16.044344  2341.470201
16.211467  2365.554182
16.378590  2386.876448
16.545713  2405.508102
16.712836  2421.555046
16.879959  2435.154402
17.047082  2446.470860
17.214205  2455.698337
17.381328  2463.053826
17.548451  2468.770209
17.715574  2473.088695
17.882697  2476.250628
18.049820  2478.488654
18.216943  2480.009680
18.384066  2480.982730
18.551189  2481.527325
18.718312  2481.711991
18.885435  2481.549479
19.052558  2480.996445
19.219681  2479.950559
19.386804  2478.259381
19.553927  2475.737677
19.721050  2472.176844
19.888173  2467.354824
20.055296  2461.050256
20.222419  2453.067878
20.389542  2443.255618
20.556665  2431.495436
20.723788  2417.704656
20.890911  2401.842108
21.058034  2383.915913
21.225157  2363.983010
21.392280  2342.149117
21.559403  2318.564954
21.726526  2293.422654
21.893649  2266.947337
22.060772  2239.379987
22.227895  2210.970039
22.395018  2181.978158
22.562141  2152.660768
22.729264  2123.270144
22.896387  2094.050181
23.063510  2065.227971
23.230633  2037.012211
23.397756  2009.594072
23.564879  1983.147291
23.732002  1957.823964
23.899125  1933.746476
