0.000206  6552.565374
0.167329  6482.249833
0.334452  6416.711721
0.501575  6355.954880
0.668698  6299.955722
0.835821  6248.652312
1.002944  6201.926118
1.170067  6159.582792
1.337190  6121.340009
1.504313  6086.826597
1.671436  6055.598937
1.838559  6027.175919
2.005682  6001.076902
2.172805  5976.851796
2.339928  5954.100287
2.507051  5932.480818
2.674174  5911.707549
2.841297  5891.539696
3.008420  5871.768206
3.175543  5852.204789
3.342666  5832.677826
3.509789  5813.031807
3.676912  5793.131164
3.844035  5772.867214
4.011158  5752.165329
4.178281  5730.982047
4.345404  5709.292790
4.512527  5687.080648
4.679650  5664.328695
4.846773  5641.017150
5.013896  5617.125172
5.181019  5592.636354
5.348142  5567.542812
5.515265  5541.849147
5.682388  5515.580202
5.849511  5488.791088
6.016634  5461.571072
6.183757  5434.031596
6.350880  5406.294431
6.518003  5378.493758
6.685126  5350.779696
6.852248  5323.305479
7.019371  5296.210045
7.186494  5269.607531
7.353617  5243.585370
7.520740  5218.210341
7.687863  5193.535105
7.854986  5169.602836
8.022109  5146.449980
8.189232  5124.109905
8.356355  5102.619029
8.523478  5082.025579
8.690601  5062.397279
8.857724  5043.824876
9.024847  5026.418141
9.191970  5010.295557
9.359093  4995.575880
9.526216  4982.378163
9.693339  4970.829910
9.860462  4961.074323
10.027585  4953.274927
10.194708  4947.616044
10.361831  4944.305827
10.528954  4943.582672
10.696077  4945.722117
10.863200  4951.037848
11.030323  4959.871863
11.197446  4972.588241
11.364569  4989.579625
11.531692  5011.267952
11.698815  5038.096255
11.865938  5070.521918
12.033061  5109.032658
12.200184  5154.170618
12.367307  5206.549325
12.534430  5266.851047
12.701553  5335.817785
12.868676  5414.225527
13.035799  5502.815213
13.202922  5602.171286
13.370045  5712.547996
13.537168  5833.715704
13.704291  5964.883313
13.871414  6104.746189
14.038537  6251.637580
14.205660  6403.708693
14.372783  6559.087485
14.539906  6715.980515
14.707029  6872.732304
14.874152  7027.856385
15.041275  7180.051844
15.208398  7328.201889
15.375521  7471.362702
15.542644  7608.746190
15.709767  7739.707891
15.876890  7863.734539
16.044013  7980.436088
16.211136  8089.538448
16.378259  8190.872355
16.545382  8284.357895
16.712505  8369.986599
16.879628  8447.805102
17.046751  8517.903973
17.213874  8580.411836
17.380997  8635.486983
17.548120  8683.307464
17.715243  8724.061022
17.882366  8757.935272
18.049489  8785.107216
18.216612  8805.729855
18.383734  8819.925183
18.550857  8827.781359
18.717980  8829.360502
18.885103  8824.701614
19.052226  8813.822303
19.219349  8796.716679
19.386472  8773.368770
19.553595  8743.769604
19.720718  8707.918784
19.887841  8665.819284
20.054964  8617.489318
20.222087  8562.998789
20.389210  8502.483785
20.556333  8436.123464
20.723456  8364.132998
20.890579  8286.776171
21.057702  8204.385416
21.224825  8117.371509
21.391948  8026.223814
21.559071  7931.503804
21.726194  7833.835696
21.893317  7733.889460
22.060440  7632.357728
22.227563  7529.938847
22.394686  7427.334384
22.561809  7325.237819
22.728932  7224.319225
22.896055  7125.212006
23.063178  7028.498557
23.230301  6934.708409
23.397424  6844.321256
23.564547  6757.766910
23.731670  6675.413734
23.898793  6597.546758
