0.000534  1487.662283
0.167657  1469.989869
0.334780  1453.443886
0.501903  1438.012790
0.669026  1423.699978
0.836148  1410.483842
1.003271  1398.343737
1.170394  1387.254645
1.337517  1377.154907
1.504640  1367.961481
1.671763  1359.556783
1.838886  1351.811809
2.006009  1344.591510
2.173132  1337.760130
2.340255  1331.181663
2.507378  1324.731257
2.674501  1318.307963
2.841624  1311.832561
3.008747  1305.245004
3.175870  1298.492845
3.342993  1291.529040
3.510116  1284.317571
3.677239  1276.835456
3.844362  1269.067638
4.011485  1261.026161
4.178608  1252.742881
4.345731  1244.255165
4.512854  1235.605940
4.679977  1226.861491
4.847100  1218.124026
5.014223  1209.386754
5.181346  1200.676771
5.348469  1192.023386
5.515592  1183.466960
5.682715  1175.041327
5.849838  1166.789319
6.016961  1158.765179
6.184084  1151.018253
6.351207  1143.567485
6.518330  1136.436533
6.685453  1129.663806
6.852576  1123.275792
7.019699  1117.274695
7.186822  1111.643019
7.353945  1106.339071
7.521068  1101.312916
7.688191  1096.516131
7.855314  1091.902724
8.022437  1087.428512
8.189560  1083.053052
8.356683  1078.739887
8.523806  1074.465422
8.690929  1070.223151
8.858052  1066.025717
9.025175  1061.897930
9.192298  1057.865808
9.359421  1053.951145
9.526544  1050.178058
9.693667  1046.570675
9.860790  1043.175348
10.027913  1040.031047
10.195036  1037.187707
10.362159  1034.699356
10.529282  1032.634186
10.696405  1031.072791
10.863528  1030.110960
11.030651  1029.856130
11.197774  1030.425685
11.364897  1032.007119
11.532020  1034.743143
11.699143  1038.750992
11.866266  1044.200950
12.033389  1051.256186
12.200512  1060.125350
12.367635  1071.058440
12.534758  1084.353805
12.701881  1100.373332
12.869004  1119.519483
13.036127  1142.217925
13.203250  1168.854479
13.370373  1199.504998
13.537496  1233.873640
13.704619  1271.243277
13.871742  1310.647862
14.038865  1351.149598
14.205988  1391.920981
14.373111  1432.290404
14.540234  1471.715527
14.707357  1509.773099
14.874480  1546.128717
15.041603  1580.523870
15.208726  1612.758875
15.375849  1642.680978
15.542972  1670.171716
15.710095  1695.148894
15.877217  1717.563761
16.044340  1737.403234
16.211463  1754.694624
16.378586  1769.506927
16.545709  1781.952479
16.712832  1792.166470
16.879955  1800.315039
17.047078  1806.601815
17.214201  1811.272657
17.381324  1814.608355
17.548447  1816.913304
17.715570  1818.509502
17.882693  1819.731107
18.049816  1820.899737
18.216939  1822.310247
18.384062  1824.202965
18.551185  1826.749868
18.718308  1830.031239
18.885431  1834.035071
19.052554  1838.661967
19.219677  1843.722517
19.386800  1848.931873
19.553923  1853.960818
19.721046  1858.465485
19.888169  1862.084835
20.055292  1864.430087
20.222415  1865.178114
20.389538  1864.117514
20.556661  1861.055679
20.723784  1855.856342
20.890907  1848.454108
21.058030  1838.833357
21.225153  1827.037392
21.392276  1813.169616
21.559399  1797.375527
21.726522  1779.846679
21.893645  1760.809915
22.060768  1740.512355
22.227891  1719.201179
22.395014  1697.046499
22.562137  1674.279812
22.729260  1651.175564
22.896383  1628.003989
23.063506  1604.986763
23.230629  1582.328689
23.397752  1560.229130
23.564875  1538.870009
23.731998  1518.403076
23.899121  1498.942743
