0.000533  2635.437501
0.167656  2613.283393
0.334779  2592.929952
0.501902  2574.216819
0.669025  2557.027145
0.836148  2541.248910
1.003271  2526.759310
1.170394  2513.463236
1.337517  2501.244986
1.504640  2489.985007
1.671763  2479.552173
1.838886  2469.810424
2.006009  2460.622035
2.173132  2451.862620
2.340255  2443.416920
2.507378  2435.177013
2.674501  2427.059365
2.841624  2418.999625
3.008747  2410.962079
3.175870  2402.919312
3.342993  2394.839004
3.510116  2386.689041
3.677239  2378.438573
3.844362  2370.047522
4.011485  2361.486743
4.178608  2352.734613
4.345731  2343.758670
4.512854  2334.516123
4.679977  2324.971322
4.847100  2315.065877
5.014223  2304.686069
5.181346  2293.745939
5.348469  2282.161731
5.515592  2269.872156
5.682715  2256.825092
5.849838  2242.979351
6.016961  2228.330398
6.184084  2212.880555
6.351207  2196.645114
6.518330  2179.682608
6.685453  2162.076494
6.852576  2143.910846
7.019698  2125.271212
7.186821  2106.246634
7.353944  2086.928548
7.521067  2067.418671
7.688190  2047.830400
7.855313  2028.286004
8.022436  2008.912749
8.189559  1989.838939
8.356682  1971.189526
8.523805  1953.094957
8.690928  1935.688581
8.858051  1919.105455
9.025174  1903.477271
9.192297  1888.918498
9.359420  1875.527778
9.526543  1863.389251
9.693666  1852.577160
9.860789  1843.164494
10.027912  1835.217600
10.195035  1828.798394
10.362158  1823.961609
10.529281  1820.764614
10.696404  1819.281545
10.863527  1819.591990
11.030650  1821.764724
11.197773  1825.870671
11.364896  1832.026126
11.532019  1840.375993
11.699142  1851.026343
11.866265  1864.106155
12.033388  1879.764081
12.200511  1898.186050
12.367634  1919.584675
12.534757  1944.215663
12.701880  1972.414263
12.869003  2004.562742
13.036126  2041.015351
13.203249  2082.039647
13.370372  2127.662382
13.537495  2177.707199
13.704618  2231.803329
13.871741  2289.415950
14.038864  2350.024833
14.205987  2413.142580
14.373110  2478.313234
14.540233  2545.105806
14.707356  2613.126197
14.874479  2682.002050
15.041602  2751.383802
15.208725  2820.947779
15.375848  2890.383942
15.542971  2959.388394
15.710094  3027.660823
15.877217  3094.899931
16.044340  3160.799287
16.211463  3225.048398
16.378586  3287.333236
16.545709  3347.327758
16.712832  3404.693969
16.879955  3459.084060
17.047078  3510.147470
17.214201  3557.543868
17.381324  3600.944057
17.548447  3640.030044
17.715570  3674.501362
17.882693  3704.088439
18.049816  3728.559235
18.216939  3747.725479
18.384062  3761.447217
18.551185  3769.636488
18.718308  3772.262047
18.885431  3769.343387
19.052554  3760.976078
19.219677  3747.325807
19.386800  3728.585267
19.553923  3704.995716
19.721046  3676.866440
19.888169  3644.564974
20.055292  3608.521762
20.222415  3569.170604
20.389538  3526.933302
20.556661  3482.264158
20.723784  3435.615712
20.890907  3387.432913
21.058030  3338.160600
21.225153  3288.241110
21.392276  3238.112426
21.559399  3188.191483
21.726522  3138.859212
21.893644  3090.465913
22.060767  3043.329110
22.227890  2997.713298
22.395013  2953.754734
22.562136  2911.609021
22.729259  2871.425142
22.896382  2833.325428
23.063505  2797.368078
23.230628  2763.575551
23.397751  2731.947315
23.564874  2702.468621
23.731997  2675.110814
23.899120  2649.817373
