0.000531  2633.970191
0.167654  2611.581270
0.334777  2590.684973
0.501900  2571.086226
0.669023  2552.695247
0.836146  2535.425385
1.003269  2519.174224
1.170392  2503.908954
1.337515  2489.580606
1.504638  2476.112680
1.671761  2463.457083
1.838884  2451.596228
2.006007  2440.356458
2.173130  2429.701654
2.340253  2419.545260
2.507376  2409.726121
2.674498  2400.105981
2.841621  2390.615557
3.008744  2381.202064
3.175867  2371.786005
3.342990  2362.344633
3.510113  2352.841113
3.677236  2343.198359
3.844359  2333.358432
4.011482  2323.324427
4.178605  2313.129944
4.345728  2302.777306
4.512851  2292.305581
4.679974  2281.784288
4.847097  2271.208530
5.014220  2260.470076
5.181343  2249.523488
5.348466  2238.317044
5.515589  2226.840742
5.682712  2215.068316
5.849835  2202.980614
6.016958  2190.584590
6.184081  2177.916541
6.351204  2164.927937
6.518327  2151.607793
6.685450  2138.026167
6.852573  2124.299182
7.019696  2110.386605
7.186819  2096.295508
7.353942  2082.005802
7.521065  2067.506705
7.688188  2052.845509
7.855311  2038.094122
8.022434  2023.307877
8.189557  2008.553593
8.356680  1993.913793
8.523803  1979.437047
8.690926  1965.254255
8.858049  1951.510258
9.025172  1938.361869
9.192295  1925.928821
9.359418  1914.323516
9.526541  1903.662305
9.693664  1894.037759
9.860787  1885.556413
10.027910  1878.317260
10.195033  1872.417435
10.362156  1867.932834
10.529279  1864.955287
10.696402  1863.611004
10.863525  1864.027278
11.030648  1866.286532
11.197771  1870.477824
11.364894  1876.745411
11.532017  1885.315248
11.699140  1896.283045
11.866263  1909.732728
12.033386  1925.825592
12.200509  1944.749752
12.367632  1966.716819
12.534755  1992.049394
12.701878  2021.226272
12.869001  2054.793725
13.036124  2093.099825
13.203247  2136.441673
13.370370  2184.607759
13.537493  2237.065395
13.704616  2293.189246
13.871739  2352.199962
14.038862  2413.594467
14.205985  2476.919686
14.373108  2541.919119
14.540231  2608.395433
14.707354  2676.198119
14.874477  2745.090639
15.041600  2814.793930
15.208723  2885.014043
15.375846  2955.378304
15.542969  3025.500076
15.710092  3094.971497
15.877215  3163.354318
16.044338  3230.169301
16.211461  3294.979236
16.378584  3357.226237
16.545707  3416.355001
16.712830  3471.901622
16.879953  3523.478139
17.047076  3570.653618
17.214199  3613.088659
17.381322  3650.579114
17.548444  3682.937452
17.715567  3710.017572
17.882690  3731.747064
18.049813  3748.107687
18.216936  3759.110452
18.384059  3764.845118
18.551182  3765.424686
18.718305  3760.993539
18.885428  3751.699451
19.052551  3737.754445
19.219674  3719.419619
19.386797  3696.888453
19.553920  3670.385381
19.721043  3640.192664
19.888166  3606.587515
20.055289  3569.911647
20.222412  3530.516818
20.389535  3488.753162
20.556658  3444.988423
20.723781  3399.601809
20.890904  3352.963961
21.058027  3305.479133
21.225150  3257.524230
21.392273  3209.473238
21.559396  3161.699429
21.726519  3114.591479
21.893642  3068.491389
22.060765  3023.734830
22.227888  2980.572619
22.395011  2939.032301
22.562134  2899.207661
22.729257  2861.203809
22.896380  2825.158715
23.063503  2791.062179
23.230626  2758.875296
23.397749  2728.571528
23.564872  2700.067050
23.731995  2673.334006
23.899118  2648.342743
