0.000535  5365.503821
0.167658  5306.502034
0.334781  5250.899757
0.501904  5198.656386
0.669027  5149.734668
0.836149  5104.124587
1.003272  5061.905383
1.170395  5023.086092
1.337518  4987.533190
1.504641  4955.014285
1.671764  4925.237316
1.838887  4897.858942
2.006010  4872.531382
2.173133  4848.898436
2.340256  4826.634946
2.507379  4805.457249
2.674502  4785.119226
2.841625  4765.443185
3.008748  4746.219423
3.175871  4727.179716
3.342994  4708.089848
3.510117  4688.808636
3.677240  4669.283842
3.844363  4649.499129
4.011486  4629.387760
4.178609  4608.967058
4.345732  4588.315884
4.512855  4567.543324
4.679978  4546.776450
4.847101  4526.098250
5.014224  4505.556010
5.181347  4485.194592
5.348470  4465.046197
5.515593  4445.145341
5.682716  4425.499957
5.849839  4406.122551
6.016962  4387.079844
6.184085  4368.458234
6.351208  4350.320670
6.518331  4332.745807
6.685454  4315.824240
6.852577  4299.620959
7.019700  4284.164145
7.186823  4269.508031
7.353946  4255.616563
7.521069  4242.423998
7.688192  4229.824988
7.855315  4217.760189
8.022438  4206.187191
8.189561  4195.043896
8.356684  4184.242547
8.523807  4173.719894
8.690930  4163.493416
8.858053  4153.599044
9.025176  4144.108746
9.192299  4135.124243
9.359422  4126.762453
9.526545  4119.147152
9.693668  4112.396786
9.860791  4106.677628
10.027914  4102.173595
10.195037  4099.073886
10.362160  4097.574371
10.529283  4097.893503
10.696406  4100.270715
10.863529  4104.982370
11.030652  4112.341565
11.197775  4122.731725
11.364898  4136.589068
11.532021  4154.327068
11.699144  4176.276039
11.866267  4202.789318
12.033390  4234.316078
12.200513  4271.474684
12.367636  4315.027816
12.534759  4365.825681
12.701882  4424.756650
12.869005  4492.651552
13.036128  4570.209681
13.203251  4657.767319
13.370374  4755.210981
13.537497  4861.708675
13.704620  4975.728466
13.871743  5095.469463
14.038866  5219.262849
14.205989  5345.699087
14.373112  5473.422704
14.540235  5601.244544
14.707358  5728.094686
14.874481  5853.060355
15.041604  5975.468660
15.208727  6094.638617
15.375850  6209.875200
15.542973  6320.489114
15.710096  6425.772545
15.877218  6524.915994
16.044341  6617.171042
16.211464  6702.062604
16.378587  6779.188087
16.545710  6848.441441
16.712833  6909.863571
16.879956  6963.575690
17.047079  7009.963717
17.214202  7049.484360
17.381325  7082.595362
17.548448  7109.734168
17.715571  7131.400491
17.882694  7148.109428
18.049817  7160.131321
18.216940  7167.597493
18.384063  7170.630171
18.551186  7169.448900
18.718309  7164.198639
18.885432  7154.989976
19.052555  7141.900306
19.219678  7124.962939
19.386801  7104.143888
19.553924  7079.382781
19.721047  7050.624542
19.888170  7017.792646
20.055293  6980.807416
20.222416  6939.659342
20.389539  6894.310063
20.556662  6844.824281
20.723785  6791.222855
20.890908  6733.568600
21.058031  6671.975585
21.225154  6606.614022
21.392277  6537.787255
21.559400  6465.827732
21.726523  6391.103069
21.893646  6313.978366
22.060769  6234.907067
22.227892  6154.586511
22.395015  6073.596370
22.562138  5992.583246
22.729261  5912.131388
22.896384  5832.815083
23.063507  5755.127483
23.230630  5679.435255
23.397753  5606.058729
23.564876  5535.331908
23.731999  5467.553892
23.899122  5403.002074
