0.000533  1963.730312
0.167656  1942.435895
0.334779  1922.604029
0.501902  1904.216572
0.669025  1887.257028
0.836148  1871.681169
1.003271  1857.438559
1.170394  1844.460411
1.337517  1832.642326
1.504640  1821.854952
1.671763  1811.939278
1.838886  1802.729937
2.006009  1794.063015
2.173132  1785.782353
2.340255  1777.743295
2.507378  1769.821684
2.674501  1761.918754
2.841624  1753.956913
3.008747  1745.876577
3.175870  1737.625850
3.342993  1729.160278
3.510116  1720.447174
3.677239  1711.464781
3.844362  1702.198677
4.011485  1692.655486
4.178608  1682.856054
4.345731  1672.824933
4.512854  1662.592518
4.679977  1652.211710
4.847100  1641.745783
5.014223  1631.172836
5.181346  1620.510299
5.348469  1609.774499
5.515592  1598.988289
5.682715  1588.174950
5.849838  1577.365709
6.016961  1566.608116
6.184084  1555.951150
6.351207  1545.420724
6.518330  1535.041998
6.685453  1524.852707
6.852576  1514.887366
7.019699  1505.167733
7.186822  1495.701589
7.353945  1486.478946
7.521068  1477.484053
7.688191  1468.699785
7.855314  1460.109075
8.022437  1451.694274
8.189560  1443.439339
8.356683  1435.330436
8.523806  1427.362681
8.690929  1419.544620
8.858052  1411.900841
9.025175  1404.467825
9.192298  1397.286349
9.359421  1390.396269
9.526544  1383.841404
9.693667  1377.668841
9.860790  1371.941705
10.027913  1366.723995
10.195036  1362.089039
10.362159  1358.117661
10.529282  1354.903210
10.696405  1352.550321
10.863527  1351.174173
11.030650  1350.902628
11.197773  1351.871844
11.364896  1354.269593
11.532019  1358.264700
11.699142  1363.987345
11.866265  1371.609406
12.033388  1381.302597
12.200511  1393.269317
12.367634  1407.742847
12.534757  1424.992133
12.701880  1445.337038
12.869003  1469.141834
13.036126  1496.824761
13.203249  1528.842545
13.370372  1565.461793
13.537495  1606.637057
13.704618  1651.907404
13.871741  1700.464944
14.038864  1751.407770
14.205987  1803.836483
14.373110  1856.926666
14.540233  1909.945710
14.707356  1962.262575
14.874479  2013.342647
15.041602  2062.742698
15.208725  2110.099981
15.375848  2155.122652
15.542971  2197.578669
15.710094  2237.293629
15.877217  2274.145694
16.044340  2308.062808
16.211463  2339.023656
16.378586  2367.050797
16.545709  2392.212323
16.712832  2414.600108
16.879955  2434.337002
17.047078  2451.576128
17.214201  2466.500674
17.381324  2479.316264
17.548447  2490.237928
17.715570  2499.486927
17.882693  2507.283857
18.049816  2513.832188
18.216939  2519.310265
18.384062  2523.858088
18.551185  2527.573110
18.718308  2530.504551
18.885431  2532.653880
19.052554  2533.981629
19.219677  2534.402687
19.386800  2533.781923
19.553923  2531.964258
19.721046  2528.785661
19.888169  2524.068640
20.055292  2517.613464
20.222415  2509.254951
20.389538  2498.890328
20.556661  2486.427862
20.723784  2471.808407
20.890907  2455.021566
21.058030  2436.099056
21.225153  2415.125671
21.392276  2392.238640
21.559399  2367.614014
21.726522  2341.469971
21.893645  2314.055860
22.060768  2285.639791
22.227891  2256.485951
22.395014  2226.797406
22.562137  2196.835690
22.729260  2166.890690
22.896383  2137.241216
23.063506  2108.121440
23.230629  2079.748646
23.397752  2052.327804
23.564875  2026.036854
23.731998  2001.017170
23.899121  1977.373884
