0.000852  5405.045232
0.167975  5363.878336
0.335098  5325.475344
0.502221  5289.676428
0.669344  5256.334736
0.836467  5225.316998
1.003590  5196.495742
1.170713  5169.740333
1.337836  5144.909050
1.504959  5121.843524
1.672082  5100.364187
1.839205  5080.274989
2.006328  5061.373602
2.173451  5043.463611
2.340574  5026.363231
2.507697  5009.912065
2.674820  4993.974115
2.841943  4978.438050
3.009066  4963.213096
3.176189  4948.219813
3.343312  4933.382142
3.510435  4918.621088
3.677558  4903.854185
3.844681  4888.999034
4.011804  4873.978191
4.178927  4858.716567
4.346050  4843.133505
4.513173  4827.137608
4.680296  4810.624140
4.847419  4793.476310
5.014542  4775.570943
5.181665  4756.789796
5.348788  4737.029596
5.515911  4716.208730
5.683034  4694.268529
5.850157  4671.175486
6.017280  4646.923424
6.184403  4621.531025
6.351526  4595.046386
6.518648  4567.554946
6.685771  4539.172048
6.852894  4510.025338
7.020017  4480.245290
7.187140  4449.965856
7.354263  4419.328359
7.521386  4388.486466
7.688509  4357.608873
7.855632  4326.877873
8.022755  4296.485628
8.189878  4266.630548
8.357001  4237.516740
8.524124  4209.354938
8.691247  4182.361687
8.858370  4156.755926
9.025493  4132.751044
9.192616  4110.545402
9.359739  4090.316688
9.526862  4072.223723
9.693985  4056.412443
9.861108  4043.020167
10.028231  4032.176002
10.195354  4023.998401
10.362477  4018.598410
10.529600  4016.089274
10.696723  4016.592899
10.863846  4020.234175
11.030969  4027.134524
11.198092  4037.420996
11.365215  4051.239836
11.532338  4068.755676
11.699461  4090.140014
11.866584  4115.566357
12.033707  4145.227185
12.200830  4179.357633
12.367953  4218.253942
12.535076  4262.271090
12.702199  4311.798613
12.869322  4367.207398
13.036445  4428.783250
13.203568  4496.681469
13.370691  4570.892096
13.537814  4651.233137
13.704937  4737.364922
13.872060  4828.821195
14.039183  4925.056410
14.206306  5025.488478
14.373429  5129.525978
14.540552  5236.575089
14.707675  5346.041718
14.874798  5457.331889
15.041921  5569.857575
15.209044  5683.039455
15.376167  5796.304601
15.543290  5909.080984
15.710413  6020.796715
15.877536  6130.878288
16.044659  6238.751196
16.211781  6343.842420
16.378904  6445.582462
16.546027  6543.406532
16.713150  6636.753977
16.880273  6725.071766
17.047396  6807.819951
17.214519  6884.481311
17.381642  6954.566888
17.548765  7017.621054
17.715888  7073.229001
17.883011  7121.026229
18.050134  7160.709870
18.217257  7192.043437
18.384380  7214.861698
18.551503  7229.071429
18.718626  7234.657396
18.885749  7231.687415
19.052872  7220.314252
19.219995  7200.765164
19.387118  7173.331124
19.554241  7138.373324
19.721364  7096.332679
19.888487  7047.730743
20.055610  6993.149513
20.222733  6933.196476
20.389856  6868.489087
20.556979  6799.664114
20.724102  6727.379603
20.891225  6652.307936
21.058348  6575.125020
21.225471  6496.499630
21.392594  6417.085205
21.559717  6337.508620
21.726840  6258.358261
21.893963  6180.172710
22.061086  6103.429001
22.228209  6028.537386
22.395332  5955.848937
22.562455  5885.656444
22.729578  5818.193501
22.896701  5753.639448
23.063824  5692.120022
23.230947  5633.711433
23.398070  5578.447796
23.565193  5526.333116
23.732316  5477.346779
23.899439  5431.438297
