0.000533  3905.063800
0.167656  3866.452874
0.334779  3830.574992
0.501902  3797.376946
0.669025  3766.802506
0.836147  3738.753520
1.003270  3713.117294
1.170393  3689.743029
1.337516  3668.424723
1.504639  3648.914650
1.671762  3630.922388
1.838885  3614.149203
2.006008  3598.306910
2.173131  3583.126901
2.340254  3568.366225
2.507377  3553.823026
2.674500  3539.335197
2.841623  3524.772921
3.008746  3510.033471
3.175869  3495.025707
3.342992  3479.670797
3.510115  3463.907674
3.677238  3447.687695
3.844361  3430.972982
4.011484  3413.752857
4.178607  3396.035029
4.345730  3377.831180
4.512853  3359.158819
4.679976  3340.054985
4.847099  3320.544689
5.014222  3300.580271
5.181345  3280.163630
5.348468  3259.295851
5.515591  3237.986642
5.682714  3216.253512
5.849837  3194.130318
6.016960  3171.683359
6.184083  3148.993903
6.351206  3126.119313
6.518329  3103.117335
6.685452  3080.065444
6.852575  3057.044991
7.019698  3034.128280
7.186821  3011.373033
7.353944  2988.820302
7.521067  2966.507191
7.688190  2944.468763
7.855313  2922.739921
8.022436  2901.354192
8.189559  2880.347581
8.356682  2859.758199
8.523805  2839.633665
8.690928  2820.037834
8.858051  2801.054337
9.025174  2782.783104
9.192297  2765.330576
9.359420  2748.802093
9.526543  2733.306871
9.693666  2718.958632
9.860789  2705.886738
10.027912  2694.227459
10.195035  2684.124975
10.362158  2675.733169
10.529281  2669.219008
10.696404  2664.763056
10.863527  2662.558156
11.030650  2662.808641
11.197773  2665.723357
11.364896  2671.560612
11.532019  2680.586796
11.699142  2693.024702
11.866265  2709.130743
12.033388  2729.170715
12.200511  2753.451143
12.367634  2782.323243
12.534757  2816.182069
12.701880  2855.485723
12.869003  2900.757787
13.036126  2952.607268
13.203249  3011.728140
13.370372  3078.629091
13.537495  3153.423449
13.704618  3235.670975
13.871741  3324.376411
14.038864  3418.282499
14.205987  3516.037302
14.373110  3616.321494
14.540233  3717.905962
14.707356  3819.683900
14.874479  3920.679183
15.041602  4020.046715
15.208725  4117.063285
15.375848  4211.115111
15.542971  4301.684064
15.710094  4388.342850
15.877216  4470.746758
16.044339  4548.627414
16.211462  4621.792164
16.378585  4690.112013
16.545708  4753.518247
16.712831  4811.976933
16.879954  4865.495577
17.047077  4914.116551
17.214200  4957.916913
17.381323  4997.000851
17.548446  5031.484746
17.715569  5061.497478
17.882692  5087.173924
18.049815  5108.642315
18.216938  5126.018396
18.384061  5139.398150
18.551184  5148.856601
18.718307  5154.449692
18.885430  5156.215027
19.052553  5154.181347
19.219676  5148.358477
19.386799  5138.731380
19.553922  5125.295039
19.721045  5108.052276
19.888168  5087.006343
20.055291  5062.153188
20.222414  5033.519679
20.389537  5001.181212
20.556660  4965.225355
20.723783  4925.764072
20.890906  4882.951149
21.058029  4836.987854
21.225152  4788.136380
21.392275  4736.715976
21.559398  4683.090103
21.726521  4627.668730
21.893644  4570.888862
22.060767  4513.195957
22.227890  4455.006036
22.395013  4396.675485
22.562136  4338.634202
22.729259  4281.332572
22.896382  4225.184643
23.063505  4170.539920
23.230628  4117.719506
23.397751  4067.020503
23.564874  4018.692183
23.731997  3972.925303
23.899120  3929.851765
