0.000533  3151.911507
0.167656  3125.461238
0.334779  3101.151771
0.501902  3078.802930
0.669025  3058.280240
0.836148  3039.451659
1.003271  3022.175897
1.170394  3006.338159
1.337517  2991.799935
1.504640  2978.417201
1.671763  2966.031404
1.838886  2954.478246
2.006009  2943.592822
2.173132  2933.224752
2.340255  2923.233751
2.507378  2913.490465
2.674501  2903.892506
2.841624  2894.359096
3.008747  2884.840786
3.175870  2875.297252
3.342993  2865.683775
3.510116  2855.957175
3.677239  2846.075848
3.844362  2835.989689
4.011485  2825.662126
4.178608  2815.066138
4.345731  2804.164013
4.512854  2792.907453
4.679977  2781.254354
4.847099  2769.135337
5.014222  2756.428577
5.181345  2743.042526
5.348468  2728.888725
5.515591  2713.903105
5.682714  2698.032393
5.849837  2681.236280
6.016960  2663.515181
6.184083  2644.879338
6.351206  2625.350725
6.518329  2604.996629
6.685452  2583.911608
6.852575  2562.191168
7.019698  2539.931915
7.186821  2517.233711
7.353944  2494.199480
7.521067  2470.943866
7.688190  2447.594583
7.855313  2424.289584
8.022436  2401.172782
8.189559  2378.390612
8.356682  2356.086941
8.523805  2334.412404
8.690928  2313.522138
8.858051  2293.574539
9.025174  2274.725939
9.192297  2257.115463
9.359420  2240.865705
9.526543  2226.084244
9.693666  2212.868211
9.860789  2201.313515
10.027912  2191.509514
10.195035  2183.539716
10.362158  2177.479521
10.529281  2173.405986
10.696404  2171.412707
10.863527  2171.598280
11.030650  2174.047343
11.197773  2178.843750
11.364896  2186.116512
11.532019  2196.028949
11.699142  2208.705115
11.866265  2224.288828
12.033388  2242.944487
12.200511  2264.877504
12.367634  2290.324202
12.534757  2319.566595
12.701880  2352.970503
12.869003  2390.953066
13.036126  2433.908178
13.203249  2482.152842
13.370372  2535.760132
13.537495  2594.583989
13.704618  2658.263666
13.871741  2726.239372
14.038864  2797.937618
14.205987  2872.800302
14.373110  2950.290872
14.540233  3029.891867
14.707356  3111.120700
14.874479  3193.515001
15.041602  3276.634902
15.208725  3360.067002
15.375848  3443.411585
15.542971  3526.274993
15.710094  3608.267809
15.877217  3689.000668
16.044340  3768.080416
16.211463  3845.112689
16.378586  3919.702909
16.545709  3991.447727
16.712832  4059.935661
16.879955  4124.750423
17.047078  4185.478096
17.214201  4241.721638
17.381324  4293.102633
17.548447  4339.260678
17.715570  4379.860887
17.882693  4414.607303
18.049816  4443.250235
18.216939  4465.591764
18.384062  4481.491004
18.551185  4490.866917
18.718308  4493.703173
18.885431  4490.041873
19.052554  4480.009773
19.219677  4463.810333
19.386800  4441.677326
19.553923  4413.900833
19.721045  4380.844309
19.888168  4342.933925
20.055291  4300.662326
20.222414  4254.527508
20.389537  4205.016335
20.556660  4152.648780
20.723783  4097.944203
20.890906  4041.414845
21.058029  3983.573909
21.225152  3924.932614
21.392275  3865.997072
21.559398  3807.250896
21.726521  3749.139766
21.893644  3692.073544
22.060767  3636.422905
22.227890  3582.494440
22.395013  3530.461437
22.562136  3480.518829
22.729259  3432.851390
22.896382  3387.608184
23.063505  3344.865827
23.230628  3304.659908
23.397751  3266.999069
23.564874  3231.872520
23.731997  3199.251474
23.899120  3169.073797
