0.000530  3147.243648
0.167653  3120.376595
0.334776  3095.109984
0.501899  3071.420889
0.669022  3049.460356
0.836145  3028.521732
1.003268  3009.087928
1.170391  2991.010946
1.337514  2974.033052
1.504637  2958.175613
1.671760  2943.273817
1.838883  2929.195193
2.006006  2916.255617
2.173129  2903.644530
2.340252  2891.752189
2.507375  2880.230819
2.674498  2868.951290
2.841621  2857.661447
3.008744  2846.917998
3.175867  2835.965270
3.342990  2824.987800
3.510113  2813.614969
3.677236  2802.251285
3.844359  2790.755703
4.011482  2778.899666
4.178605  2766.667711
4.345728  2754.147188
4.512851  2741.643382
4.679974  2728.991800
4.847097  2715.988612
5.014220  2702.856785
5.181343  2689.697462
5.348466  2676.151975
5.515589  2662.313904
5.682712  2648.477758
5.849835  2633.563833
6.016958  2618.721663
6.184081  2603.497721
6.351204  2587.849449
6.518327  2571.872375
6.685450  2555.371104
6.852573  2538.926640
7.019696  2522.141632
7.186819  2504.810835
7.353942  2487.660851
7.521065  2470.297034
7.688188  2452.628409
7.855311  2435.016629
8.022434  2417.519401
8.189557  2400.181086
8.356680  2382.908140
8.523803  2365.792446
8.690926  2349.119821
8.858049  2333.038318
9.025172  2317.521310
9.192295  2302.665283
9.359418  2288.685106
9.526541  2275.891489
9.693664  2264.419105
9.860787  2254.387385
10.027910  2245.897091
10.195033  2239.004061
10.362156  2233.797065
10.529279  2230.350520
10.696402  2228.868756
10.863525  2229.462905
11.030648  2232.172129
11.197771  2237.159405
11.364894  2244.618164
11.532017  2254.912884
11.699140  2268.165062
11.866263  2284.276116
12.033386  2303.529189
12.200509  2326.160940
12.367632  2352.300288
12.534755  2382.910723
12.701878  2417.685286
12.869001  2457.459150
13.036124  2502.999445
13.203247  2554.359287
13.370370  2611.654305
13.537493  2674.042978
13.704616  2741.172594
13.871739  2811.232255
14.038862  2884.393255
14.205985  2959.646773
14.373108  3036.954390
14.540231  3116.666656
14.707353  3197.190538
14.874476  3278.823111
15.041599  3361.205728
15.208722  3444.435571
15.375845  3527.681997
15.542968  3610.499916
15.710091  3693.325538
15.877214  3774.128124
16.044337  3852.880435
16.211460  3929.270186
16.378583  4002.405393
16.545706  4071.031877
16.712829  4135.986979
16.879952  4195.559616
17.047075  4250.390617
17.214198  4299.332002
17.381321  4342.764722
17.548444  4380.221560
17.715567  4411.627777
17.882690  4437.192481
18.049813  4457.019041
18.216936  4470.307170
18.384059  4477.481166
18.551182  4478.840071
18.718305  4474.483074
18.885428  4464.194314
19.052551  4448.584343
19.219674  4427.796579
19.386797  4402.036920
19.553920  4371.706597
19.721043  4337.019697
19.888166  4298.115038
20.055289  4255.709569
20.222412  4210.046434
20.389535  4161.809855
20.556658  4110.776113
20.723781  4058.047701
20.890904  4003.656388
21.058027  3947.773562
21.225150  3891.731046
21.392273  3835.277490
21.559396  3779.002897
21.726519  3723.451068
21.893642  3668.905036
22.060765  3615.572876
22.227888  3564.078663
22.395011  3514.398147
22.562134  3466.808117
22.729257  3420.929799
22.896380  3377.650344
23.063503  3336.521146
23.230626  3297.823360
23.397749  3261.195502
23.564872  3227.009063
23.731995  3194.697265
23.899118  3164.609316
