0.000207  3560.716799
0.167330  3527.359986
0.334453  3496.543845
0.501576  3468.129545
0.668699  3441.990300
0.835822  3418.011976
1.002945  3396.085783
1.170068  3376.100143
1.337191  3357.933467
1.504314  3341.448866
1.671437  3326.490112
1.838560  3312.885941
2.005683  3300.459579
2.172806  3289.039889
2.339929  3278.469073
2.507052  3268.609415
2.674175  3259.346532
2.841298  3250.589715
3.008421  3242.267164
3.175543  3234.316631
3.342666  3226.677382
3.509789  3219.284364
3.676912  3212.068081
3.844035  3204.957771
4.011158  3197.886083
4.178281  3190.786828
4.345404  3183.588645
4.512527  3176.211150
4.679650  3168.562644
4.846773  3160.539269
5.013896  3152.027361
5.181019  3142.912300
5.348142  3133.088252
5.515265  3122.465355
5.682388  3110.971904
5.849511  3098.557518
6.016634  3085.196165
6.183757  3070.884737
6.350880  3055.648641
6.518003  3039.550042
6.685126  3022.680142
6.852249  3005.141644
7.019372  2987.039462
7.186495  2968.481140
7.353618  2949.580215
7.520741  2930.460458
7.687864  2911.258133
7.854987  2892.120646
8.022110  2873.203014
8.189233  2854.664486
8.356356  2836.667895
8.523479  2819.380409
8.690602  2802.972616
8.857725  2787.615036
9.024848  2773.470571
9.191971  2760.685446
9.359094  2749.384409
9.526217  2739.672789
9.693340  2731.642726
9.860463  2725.377756
10.027586  2720.953803
10.194709  2718.437625
10.361832  2717.890713
10.528955  2719.379604
10.696078  2722.982707
10.863201  2728.785060
11.030324  2736.871734
11.197447  2747.336206
11.364570  2760.292564
11.531693  2775.874601
11.698816  2794.226640
11.865939  2815.501541
12.033062  2839.877564
12.200185  2867.579216
12.367308  2898.892853
12.534431  2934.164199
12.701554  2973.777005
12.868677  3018.101133
13.035800  3067.419692
13.202923  3121.869275
13.370046  3181.397159
13.537169  3245.764156
13.704292  3314.579169
13.871415  3387.347665
14.038538  3463.527016
14.205661  3542.571754
14.372784  3623.959186
14.539907  3707.193545
14.707029  3791.804611
14.874152  3877.343966
15.041275  3963.386226
15.208398  4049.527531
15.375521  4135.379078
15.542644  4220.557832
15.709767  4304.681911
15.876890  4387.364940
16.044013  4468.213341
16.211136  4546.825846
16.378259  4622.793684
16.545382  4695.700459
16.712505  4765.120390
16.879628  4830.620808
17.046751  4891.766905
17.213874  4948.131158
17.380997  4999.298856
17.548120  5044.873864
17.715243  5084.486829
17.882366  5117.805673
18.049489  5144.547832
18.216612  5164.485698
18.383735  5177.452213
18.550858  5183.342901
18.717981  5182.122750
18.885104  5173.832181
19.052227  5158.590086
19.219350  5136.585009
19.386473  5108.064839
19.553596  5073.343008
19.720719  5032.805623
19.887842  4986.909611
20.054965  4936.164031
20.222088  4881.102708
20.389211  4822.270391
20.556334  4760.224993
20.723457  4695.536906
20.890580  4628.782604
21.057703  4560.536804
21.224826  4491.364266
21.391949  4421.813748
21.559072  4352.409457
21.726195  4283.642011
21.893318  4215.959389
22.060441  4149.756716
22.227564  4085.372035
22.394687  4023.094173
22.561810  3963.162855
22.728933  3905.768535
22.896056  3851.056190
23.063179  3799.125738
23.230302  3750.036176
23.397425  3703.812398
23.564548  3660.456293
23.731671  3619.950420
23.898794  3582.252818
