0.000533  3228.879138
0.167656  3196.353947
0.334779  3166.122975
0.501902  3138.145136
0.669025  3112.376349
0.836148  3088.735244
1.003271  3067.127764
1.170394  3047.427994
1.337517  3029.462489
1.504640  3013.022497
1.671763  2997.862563
1.838886  2983.730448
2.006009  2970.382144
2.173132  2957.589881
2.340255  2945.147329
2.507378  2932.882555
2.674501  2920.658106
2.841624  2908.364655
3.008747  2895.916677
3.175870  2883.238821
3.342993  2870.266312
3.510115  2856.949885
3.677238  2843.251724
3.844361  2829.143322
4.011484  2814.620249
4.178607  2799.694217
4.345730  2784.380468
4.512853  2768.699885
4.679976  2752.692954
4.847099  2736.392418
5.014222  2719.758532
5.181345  2702.796739
5.348468  2685.511272
5.515591  2667.914053
5.682714  2650.022919
5.849837  2631.868881
6.016960  2613.509880
6.184083  2595.014500
6.351206  2576.428783
6.518329  2557.798661
6.685452  2539.186842
6.852575  2520.658115
7.019698  2502.268121
7.186821  2484.058882
7.353944  2466.056386
7.521067  2448.282427
7.688190  2430.756760
7.855313  2413.498749
8.022436  2396.526295
8.189559  2379.859132
8.356682  2363.518724
8.523805  2347.535179
8.690928  2331.953118
8.858051  2316.834938
9.025174  2302.257555
9.192297  2288.303808
9.359420  2275.055983
9.526543  2262.600569
9.693666  2251.028600
9.860789  2240.446266
10.027912  2230.965571
10.195035  2222.706739
10.362158  2215.799253
10.529281  2210.385323
10.696404  2206.619984
10.863527  2204.669581
11.030650  2204.712080
11.197773  2206.930993
11.364896  2211.557122
11.532019  2218.823245
11.699142  2228.919858
11.866265  2242.071073
12.033388  2258.507904
12.200511  2278.496716
12.367634  2302.342048
12.534757  2330.387592
12.701880  2363.034659
12.869003  2400.743171
13.036126  2444.049325
13.203249  2493.564817
13.370372  2549.729084
13.537495  2612.626440
13.704618  2681.845247
13.871741  2756.487692
14.038864  2835.440520
14.205987  2917.517743
14.373110  3001.569538
14.540233  3086.529569
14.707356  3171.442029
14.874479  3255.468342
15.041602  3337.887443
15.208725  3418.087577
15.375848  3495.555672
15.542971  3569.865058
15.710094  3640.671268
15.877217  3707.704593
16.044340  3770.764348
16.211463  3829.718066
16.378586  3884.490430
16.545709  3935.060881
16.712832  3981.439643
16.879955  4023.673888
17.047078  4061.842311
17.214201  4096.054395
17.381324  4126.442765
17.548447  4153.148978
17.715570  4176.322929
17.882693  4196.116322
18.049816  4212.669968
18.216939  4226.107936
18.384061  4236.529850
18.551184  4244.009448
18.718307  4248.595254
18.885430  4250.311271
19.052553  4249.165888
19.219676  4245.143998
19.386799  4238.201589
19.553922  4228.297225
19.721045  4215.392767
19.888168  4199.446694
20.055291  4180.406213
20.222414  4158.248189
20.389537  4132.998187
20.556660  4104.692459
20.723783  4073.391677
20.890906  4039.197382
21.058029  4002.254800
21.225152  3962.765285
21.392275  3920.983459
21.559398  3877.205098
21.726521  3831.769941
21.893644  3785.045462
22.060767  3737.411061
22.227890  3689.224881
22.395013  3640.788302
22.562136  3592.470603
22.729259  3544.663047
22.896382  3497.728920
23.063505  3451.975405
23.230628  3407.685701
23.397751  3365.122487
23.564874  3324.507231
23.731997  3286.010791
23.899120  3249.753871
