0.000848  2243.543269
0.167971  2227.291915
0.335094  2211.916383
0.502217  2197.318681
0.669340  2183.415067
0.836463  2170.146207
1.003586  2157.467916
1.170709  2145.356110
1.337832  2133.804523
1.504955  2122.823818
1.672078  2112.423585
1.839201  2102.596175
2.006324  2093.312554
2.173447  2084.531858
2.340570  2076.192971
2.507693  2068.216796
2.674816  2060.526229
2.841939  2053.066192
3.009062  2045.798284
3.176185  2038.691076
3.343308  2031.710076
3.510431  2024.820884
3.677554  2017.988998
3.844677  2011.178961
4.011800  2004.378653
4.178923  1997.595899
4.346046  1990.845081
4.513169  1984.144797
4.680292  1977.505127
4.847415  1970.907574
5.014538  1964.307526
5.181661  1957.649574
5.348784  1950.886594
5.515907  1943.991074
5.683030  1936.945818
5.850153  1929.736385
6.017276  1922.347294
6.184399  1914.756749
6.351522  1906.953993
6.518645  1898.959980
6.685768  1890.813253
6.852891  1882.543341
7.020014  1874.161138
7.187136  1865.664104
7.354259  1857.056951
7.521382  1848.352241
7.688505  1839.582045
7.855628  1830.794649
8.022751  1822.046332
8.189874  1813.398590
8.356997  1804.920199
8.524120  1796.688837
8.691243  1788.797596
8.858366  1781.346621
9.025489  1774.432995
9.192612  1768.139222
9.359735  1762.532838
9.526858  1757.673005
9.693981  1753.612370
9.861104  1750.405013
10.028227  1748.096434
10.195350  1746.725560
10.362473  1746.324311
10.529596  1746.931566
10.696719  1748.604114
10.863842  1751.403282
11.030965  1755.383883
11.198088  1760.615453
11.365211  1767.189296
11.532334  1775.203274
11.699457  1784.739076
11.866580  1795.865452
12.033703  1808.667047
12.200826  1823.277047
12.367949  1839.901001
12.535072  1858.831749
12.702195  1880.403241
12.869318  1904.890864
13.036441  1932.401916
13.203564  1962.834101
13.370687  1995.907354
13.537810  2031.199358
13.704933  2068.237690
13.872056  2106.596554
14.039179  2145.969314
14.206302  2186.129341
14.373425  2226.938011
14.540548  2268.326498
14.707671  2310.225460
14.874794  2352.549006
15.041917  2395.182182
15.209040  2437.996854
15.376163  2480.830994
15.543286  2523.511089
15.710409  2565.839251
15.877532  2607.588662
16.044655  2648.515297
16.211778  2688.350417
16.378901  2726.812615
16.546024  2763.616521
16.713147  2798.473030
16.880270  2831.119842
17.047392  2861.323047
17.214515  2888.868245
17.381638  2913.570062
17.548761  2935.260059
17.715884  2953.799060
17.883007  2969.072150
18.050130  2981.000913
18.217253  2989.539241
18.384376  2994.685569
18.551499  2996.460641
18.718622  2994.907395
18.885745  2990.095408
19.052868  2982.129682
19.219991  2971.144834
19.387114  2957.266808
19.554237  2940.637340
19.721360  2921.417431
19.888483  2899.803090
20.055606  2876.015231
20.222729  2850.286963
20.389852  2822.860602
20.556975  2793.983837
20.724098  2763.931145
20.891221  2732.967530
21.058344  2701.362194
21.225467  2669.377629
21.392590  2637.269102
21.559713  2605.290650
21.726836  2573.689778
21.893959  2542.674511
22.061082  2512.449369
22.228205  2483.171461
22.395328  2454.959959
22.562451  2427.875305
22.729574  2401.981902
22.896697  2377.309360
23.063820  2353.865582
23.230943  2331.626220
23.398066  2310.545896
23.565189  2290.581814
23.732312  2271.700387
23.899435  2253.871279
