0.000853  3069.932881
0.167976  3047.300631
0.335099  3026.161041
0.502222  3006.417177
0.669345  2987.981971
0.836468  2970.779107
1.003591  2954.738212
1.170714  2939.789521
1.337837  2925.858456
1.504960  2912.861827
1.672083  2900.704538
1.839206  2889.281989
2.006329  2878.485780
2.173452  2868.211079
2.340575  2858.361677
2.507698  2848.854846
2.674821  2839.624128
2.841944  2830.619913
3.009067  2821.806561
3.176190  2813.155584
3.343313  2804.639876
3.510436  2796.229030
3.677559  2787.889051
3.844682  2779.584333
4.011805  2771.280602
4.178928  2762.943213
4.346051  2754.532249
4.513174  2745.999368
4.680297  2737.285289
4.847420  2728.318968
5.014543  2719.020114
5.181666  2709.307223
5.348789  2699.105690
5.515912  2688.353461
5.683035  2677.002448
5.850158  2665.020123
6.017281  2652.391128
6.184403  2639.116245
6.351526  2625.217074
6.518649  2610.742007
6.685772  2595.760109
6.852895  2580.348414
7.020018  2564.585721
7.187141  2548.553142
7.354264  2532.336271
7.521387  2516.028071
7.688510  2499.730286
7.855633  2483.552368
8.022756  2467.608828
8.189879  2452.016477
8.357002  2436.893861
8.524125  2422.361672
8.691248  2408.541934
8.858371  2395.555454
9.025494  2383.516324
9.192617  2372.525655
9.359740  2362.668424
9.526863  2354.015125
9.693986  2346.626474
9.861109  2340.556840
10.028232  2335.855262
10.195355  2332.564562
10.362478  2330.724342
10.529601  2330.378631
10.696724  2331.580783
10.863847  2334.390175
11.030970  2338.868652
11.198093  2345.086945
11.365216  2353.133005
11.532339  2363.108980
11.699462  2375.123063
11.866585  2389.287436
12.033708  2405.731195
12.200831  2424.614580
12.367954  2446.139333
12.535077  2470.545754
12.702200  2498.096892
12.869323  2529.042298
13.036446  2563.567375
13.203569  2601.753652
13.370692  2643.548443
13.537815  2688.768036
13.704938  2737.123417
13.872061  2788.254912
14.039184  2841.773598
14.206307  2897.293600
14.373430  2954.450611
14.540553  3012.903025
14.707676  3072.329721
14.874799  3132.426799
15.041922  3192.908643
15.209045  3253.506667
15.376168  3313.964720
15.543291  3374.032265
15.710414  3433.461249
15.877536  3492.001567
16.044659  3549.398455
16.211782  3605.391373
16.378905  3659.713299
16.546028  3712.090247
16.713151  3762.239308
16.880274  3809.869944
17.047397  3854.687011
17.214520  3896.397442
17.381643  3934.713880
17.548766  3969.358309
17.715889  4000.067845
17.883012  4026.602189
18.050135  4048.752889
18.217258  4066.347118
18.384381  4079.252139
18.551504  4087.376805
18.718627  4090.677041
18.885750  4089.160235
19.052873  4082.888174
19.219996  4071.971049
19.387119  4056.560254
19.554242  4036.853574
19.721365  4013.101985
19.888488  3985.610324
20.055611  3954.722800
20.222734  3920.799533
20.389857  3884.206044
20.556980  3845.317707
20.724103  3804.520734
20.891226  3762.207519
21.058349  3718.770277
21.225472  3674.594587
21.392595  3630.054973
21.559718  3585.508582
21.726841  3541.288756
21.893964  3497.698536
22.061087  3455.002506
22.228210  3413.423689
22.395333  3373.150103
22.562456  3334.334276
22.729579  3297.093389
22.896702  3261.513666
23.063825  3227.651088
23.230948  3195.534401
23.398071  3165.169541
23.565194  3136.547546
23.732317  3109.647582
23.899440  3084.433656
