0.000852  6754.876631
0.167975  6696.013532
0.335098  6640.554956
0.502221  6588.504608
0.669344  6539.847653
0.836467  6494.542012
1.003590  6452.503444
1.170713  6413.589795
1.337836  6377.590497
1.504959  6344.225209
1.672081  6313.156415
1.839204  6284.016628
2.006327  6256.438489
2.173450  6230.078907
2.340573  6204.634837
2.507696  6179.850947
2.674819  6155.517675
2.841942  6131.462637
3.009065  6107.539848
3.176188  6083.620343
3.343311  6059.588210
3.510434  6035.339372
3.677557  6010.784025
3.844680  5985.851832
4.011803  5960.497264
4.178926  5934.697311
4.346049  5908.441422
4.513172  5881.722521
4.680295  5854.530598
4.847418  5826.850566
5.014541  5798.665091
5.181664  5769.961354
5.348787  5740.736064
5.515910  5710.998909
5.683033  5680.778217
5.850156  5650.128003
6.017279  5619.130293
6.184402  5587.884600
6.351525  5556.498205
6.518648  5525.087776
6.685771  5493.782793
6.852894  5462.715420
7.020017  5432.007094
7.187140  5401.760440
7.354263  5372.057885
7.521386  5342.966944
7.688509  5314.545257
7.855632  5286.844111
8.022755  5259.910260
8.189878  5233.788443
8.357001  5208.525947
8.524124  5184.179510
8.691247  5160.821403
8.858370  5138.542360
9.025493  5117.448346
9.192616  5097.652132
9.359739  5079.266732
9.526862  5062.405442
9.693985  5047.188709
9.861108  5033.749990
10.028231  5022.239790
10.195354  5012.826000
10.362477  5005.696450
10.529600  5001.064078
10.696723  4999.172324
10.863846  5000.296343
11.030969  5004.736269
11.198092  5012.812259
11.365214  5024.869587
11.532337  5041.276644
11.699460  5062.416582
11.866583  5088.680816
12.033706  5120.482482
12.200829  5158.275746
12.367952  5202.569162
12.535075  5253.922357
12.702198  5312.937451
12.869321  5380.238091
13.036444  5456.415985
13.203567  5541.939817
13.370690  5637.019961
13.537813  5741.483833
13.704936  5854.703152
13.872059  5975.620836
14.039182  6102.868146
14.206305  6234.910163
14.373428  6370.179732
14.540551  6507.164801
14.707674  6644.460439
14.874797  6780.797406
15.041920  6915.058214
15.209043  7046.277111
15.376166  7173.632252
15.543289  7296.432070
15.710412  7414.106395
15.877535  7526.196393
16.044658  7632.348293
16.211781  7732.307060
16.378904  7825.906523
16.546027  7913.055832
16.713150  7993.724376
16.880273  8067.927754
17.047396  8135.718781
17.214519  8197.182728
17.381642  8252.430407
17.548765  8301.589836
17.715888  8344.797587
17.883011  8382.190572
18.050134  8413.897677
18.217257  8440.029009
18.384380  8460.671097
18.551503  8475.884413
18.718626  8485.710481
18.885749  8490.173407
19.052872  8489.282068
19.219995  8483.027702
19.387118  8471.395220
19.554241  8454.376011
19.721364  8431.967579
19.888487  8404.167708
20.055610  8370.986156
20.222733  8332.480588
20.389856  8288.770387
20.556979  8240.012385
20.724102  8186.392438
20.891225  8128.135713
21.058348  8065.523952
21.225470  7998.903048
21.392593  7928.682259
21.559716  7855.327361
21.726839  7779.351694
21.893962  7701.300547
22.061085  7621.730969
22.228208  7541.197914
22.395331  7460.253764
22.562454  7379.440673
22.729577  7299.278789
22.896700  7220.257365
23.063823  7142.823991
23.230946  7067.383981
23.398069  6994.303417
23.565192  6923.909802
23.732315  6856.484118
23.899438  6792.243567
