0.000531  1968.184177
0.167654  1946.476572
0.334777  1925.981293
0.501900  1906.596220
0.669023  1888.379682
0.836146  1871.261714
1.003269  1855.263802
1.170392  1840.372820
1.337515  1826.558364
1.504638  1813.727669
1.671761  1801.790972
1.838884  1790.700276
2.006007  1780.239403
2.173130  1770.330740
2.340253  1760.861112
2.507376  1751.634452
2.674499  1742.512379
2.841622  1733.410960
3.008745  1724.252797
3.175868  1714.912812
3.342991  1705.399985
3.510114  1695.668757
3.677237  1685.614210
3.844360  1675.199480
4.011483  1664.478987
4.178606  1653.522176
4.345729  1642.324176
4.512852  1631.027775
4.679975  1619.779603
4.847098  1608.728135
5.014221  1597.821247
5.181344  1587.130158
5.348467  1576.681079
5.515590  1566.522710
5.682713  1556.690777
5.849836  1547.218425
6.016959  1538.152616
6.184082  1529.585026
6.351205  1521.477708
6.518328  1513.781486
6.685451  1506.522697
6.852574  1499.798524
7.019696  1493.547083
7.186819  1487.727099
7.353942  1482.246679
7.521065  1476.998585
7.688188  1471.928065
7.855311  1466.996704
8.022434  1462.137570
8.189557  1457.293178
8.356680  1452.419244
8.523803  1447.423765
8.690926  1442.317299
8.858049  1437.145046
9.025172  1431.962416
9.192295  1426.804776
9.359418  1421.709767
9.526541  1416.739975
9.693664  1411.943484
9.860787  1407.389333
10.027910  1403.163633
10.195033  1399.363441
10.362156  1396.068754
10.529279  1393.402508
10.696402  1391.516019
10.863525  1390.556147
11.030648  1390.667443
11.197771  1392.019004
11.364894  1394.838881
11.532017  1399.378621
11.699140  1405.702744
11.866263  1413.924711
12.033386  1424.240443
12.200509  1436.834579
12.367632  1451.937638
12.534755  1469.938873
12.701878  1491.327375
12.869001  1516.642441
13.036124  1546.327830
13.203247  1581.011311
13.370370  1620.797341
13.537493  1665.205301
13.704616  1713.290645
13.871739  1763.726588
14.038862  1815.496671
14.205985  1867.677613
14.373108  1919.683212
14.540231  1971.157842
14.707354  2021.860903
14.874477  2071.473642
15.041600  2119.677097
15.208723  2166.191089
15.375846  2210.617086
15.542969  2252.612151
15.710092  2291.922708
15.877215  2328.197089
16.044338  2361.258916
16.211461  2390.895535
16.378584  2417.022582
16.545707  2439.552227
16.712830  2458.488876
16.879953  2474.077375
17.047076  2486.471520
17.214199  2495.937741
17.381322  2502.903192
17.548445  2507.715683
17.715568  2510.731736
17.882691  2512.344441
18.049814  2512.901027
18.216937  2512.657996
18.384060  2511.881967
18.551183  2510.774294
18.718306  2509.439252
18.885429  2507.912294
19.052552  2506.231715
19.219675  2504.312910
19.386798  2501.971980
19.553921  2499.035072
19.721044  2495.339418
19.888167  2490.607607
20.055290  2484.586851
20.222413  2477.071146
20.389536  2467.935988
20.556659  2457.014255
20.723782  2444.210194
20.890905  2429.429617
21.058028  2412.682286
21.225151  2393.994203
21.392274  2373.427036
21.559397  2351.102991
21.726520  2327.261775
21.893642  2302.142854
22.060765  2276.028093
22.227888  2249.180056
22.395011  2221.677517
22.562134  2193.721950
22.729257  2165.560899
22.896380  2137.545116
23.063503  2109.818364
23.230626  2082.565390
23.397749  2056.023542
23.564872  2030.293811
23.731995  2005.543657
23.899118  1981.951334
