0.000529  13709.470772
0.167652  13567.869369
0.334775  13433.593176
0.501898  13305.693405
0.669021  13185.105157
0.836144  13070.984707
1.003267  12964.200547
1.170390  12865.015661
1.337513  12772.998826
1.504636  12688.453316
1.671759  12610.390609
1.838882  12537.384398
2.006005  12469.669316
2.173128  12405.432179
2.340251  12343.535923
2.507374  12283.220284
2.674497  12223.958079
2.841620  12164.571540
3.008743  12104.664433
3.175866  12043.952962
3.342989  11982.368816
3.510112  11919.317366
3.677235  11854.337334
3.844358  11787.372681
4.011481  11718.776686
4.178604  11648.602536
4.345727  11576.946239
4.512850  11505.098562
4.679973  11433.451932
4.847096  11362.573348
5.014219  11292.132136
5.181342  11222.376031
5.348465  11153.072265
5.515588  11084.235165
5.682711  11016.212852
5.849834  10948.972220
6.016957  10882.917400
6.184080  10818.151354
6.351203  10754.684352
6.518326  10693.015652
6.685449  10633.452645
6.852572  10575.857737
7.019695  10520.691795
7.186818  10467.842893
7.353941  10416.998011
7.521064  10367.947139
7.688187  10320.444853
7.855310  10274.197723
8.022433  10229.158278
8.189556  10185.323654
8.356679  10142.421752
8.523802  10100.666819
8.690925  10060.031005
8.858048  10020.871125
9.025171  9983.612985
9.192294  9948.531187
9.359417  9915.921222
9.526540  9885.953977
9.693663  9858.754568
9.860786  9834.649849
10.027909  9814.050805
10.195032  9797.264881
10.362155  9784.640977
10.529278  9776.588546
10.696401  9773.791129
10.863524  9777.008014
11.030647  9786.985802
11.197770  9804.430931
11.364893  9830.540755
11.532016  9866.938031
11.699139  9914.251058
11.866262  9973.511705
12.033385  10045.808873
12.200508  10133.068946
12.367631  10237.865197
12.534754  10363.109904
12.701877  10512.332748
12.869000  10688.971893
13.036123  10896.032340
13.203246  11135.502939
13.370368  11406.818198
13.537491  11706.425791
13.704614  12027.514880
13.871737  12360.233038
14.038860  12695.623286
14.205983  13028.584338
14.373106  13355.367787
14.540229  13673.611748
14.707352  13982.341239
14.874475  14281.103188
15.041598  14568.910596
15.208721  14845.562857
15.375844  15109.899658
15.542967  15360.791131
15.710090  15597.791276
15.877213  15818.585015
16.044336  16022.977260
16.211459  16208.650588
16.378582  16376.356220
16.545705  16526.440469
16.712828  16658.727593
16.879951  16774.014466
17.047074  16873.716275
17.214197  16959.727744
17.381320  17033.906330
17.548443  17097.422805
17.715566  17151.648511
17.882689  17197.867390
18.049812  17237.037225
18.216935  17269.561551
18.384058  17295.928429
18.551181  17316.755765
18.718304  17331.901457
18.885427  17341.047196
19.052550  17344.624241
19.219673  17342.141371
19.386796  17332.550020
19.553919  17315.154339
19.721042  17289.400844
19.888165  17253.855849
20.055288  17206.945555
20.222411  17147.581566
20.389534  17075.804559
20.556657  16991.298129
20.723780  16894.567248
20.890903  16785.434653
21.058026  16664.165175
21.225149  16531.381220
21.392272  16387.844752
21.559395  16234.429513
21.726518  16072.449262
21.893641  15903.405320
22.060764  15728.997278
22.227887  15550.656720
22.395010  15368.413283
22.562133  15183.729100
22.729256  14998.754229
22.896379  14815.075248
23.063502  14633.813588
23.230625  14456.071571
23.397748  14282.821786
23.564871  14114.835267
23.731994  13953.431277
23.899117  13799.362273
