0.000848  3072.817485
0.167970  3050.248670
0.335093  3028.875739
0.502216  3008.600091
0.669339  2989.339534
0.836462  2971.032461
1.003585  2953.629691
1.170708  2937.095953
1.337831  2921.407184
1.504954  2906.545613
1.672077  2892.484684
1.839200  2879.176550
2.006323  2866.551521
2.173446  2854.529979
2.340569  2843.019142
2.507692  2831.916188
2.674815  2821.128785
2.841938  2810.588833
3.009061  2800.248545
3.176184  2790.067046
3.343307  2780.004194
3.510430  2770.023465
3.677553  2760.091943
3.844676  2750.177500
4.011799  2740.271607
4.178922  2730.385404
4.346045  2720.535074
4.513168  2710.733609
4.680291  2700.981143
4.847414  2691.251798
5.014537  2681.499526
5.181660  2671.671661
5.348783  2661.724985
5.515906  2651.634649
5.683029  2641.386072
5.850152  2630.970940
6.017275  2620.385361
6.184398  2609.622387
6.351521  2598.682760
6.518644  2587.592015
6.685767  2576.391566
6.852890  2565.112085
7.020013  2553.762798
7.187136  2542.334739
7.354259  2530.821924
7.521382  2519.224440
7.688505  2507.561688
7.855628  2495.870241
8.022751  2484.197836
8.189874  2472.601413
8.356997  2461.150355
8.524120  2449.928839
8.691243  2439.041619
8.858366  2428.608809
9.025489  2418.755915
9.192612  2409.600850
9.359735  2401.248819
9.526858  2393.795850
9.693981  2387.332657
9.861103  2381.948752
10.028226  2377.725467
10.195349  2374.737756
10.362472  2373.054075
10.529595  2372.748186
10.696718  2373.909213
10.863841  2376.630716
11.030964  2380.997673
11.198087  2387.102853
11.365210  2395.057550
11.532333  2404.984486
11.699456  2416.998707
11.866579  2431.205011
12.033702  2447.721823
12.200825  2466.717580
12.367948  2488.434588
12.535071  2513.197932
12.702194  2541.370344
12.869317  2573.264908
13.036440  2609.051219
13.203563  2648.709669
13.370686  2692.040105
13.537809  2738.676731
13.704932  2788.161447
13.872055  2840.036944
14.039178  2893.915755
14.206301  2949.467594
14.373424  3006.438641
14.540547  3064.634570
14.707670  3123.858994
14.874793  3183.896756
15.041916  3244.503149
15.209039  3305.415201
15.376162  3366.336610
15.543285  3426.955031
15.710408  3486.931042
15.877531  3545.894789
16.044654  3603.458307
16.211777  3659.207949
16.378900  3712.723651
16.546023  3763.592323
16.713146  3811.419683
16.880269  3855.855298
17.047392  3896.598960
17.214515  3933.395854
17.381638  3966.042133
17.548761  3994.376284
17.715884  4018.280621
17.883007  4037.681842
18.050130  4052.551109
18.217253  4062.901302
18.384376  4068.789987
18.551499  4070.295870
18.718622  4067.521770
18.885745  4060.594179
19.052868  4049.670468
19.219991  4034.928937
19.387114  4016.541114
19.554236  3994.695241
19.721359  3969.601201
19.888482  3941.500729
20.055605  3910.664646
20.222728  3877.374053
20.389851  3841.923098
20.556974  3804.612662
20.724097  3765.766302
20.891220  3725.700405
21.058343  3684.736803
21.225466  3643.194955
21.392589  3601.386986
21.559712  3559.627093
21.726835  3518.218074
21.893958  3477.425439
22.061081  3437.498902
22.228204  3398.639081
22.395327  3361.006063
22.562450  3324.705298
22.729573  3289.834874
22.896696  3256.452775
23.063819  3224.584753
23.230942  3194.219148
23.398065  3165.323171
23.565188  3137.863234
23.732311  3111.810338
23.899434  3087.137408
