0.000848  2613.287481
0.167971  2594.237675
0.335094  2576.194564
0.502217  2559.065802
0.669340  2542.774405
0.836463  2527.264722
1.003586  2512.493731
1.170709  2498.433381
1.337832  2485.067578
1.504955  2472.389179
1.672078  2460.385065
1.839201  2449.023238
2.006324  2438.251046
2.173447  2428.006937
2.340570  2418.214920
2.507693  2408.786779
2.674816  2399.642143
2.841939  2390.723671
3.009062  2381.992212
3.176185  2373.415020
3.343308  2364.958422
3.510431  2356.590881
3.677553  2348.282634
3.844676  2340.003132
4.011799  2331.743876
4.178922  2323.514185
4.346045  2315.327782
4.513168  2307.197743
4.680291  2299.126379
4.847414  2291.090370
5.014537  2283.044968
5.181660  2274.937375
5.348783  2266.723134
5.515906  2258.375503
5.683029  2249.877810
5.850152  2241.218526
6.017275  2232.389052
6.184398  2223.377132
6.351521  2214.179227
6.518644  2204.818212
6.685767  2195.333149
6.852890  2185.754011
7.020013  2176.091426
7.187136  2166.340181
7.354259  2156.499529
7.521382  2146.574814
7.688505  2136.589879
7.855628  2126.584631
8.022751  2116.608302
8.189874  2106.717482
8.356997  2096.978809
8.524120  2087.470509
8.691243  2078.288296
8.858366  2069.539179
9.025489  2061.331808
9.192612  2053.764593
9.359735  2046.922745
9.526858  2040.882698
9.693981  2035.715146
9.861104  2031.490171
10.028227  2028.269472
10.195350  2026.108059
10.362473  2025.054422
10.529596  2025.162553
10.696719  2026.502444
10.863842  2029.149148
11.030965  2033.171054
11.198088  2038.647103
11.365211  2045.675553
11.532334  2054.364549
11.699457  2064.812812
11.866580  2077.109399
12.033703  2091.357842
12.200826  2107.708767
12.367949  2126.382296
12.535072  2147.678476
12.702195  2171.934250
12.869318  2199.436826
13.036441  2230.328320
13.203564  2264.561787
13.370686  2301.914588
13.537809  2342.010425
13.704932  2384.399186
13.872055  2428.649273
14.039178  2474.415143
14.206301  2521.415593
14.373424  2569.449189
14.540547  2618.377493
14.707670  2668.061833
14.874793  2718.348267
15.041916  2769.057239
15.209039  2819.996218
15.376162  2870.940556
15.543285  2921.652803
15.710408  2971.869462
15.877531  3021.297568
16.044654  3069.626100
16.211777  3116.518690
16.378900  3161.629814
16.546023  3204.616565
16.713146  3245.144633
16.880269  3282.914522
17.047392  3317.665302
17.214515  3349.168335
17.381638  3377.234727
17.548761  3401.705926
17.715884  3422.459695
17.883007  3439.408831
18.050130  3452.505506
18.217253  3461.737566
18.384376  3467.135198
18.551499  3468.748497
18.718622  3466.649939
18.885745  3460.935670
19.052868  3451.732788
19.219991  3439.191934
19.387114  3423.456936
19.554237  3404.688243
19.721360  3383.064973
19.888483  3358.796546
20.055606  3332.118319
20.222729  3303.279948
20.389852  3272.546465
20.556975  3240.190065
20.724098  3206.506693
20.891221  3171.783481
21.058344  3136.311932
21.225467  3100.378439
21.392590  3064.260726
21.559713  3028.235970
21.726836  2992.571554
21.893959  2957.497020
22.061082  2923.231259
22.228205  2889.945577
22.395328  2857.774639
22.562451  2826.799409
22.729574  2797.098163
22.896697  2768.712944
23.063820  2741.659308
23.230942  2715.919248
23.398065  2691.455098
23.565188  2668.229881
23.732311  2646.213082
23.899434  2625.376676
