0.000531  1394.451246
0.167654  1383.515062
0.334777  1373.556689
0.501900  1364.236492
0.669023  1355.478552
0.836146  1347.197783
1.003269  1339.259747
1.170392  1331.663470
1.337515  1324.395806
1.504638  1317.457124
1.671761  1310.904897
1.838884  1304.842074
2.006007  1299.209813
2.173130  1294.037522
2.340253  1289.384740
2.507376  1285.130608
2.674499  1281.183507
2.841622  1277.462364
3.008745  1273.921492
3.175868  1270.465566
3.342991  1267.139042
3.510114  1263.868231
3.677237  1260.502657
3.844360  1256.955281
4.011483  1253.246264
4.178606  1249.395784
4.345729  1245.291270
4.512852  1241.041767
4.679975  1236.722165
4.847098  1232.432827
5.014221  1228.005079
5.181344  1223.414125
5.348467  1218.588516
5.515590  1213.523904
5.682713  1208.221370
5.849836  1202.649578
6.016959  1196.800532
6.184082  1190.630253
6.351205  1184.063070
6.518328  1177.094283
6.685451  1169.760805
6.852574  1162.179662
7.019697  1154.306385
7.186820  1146.186804
7.353943  1137.820442
7.521066  1129.219546
7.688189  1120.475329
7.855312  1111.694625
8.022435  1102.965162
8.189558  1094.369796
8.356681  1085.989255
8.523804  1077.840530
8.690927  1070.044758
8.858050  1062.723623
9.025173  1055.988705
9.192296  1049.875503
9.359419  1044.431776
9.526542  1039.705469
9.693665  1035.721082
9.860788  1032.516244
10.027911  1030.109680
10.195034  1028.542502
10.362157  1027.812148
10.529280  1027.948639
10.696403  1029.040335
10.863526  1031.133702
11.030649  1034.234435
11.197772  1038.406793
11.364895  1043.820719
11.532018  1050.693212
11.699141  1058.920312
11.866264  1068.496843
12.033387  1079.545738
12.200510  1092.134968
12.367633  1106.276451
12.534756  1122.193377
12.701879  1140.340881
12.869002  1161.265029
13.036125  1185.141038
13.203248  1211.998761
13.370371  1241.246391
13.537494  1272.266989
13.704617  1304.470198
13.871740  1337.160636
14.038863  1370.192987
14.205985  1403.449883
14.373108  1436.901681
14.540231  1470.612419
14.707354  1504.758210
14.874477  1539.372035
15.041600  1574.387967
15.208723  1609.808202
15.375846  1645.496365
15.542969  1681.323582
15.710092  1717.180627
15.877215  1752.836435
16.044338  1788.130356
16.211461  1822.838818
16.378584  1856.712651
16.545707  1889.433595
16.712830  1920.712329
16.879953  1950.350065
17.047076  1978.016250
17.214199  2003.440268
17.381322  2026.479616
17.548445  2046.901684
17.715568  2064.495903
17.882691  2079.117299
18.049814  2090.631425
18.216937  2098.861221
18.384060  2103.761588
18.551183  2105.333823
18.718306  2103.571022
18.885429  2098.460456
19.052552  2090.138907
19.219675  2078.732078
19.386798  2064.339814
19.553921  2047.071575
19.721044  2027.171522
19.888167  2004.776299
20.055290  1980.168881
20.222413  1953.617229
20.389536  1925.414056
20.556659  1895.801140
20.723782  1865.116445
20.890905  1833.608002
21.058028  1801.625742
21.225151  1769.456017
21.392274  1737.375913
21.559397  1705.683549
21.726520  1674.716078
21.893643  1644.708671
22.060766  1615.945723
22.227889  1588.813837
22.395012  1563.241859
22.562135  1539.212624
22.729258  1516.699619
22.896381  1495.853455
23.063504  1476.621296
23.230627  1458.935505
23.397750  1442.702896
23.564873  1427.748809
23.731996  1414.040452
23.899119  1401.568106
