0.000208  1671.325944
0.167331  1651.355770
0.334454  1632.556031
0.501577  1614.942471
0.668700  1598.530845
0.835823  1583.335017
1.002946  1569.360228
1.170069  1556.595739
1.337192  1545.004035
1.504315  1534.514529
1.671438  1525.022734
1.838561  1516.399504
2.005684  1508.503221
2.172807  1501.189872
2.339930  1494.321847
2.507053  1487.776905
2.674176  1481.452639
2.841299  1475.264849
3.008422  1469.142940
3.175545  1463.023799
3.342667  1456.849798
3.509790  1450.568145
3.676913  1444.134798
3.844036  1437.519477
4.011159  1430.710247
4.178282  1423.713914
4.345405  1416.552267
4.512528  1409.258936
4.679651  1401.875907
4.846774  1394.446010
5.013897  1387.006728
5.181020  1379.593612
5.348143  1372.242212
5.515266  1364.993364
5.682389  1357.893415
5.849512  1350.996220
6.016635  1344.361740
6.183758  1338.048388
6.350881  1332.111442
6.518004  1326.605910
6.685127  1321.585838
6.852250  1317.087228
7.019373  1313.119166
7.186496  1309.662580
7.353619  1306.674141
7.520742  1304.097013
7.687865  1301.867326
7.854988  1299.921305
8.022111  1298.197711
8.189234  1296.639889
8.356357  1295.200106
8.523480  1293.844515
8.690603  1292.555968
8.857726  1291.333138
9.024849  1290.184937
9.191972  1289.122104
9.359095  1288.152599
9.526218  1287.282143
9.693341  1286.520279
9.860464  1285.883461
10.027587  1285.396655
10.194710  1285.091191
10.361833  1285.006976
10.528956  1285.201190
10.696079  1285.754338
10.863202  1286.768318
11.030325  1288.362260
11.197448  1290.665734
11.364571  1293.828701
11.531694  1298.014936
11.698817  1303.401970
11.865940  1310.178174
12.033063  1318.561356
12.200186  1328.812917
12.367309  1341.248205
12.534432  1356.224745
12.701555  1374.117876
12.868678  1395.289307
13.035801  1420.021992
13.202924  1448.443185
13.370047  1480.426984
13.537170  1515.567650
13.704293  1553.227668
13.871416  1592.630738
14.038539  1632.978335
14.205662  1673.528857
14.372785  1713.649052
14.539908  1752.820034
14.707031  1790.620072
14.874153  1826.708850
15.041276  1860.815924
15.208399  1892.729839
15.375522  1922.287163
15.542645  1949.360930
15.709768  1973.862552
15.876891  1995.735150
16.044014  2014.957801
16.211137  2031.547784
16.378260  2045.564691
16.545383  2057.110883
16.712506  2066.325779
16.879629  2073.384349
17.046752  2078.495122
17.213875  2081.903861
17.380998  2083.887834
17.548121  2084.748753
17.715244  2084.804219
17.882367  2084.377843
18.049490  2083.786790
18.216613  2083.319298
18.383736  2083.214281
18.550859  2083.641985
18.717982  2084.694606
18.885105  2086.378012
19.052228  2088.609479
19.219351  2091.215079
19.386474  2093.941905
19.553597  2096.485477
19.720720  2098.508641
19.887843  2099.658883
20.054966  2099.591397
20.222089  2098.005383
20.389212  2094.666276
20.556335  2089.390840
20.723458  2082.044291
20.890581  2072.543883
21.057704  2060.864769
21.224827  2047.037257
21.391950  2031.145133
21.559073  2013.320684
21.726196  1993.739756
21.893319  1972.612780
22.060442  1950.166568
22.227565  1926.638177
22.394688  1902.279011
22.561811  1877.337069
22.728934  1852.061084
22.896057  1826.692743
23.063180  1801.457412
23.230303  1776.562514
23.397426  1752.200490
23.564549  1728.550299
23.731672  1705.773209
23.898795  1684.002886
