0.000537  4329.173688
0.167660  4287.914675
0.334783  4249.818139
0.501906  4214.719855
0.669029  4182.468450
0.836152  4152.925721
1.003275  4125.957877
1.170398  4101.425887
1.337521  4079.177141
1.504644  4059.039418
1.671767  4040.816487
1.838890  4024.293555
2.006013  4009.249048
2.173136  3995.468052
2.340259  3982.751789
2.507382  3970.925375
2.674505  3959.841246
2.841628  3949.379226
3.008751  3939.440981
3.175874  3929.939462
3.342997  3920.789939
3.510120  3911.903605
3.677243  3903.187547
3.844366  3894.548642
4.011489  3885.898999
4.178612  3877.153271
4.345735  3868.221049
4.512858  3859.002470
4.679980  3849.385869
4.847103  3839.247342
5.014226  3828.453910
5.181349  3816.873563
5.348472  3804.386216
5.515595  3790.891408
5.682718  3776.310587
5.849841  3760.590686
6.016964  3743.707495
6.184087  3725.663522
6.351210  3706.493559
6.518333  3686.274015
6.685456  3665.114557
6.852579  3643.138177
7.019702  3620.470235
7.186825  3597.238849
7.353948  3573.579006
7.521071  3549.637763
7.688194  3525.577097
7.855317  3501.572428
8.022440  3477.808666
8.189563  3454.476565
8.356686  3431.772153
8.523809  3409.897793
8.690932  3389.061298
8.858055  3369.471982
9.025178  3351.331968
9.192301  3334.825542
9.359424  3320.113422
9.526547  3307.334976
9.693670  3296.615129
9.860793  3288.069367
10.027916  3281.804426
10.195039  3277.916119
10.362162  3276.493473
10.529285  3277.630274
10.696408  3281.432697
10.863531  3288.012991
11.030654  3297.481385
11.197777  3309.955494
11.364900  3325.574805
11.532023  3344.500708
11.699146  3366.906183
11.866269  3392.972875
12.033392  3422.910019
12.200515  3456.979495
12.367638  3495.515154
12.534761  3538.920658
12.701884  3587.643841
12.869007  3642.116055
13.036130  3702.669822
13.203253  3769.474178
13.370376  3842.488576
13.537499  3921.461749
13.704622  4005.963922
13.871745  4095.436635
14.038868  4189.253513
14.205991  4286.771733
14.373114  4387.362334
14.540237  4490.416863
14.707360  4595.347540
14.874483  4701.584392
15.041606  4808.577957
15.208729  4915.799046
15.375852  5022.732641
15.542975  5128.868676
15.710098  5233.697886
15.877221  5336.707019
16.044344  5437.377230
16.211467  5535.185105
16.378590  5629.603845
16.545713  5720.103708
16.712836  5806.150720
16.879959  5887.209870
17.047082  5962.750920
17.214205  6032.258943
17.381328  6095.240671
17.548451  6151.230673
17.715574  6199.800328
17.882697  6240.569135
18.049820  6273.217869
18.216943  6297.494439
18.384066  6313.219573
18.551189  6320.288760
18.718312  6318.679502
18.885435  6308.457959
19.052558  6289.781665
19.219681  6262.888793
19.386804  6228.086366
19.553926  6185.756633
19.721049  6136.363887
19.888172  6080.450864
20.055295  6018.619454
20.222418  5951.504502
20.389541  5879.759627
20.556664  5804.056569
20.723787  5725.082249
20.890910  5643.531199
21.058033  5560.096989
21.225156  5475.462910
21.392279  5390.294479
21.559402  5305.229206
21.726525  5220.865679
21.893648  5137.752618
22.060771  5056.377046
22.227894  4977.159095
22.395017  4900.460289
22.562140  4826.584315
22.729263  4755.775838
22.896386  4688.224433
23.063509  4624.064776
23.230632  4563.381139
23.397755  4506.215394
23.564878  4452.579864
23.732001  4402.461940
23.899124  4355.817879
