0.000530  7697.902932
0.167653  7621.166883
0.334776  7549.078111
0.501899  7481.197234
0.669022  7417.823063
0.836145  7358.439255
1.003268  7303.231542
1.170391  7252.106916
1.337514  7204.696434
1.504637  7160.989646
1.671760  7120.462103
1.838883  7082.418154
2.006006  7046.940400
2.173129  7013.196662
2.340252  6980.659013
2.507375  6948.963514
2.674498  6917.827740
2.841621  6886.658355
3.008744  6855.188403
3.175867  6823.209510
3.342990  6790.607301
3.510113  6757.058904
3.677236  6722.322522
3.844358  6686.351216
4.011481  6649.270729
4.178604  6611.088049
4.345727  6571.854747
4.512850  6532.141147
4.679973  6492.068824
4.847096  6451.838931
5.014219  6411.427949
5.181342  6370.996710
5.348465  6330.475011
5.515588  6289.869023
5.682711  6249.337719
5.849834  6208.861533
6.016957  6168.593974
6.184080  6128.548120
6.351203  6088.774648
6.518326  6049.517393
6.685449  6010.879707
6.852572  5972.780061
7.019695  5935.455387
7.186818  5898.914190
7.353941  5863.114261
7.521064  5828.057989
7.688187  5793.711797
7.855310  5760.004925
8.022433  5726.967080
8.189556  5694.628907
8.356679  5662.884447
8.523802  5631.831814
8.690925  5601.450222
8.858048  5571.882685
9.025171  5543.307498
9.192294  5515.885927
9.359417  5489.823416
9.526540  5465.282389
9.693663  5442.429052
9.860786  5421.522822
10.027909  5402.864899
10.195032  5386.742706
10.362155  5373.471760
10.529278  5363.400339
10.696401  5356.983379
10.863524  5354.688727
11.030647  5356.970469
11.197770  5364.247451
11.364893  5377.072505
11.532016  5396.152943
11.699139  5421.847360
11.866262  5454.620511
12.033385  5494.938518
12.200508  5543.561035
12.367631  5601.466936
12.534754  5669.746874
12.701877  5749.761465
12.869000  5842.940684
13.036123  5950.727510
13.203246  6074.304026
13.370369  6213.990777
13.537492  6368.944842
13.704615  6537.010670
13.871738  6714.663232
14.038861  6898.347548
14.205984  7085.806134
14.373107  7274.980052
14.540230  7464.201345
14.707353  7652.270689
14.874476  7838.142387
15.041599  8020.503170
15.208722  8198.410867
15.375845  8370.586331
15.542968  8535.875689
15.710091  8693.564581
15.877214  8842.254945
16.044337  8981.581252
16.211460  9110.309055
16.378583  9228.552922
16.545706  9336.306869
16.712829  9433.359209
16.879952  9519.960233
17.047075  9596.691918
17.214198  9664.362313
17.381321  9723.749215
17.548444  9775.312779
17.715567  9819.563974
17.882690  9856.958018
18.049813  9887.791878
18.216936  9912.126638
18.384059  9930.121353
18.551182  9942.050262
18.718304  9947.923818
18.885427  9947.736326
19.052550  9941.849712
19.219673  9930.295744
19.386796  9912.939427
19.553919  9889.822673
19.721042  9861.065033
19.888165  9826.456432
20.055288  9785.768719
20.222411  9738.864290
20.389534  9685.896376
20.556657  9626.779118
20.723780  9561.738495
20.890903  9490.683500
21.058026  9413.718853
21.225149  9331.097693
21.392272  9243.146782
21.559395  9150.274400
21.726518  9053.107120
21.893641  8952.363104
22.060764  8848.901379
22.227887  8743.523234
22.395010  8636.556464
22.562133  8528.921882
22.729256  8421.773006
22.896379  8316.018878
23.063502  8212.374633
23.230625  8111.550931
23.397748  8014.137721
23.564871  7920.560852
23.731994  7831.383710
23.899117  7746.894782
