0.000208  2170.693657
0.167330  2150.934144
0.334453  2132.672645
0.501576  2115.805168
0.668699  2100.240157
0.835822  2085.900761
1.002945  2072.719364
1.170068  2060.632736
1.337191  2049.576717
1.504314  2039.482013
1.671437  2030.268841
1.838560  2021.847356
2.005683  2014.121766
2.172806  2006.997884
2.339929  2000.387875
2.507052  1994.215728
2.674175  1988.420730
2.841298  1982.959521
3.008421  1977.803372
3.175544  1972.930267
3.342667  1968.317924
3.509790  1963.937977
3.676913  1959.756373
3.844036  1955.735146
4.011159  1951.835361
4.178282  1948.015449
4.345405  1944.228088
4.512528  1940.418189
4.679651  1936.520001
4.846774  1932.453979
5.013897  1928.126931
5.181020  1923.440854
5.348143  1918.302923
5.515266  1912.633372
5.682389  1906.366715
5.849512  1899.452748
6.016635  1891.858043
6.183758  1883.566301
6.350881  1874.587091
6.518004  1864.963457
6.685127  1854.762533
6.852250  1844.059703
7.019373  1832.932500
7.186496  1821.462172
7.353619  1809.735863
7.520742  1797.849373
7.687865  1785.908130
7.854988  1774.025775
8.022111  1762.320794
8.189234  1750.912859
8.356357  1739.922119
8.523480  1729.469292
8.690603  1719.674073
8.857726  1710.651513
9.024849  1702.505574
9.191972  1695.322355
9.359095  1689.167592
9.526218  1684.088939
9.693341  1680.121745
9.860464  1677.293095
10.027587  1675.623155
10.194710  1675.124335
10.361833  1675.805210
10.528956  1677.681066
10.696079  1680.779735
10.863202  1685.136886
11.030325  1690.792019
11.197448  1697.796867
11.364571  1706.225174
11.531694  1716.167069
11.698816  1727.720508
11.865939  1740.990937
12.033062  1756.108426
12.200185  1773.242166
12.367308  1792.612168
12.534431  1814.485442
12.701554  1839.156060
12.868677  1866.897848
13.035800  1897.894177
13.202923  1932.186992
13.370046  1969.648281
13.537169  2010.006554
13.704292  2052.899779
13.871415  2097.923687
14.038538  2144.676815
14.205661  2192.789920
14.372784  2241.940279
14.539907  2291.845873
14.707030  2342.258518
14.874153  2392.956931
15.041276  2443.745380
15.208399  2494.449919
15.375522  2544.911259
15.542645  2594.974583
15.709768  2644.485180
15.876891  2693.280049
16.044014  2741.183196
16.211137  2788.002337
16.378260  2833.527965
16.545383  2877.533160
16.712506  2919.769701
16.879629  2959.970102
17.046752  2997.850341
17.213875  3033.118725
17.380998  3065.478438
17.548121  3094.631621
17.715244  3120.286645
17.882367  3142.167780
18.049490  3160.028782
18.216613  3173.656834
18.383736  3182.879374
18.550859  3187.566261
18.717982  3187.638236
18.885105  3183.072846
19.052228  3173.909363
19.219351  3160.243704
19.386474  3142.218000
19.553597  3120.027152
19.720720  3093.926106
19.887843  3064.232439
20.054966  3031.309439
20.222089  2995.539415
20.389212  2957.312014
20.556335  2917.027336
20.723458  2875.095896
20.890581  2831.931954
21.057704  2787.945523
21.224827  2743.534021
21.391950  2699.078086
21.559073  2654.935406
21.726196  2611.434626
21.893319  2568.869312
22.060442  2527.488973
22.227565  2487.497502
22.394688  2449.061981
22.561811  2412.306508
22.728934  2377.317423
22.896057  2344.150713
23.063180  2312.833660
23.230303  2283.367666
23.397425  2255.732298
23.564548  2229.896181
23.731671  2205.820682
23.898794  2183.456580
