0.000534  10994.005208
0.167657  10879.303060
0.334780  10771.148589
0.501903  10669.424387
0.669026  10574.068219
0.836149  10485.067517
1.003272  10402.447864
1.170395  10326.183280
1.337518  10256.139415
1.504641  10192.019836
1.671764  10133.326152
1.838887  10079.439658
2.006010  10029.705441
2.173133  9983.403808
2.340256  9939.816095
2.507379  9898.321598
2.674502  9858.387182
2.841625  9819.565651
3.008748  9781.493247
3.175871  9743.867855
3.342994  9706.412272
3.510117  9668.855254
3.677240  9630.954493
3.844363  9592.549842
4.011486  9553.585980
4.178609  9514.140336
4.345732  9474.366035
4.512855  9434.463441
4.679978  9394.622752
4.847101  9354.977958
5.014224  9315.607016
5.181347  9276.552220
5.348470  9237.834473
5.515593  9199.483787
5.682716  9161.539008
5.849839  9124.076796
6.016962  9087.225733
6.184085  9051.133407
6.351208  9015.949729
6.518331  8981.864354
6.685454  8949.123781
6.852577  8917.942474
7.019700  8888.432008
7.186823  8860.598729
7.353946  8834.367379
7.521069  8809.639093
7.688192  8786.317557
7.855315  8764.324944
8.022438  8743.607799
8.189561  8724.111269
8.356684  8705.771277
8.523807  8688.568723
8.690929  8672.571082
8.858052  8657.898223
9.025175  8644.701121
9.192298  8633.134269
9.359421  8623.319549
9.526544  8615.357337
9.693667  8609.352076
9.860790  8605.458001
10.027913  8603.894310
10.195036  8604.911916
10.362159  8608.803503
10.529282  8615.946476
10.696405  8626.824761
10.863528  8642.002343
11.030651  8662.048237
11.197774  8687.545870
11.364897  8719.117425
11.532020  8757.441402
11.699143  8803.210856
11.866266  8857.136118
12.033389  8920.058248
12.200512  8993.116998
12.367635  9077.816752
12.534758  9175.947920
12.701881  9289.416813
12.869004  9419.981508
13.036127  9568.947651
13.203250  9736.819165
13.370373  9923.037979
13.537496  10125.743602
13.704619  10341.884059
13.871742  10567.830782
14.038865  10800.026442
14.205988  11035.370135
14.373111  11271.353744
14.540234  11505.981660
14.707357  11737.650421
14.874480  11964.935250
15.041603  12186.493207
15.208726  12400.980830
15.375849  12607.150467
15.542972  12803.765494
15.710095  12989.695454
15.877218  13163.909942
16.044341  13325.510812
16.211464  13473.913709
16.378587  13608.803307
16.545710  13730.160861
16.712833  13838.213090
16.879956  13933.417010
17.047079  14016.455335
17.214202  14088.073953
17.381325  14149.060613
17.548448  14200.111385
17.715571  14241.852933
17.882694  14274.815305
18.049817  14299.454441
18.216940  14316.174695
18.384063  14325.298229
18.551186  14327.095411
18.718309  14321.774243
18.885432  14309.507541
19.052555  14290.418434
19.219678  14264.499260
19.386801  14231.624298
19.553924  14191.584396
19.721047  14144.139196
19.888170  14088.983352
20.055293  14025.796709
20.222416  13954.387614
20.389539  13874.693987
20.556662  13786.782573
20.723785  13690.717897
20.890908  13586.603893
21.058031  13474.624305
21.225154  13355.058327
21.392277  13228.360138
21.559400  13095.088844
21.726523  12955.970838
21.893646  12811.854809
22.060769  12663.644332
22.227892  12512.409538
22.395015  12359.194603
22.562138  12205.126993
22.729261  12051.399287
22.896384  11899.166902
23.063507  11749.439501
23.230630  11603.093073
23.397753  11460.912472
23.564875  11323.679644
23.731998  11192.134737
23.899121  11066.843433
