0.000532  7692.608729
0.167655  7617.927399
0.334778  7548.476723
0.501901  7484.180668
0.669024  7424.953835
0.836147  7370.629317
1.003270  7321.001776
1.170393  7275.781725
1.337516  7234.564415
1.504639  7196.858646
1.671762  7162.086948
1.838885  7129.653471
2.006008  7098.985533
2.173131  7069.552504
2.340254  7040.878377
2.507377  7012.568914
2.674500  6984.308095
2.841623  6955.843889
3.008746  6926.974890
3.175869  6897.523911
3.342992  6867.338023
3.510115  6836.297439
3.677238  6804.304549
3.844361  6771.283637
4.011484  6737.206675
4.178607  6702.077269
4.345730  6665.906312
4.512853  6628.712780
4.679976  6590.545908
4.847099  6551.436099
5.014222  6511.315506
5.181345  6470.192384
5.348468  6428.079552
5.515591  6385.005684
5.682714  6341.016594
5.849837  6296.191857
6.016960  6250.670539
6.184083  6204.621026
6.351206  6158.169205
6.518329  6111.444118
6.685452  6064.611179
6.852575  6017.844357
7.019698  5971.300772
7.186821  5925.110801
7.353944  5879.375893
7.521067  5834.187298
7.688190  5789.630854
7.855313  5745.788423
8.022436  5702.733923
8.189559  5660.543929
8.356681  5619.296383
8.523804  5579.082218
8.690927  5540.019212
8.858050  5502.259944
9.025173  5465.986384
9.192296  5431.393556
9.359419  5398.675091
9.526542  5368.033688
9.693665  5339.681317
9.860788  5313.858554
10.027911  5290.823294
10.195034  5270.847594
10.362157  5254.222713
10.529280  5241.264566
10.696403  5232.315631
10.863526  5227.746244
11.030649  5227.946670
11.197772  5233.317676
11.364895  5244.339230
11.532018  5261.522200
11.699141  5285.324624
11.866264  5316.254637
12.033387  5354.838602
12.200510  5401.680215
12.367633  5457.466675
12.534756  5522.958939
12.701879  5599.023505
12.869002  5686.633016
13.036125  5786.881563
13.203248  5900.965297
13.370371  6029.747535
13.537494  6173.405276
13.704617  6331.160530
13.871740  6501.245542
14.038863  6681.353291
14.205986  6868.943027
14.373109  7061.481010
14.540232  7256.564143
14.707355  7452.003254
14.874478  7645.853754
15.041601  7836.429309
15.208724  8022.296504
15.375847  8202.254791
15.542970  8375.312298
15.710093  8540.672656
15.877216  8697.716941
16.044339  8845.986948
16.211462  8985.180417
16.378585  9115.125054
16.545708  9235.764665
16.712831  9347.113092
16.879954  9449.256236
17.047077  9542.336652
17.214200  9626.548364
17.381323  9702.123459
17.548446  9769.303974
17.715569  9828.341963
17.882692  9879.485328
18.049815  9922.955412
18.216938  9958.939317
18.384061  9987.577111
18.551184  10008.961808
18.718307  10023.146979
18.885430  10030.153721
19.052553  10029.989434
19.219676  10022.631051
19.386799  10008.017590
19.553922  9986.118313
19.721045  9956.920766
19.888168  9920.401655
20.055291  9876.473423
20.222414  9825.150703
20.389537  9766.613844
20.556660  9701.020092
20.723783  9628.576755
20.890906  9549.570338
21.058029  9464.371675
21.225152  9373.463359
21.392275  9277.432150
21.559398  9176.953081
21.726521  9072.794699
21.893644  8965.776094
22.060767  8856.730995
22.227890  8746.447087
22.395013  8635.638175
22.562136  8525.143938
22.729259  8415.832804
22.896382  8308.503860
23.063505  8203.843211
23.230627  8102.484718
23.397750  8005.017578
23.564873  7911.949973
23.731996  7823.686889
23.899119  7740.515061
