0.000532  5850.201828
0.167655  5803.001140
0.334778  5759.719785
0.501901  5720.027255
0.669024  5683.664846
0.836147  5650.381282
1.003270  5619.919909
1.170393  5592.062372
1.337516  5566.557806
1.504639  5543.147266
1.671762  5521.549607
1.838885  5501.472779
2.006008  5482.624974
2.173131  5464.736726
2.340254  5447.555301
2.507377  5430.849180
2.674500  5414.425171
2.841623  5398.121398
3.008746  5381.824261
3.175869  5365.434316
3.342992  5348.847078
3.510115  5331.962162
3.677238  5314.681115
3.844361  5296.892096
4.011484  5278.505982
4.178607  5259.451951
4.345730  5239.644144
4.512853  5218.984209
4.679976  5197.380711
4.847099  5174.703838
5.014222  5150.763581
5.181345  5125.422640
5.348468  5098.554476
5.515591  5070.072730
5.682714  5039.910869
5.849837  5008.023790
6.016960  4974.429445
6.184083  4939.165970
6.351206  4902.289291
6.518329  4863.920787
6.685452  4824.220862
6.852575  4783.350311
7.019698  4741.472219
7.186821  4698.756318
7.353944  4655.380070
7.521067  4611.542911
7.688190  4567.466502
7.855313  4523.392076
8.022436  4479.575258
8.189559  4436.279652
8.356682  4393.768940
8.523805  4352.321866
8.690928  4312.228438
8.858051  4273.786771
9.025174  4237.296423
9.192297  4203.034533
9.359420  4171.257054
9.526543  4142.198055
9.693666  4116.076817
9.860789  4093.110158
10.027912  4073.503422
10.195035  4057.449333
10.362158  4045.124153
10.529281  4036.699455
10.696404  4032.363523
10.863527  4032.302842
11.030650  4036.670443
11.197773  4045.604023
11.364896  4059.298673
11.532019  4078.002330
11.699142  4101.906801
11.866265  4131.220107
12.033388  4166.176897
12.200510  4207.071691
12.367633  4254.248273
12.534756  4308.119530
12.701879  4369.215021
12.869002  4438.134021
13.036125  4515.449754
13.203248  4601.662038
13.370371  4696.987367
13.537494  4801.383324
13.704617  4914.524488
13.871740  5035.779860
14.038863  5164.438097
14.205986  5299.737106
14.373109  5440.871598
14.540232  5586.994634
14.707355  5737.246738
14.874478  5890.743412
15.041601  6046.588886
15.208724  6203.891787
15.375847  6361.754736
15.542970  6519.272361
15.710093  6675.538392
15.877216  6829.646771
16.044339  6980.693036
16.211462  7127.783633
16.378585  7270.042710
16.545708  7406.603081
16.712831  7536.611146
16.879954  7659.235113
17.047077  7773.674359
17.214200  7879.183623
17.381323  7975.075102
17.548446  8060.716385
17.715569  8135.540039
17.882692  8199.062909
18.049815  8250.897423
18.216938  8290.754763
18.384061  8318.454412
18.551184  8333.924500
18.718307  8337.207735
18.885430  8328.449160
19.052553  8307.934134
19.219676  8276.072886
19.386799  8233.329831
19.553922  8180.262880
19.721045  8117.547227
19.888168  8045.970275
20.055291  7966.466152
20.222414  7879.959924
20.389537  7787.319076
20.556660  7689.496868
20.723783  7587.451056
20.890906  7482.133466
21.058029  7374.507693
21.225152  7265.532672
21.392275  7156.156232
21.559398  7047.284452
21.726521  6939.749879
21.893644  6834.311727
22.060767  6731.652277
22.227890  6632.335440
22.395013  6536.719635
22.562136  6445.173038
22.729259  6358.026501
22.896382  6275.532925
23.063505  6197.819515
23.230628  6124.933295
23.397751  6056.867347
23.564874  5993.571035
23.731997  5934.958506
23.899120  5880.885966
