0.000538  1852.655900
0.167661  1835.806298
0.334784  1820.220757
0.501907  1805.803653
0.669030  1792.471432
0.836152  1780.156236
1.003275  1768.800295
1.170398  1758.352494
1.337521  1748.763575
1.504644  1739.982518
1.671767  1731.949994
1.838890  1724.597318
2.006013  1717.848604
2.173136  1711.627735
2.340259  1705.862332
2.507382  1700.489005
2.674505  1695.457066
2.841628  1690.731655
3.008751  1686.291954
3.175874  1682.123327
3.342997  1678.210440
3.510120  1674.530939
3.677243  1671.056670
3.844366  1667.755137
4.011489  1664.591796
4.178612  1661.528587
4.345735  1658.522311
4.512858  1655.523325
4.679981  1652.471822
4.847104  1649.293058
5.014227  1645.896279
5.181350  1642.184493
5.348473  1638.065309
5.515596  1633.459865
5.682719  1628.303401
5.849842  1622.544931
6.016965  1616.147751
6.184088  1609.090791
6.351211  1601.380044
6.518334  1593.056638
6.685457  1584.185351
6.852580  1574.837904
7.019703  1565.087973
7.186826  1555.013633
7.353949  1544.699077
7.521072  1534.237017
7.688195  1523.729151
7.855318  1513.284788
8.022441  1503.017398
8.189564  1493.040528
8.356687  1483.467300
8.523810  1474.410441
8.690933  1465.980400
8.858056  1458.281229
9.025179  1451.404102
9.192302  1445.420949
9.359425  1440.383007
9.526548  1436.323258
9.693671  1433.262346
9.860794  1431.212661
10.027917  1430.179662
10.195040  1430.161102
10.362163  1431.150799
10.529286  1433.150583
10.696409  1436.175910
10.863532  1440.250533
11.030655  1445.403472
11.197778  1451.677985
11.364901  1459.141899
11.532024  1467.878583
11.699147  1477.978226
11.866270  1489.537681
12.033393  1502.680230
12.200516  1517.568585
12.367639  1534.417164
12.534762  1553.487755
12.701885  1575.066273
12.869008  1599.412226
13.036131  1626.681431
13.203254  1656.876807
13.370377  1689.825545
13.537500  1725.217861
13.704623  1762.673209
13.871746  1801.789855
14.038869  1842.188700
14.205992  1883.536806
14.373115  1925.559291
14.540238  1968.028623
14.707361  2010.754839
14.874484  2053.576828
15.041607  2096.359887
15.208730  2138.991141
15.375853  2181.371958
15.542976  2223.406960
15.710098  2265.000797
15.877221  2306.047997
16.044344  2346.427892
16.211467  2386.000305
16.378590  2424.604853
16.545713  2462.061718
16.712836  2498.166045
16.879959  2532.690421
17.047082  2565.386751
17.214205  2595.996130
17.381328  2624.249476
17.548451  2649.870300
17.715574  2672.582028
17.882697  2692.117218
18.049820  2708.233456
18.216943  2720.715495
18.384066  2729.382833
18.551189  2734.091491
18.718312  2734.743987
18.885435  2731.295700
19.052558  2723.760519
19.219681  2712.207368
19.386804  2696.748407
19.553927  2677.547229
19.721050  2654.826400
19.888173  2628.872647
20.055296  2600.018638
20.222419  2568.614362
20.389542  2535.016409
20.556665  2499.591000
20.723788  2462.715324
20.890911  2424.770744
21.058034  2386.134673
21.225157  2347.171256
21.392280  2308.227592
21.559403  2269.628200
21.726526  2231.669418
21.893649  2194.613998
22.060772  2158.681129
22.227895  2124.046407
22.395018  2090.851898
22.562141  2059.193304
22.729264  2029.130008
22.896387  2000.695169
23.063510  1973.897869
23.230633  1948.725040
23.397756  1925.144049
23.564879  1903.115146
23.732002  1882.595287
23.899125  1863.535050
