0.000206  4426.382236
0.167329  4378.537345
0.334452  4333.970881
0.501575  4292.677293
0.668698  4254.632927
0.835821  4219.789294
1.002944  4188.061856
1.170067  4159.317422
1.337190  4133.364780
1.504313  4109.953099
1.671436  4088.782490
1.838559  4069.527521
2.005682  4051.862317
2.172805  4035.480503
2.339928  4020.108449
2.507051  4005.512294
2.674174  3991.496271
2.841297  3977.895489
3.008420  3964.566844
3.175543  3951.381332
3.342666  3938.221313
3.509789  3924.980057
3.676912  3911.564675
3.844035  3897.901492
4.011158  3883.941761
4.178281  3869.659987
4.345404  3855.045316
4.512527  3840.092865
4.679650  3824.796868
4.846773  3809.147527
5.013896  3793.132107
5.181019  3776.739778
5.348142  3759.964833
5.515265  3742.810001
5.682388  3725.291664
5.849511  3707.446397
6.016634  3689.333235
6.183757  3671.025201
6.350880  3652.601641
6.518003  3634.149921
6.685126  3615.767779
6.852249  3597.553645
7.019372  3579.594519
7.186495  3561.958966
7.353618  3544.696337
7.520741  3527.841912
7.687864  3511.422092
7.854987  3495.458219
8.022110  3479.968671
8.189233  3464.971365
8.356356  3450.488169
8.523479  3436.551092
8.690602  3423.207452
8.857725  3410.522007
9.024848  3398.573488
9.191971  3387.446901
9.359094  3377.227159
9.526217  3367.999054
9.693340  3359.853211
9.860463  3352.891118
10.027586  3347.228337
10.194709  3342.994571
10.361832  3340.335874
10.528955  3339.419307
10.696078  3340.438074
10.863201  3343.612369
11.030324  3349.182768
11.197447  3357.405386
11.364569  3368.555699
11.531692  3382.927694
11.698815  3400.828123
11.865938  3422.572403
12.033061  3448.497625
12.200184  3478.980773
12.367307  3514.451430
12.534430  3555.389194
12.701553  3602.317715
12.868676  3655.789441
13.035799  3716.339926
13.202922  3784.398320
13.370045  3860.151728
13.537168  3943.430010
13.704291  4033.654705
13.871414  4129.883655
14.038537  4230.930278
14.205660  4335.496972
14.372783  4442.287403
14.539906  4550.073282
14.707029  4657.729677
14.874152  4764.251320
15.041275  4868.760100
15.208398  4970.500677
15.375521  5068.831183
15.542644  5163.210384
15.709767  5253.190344
15.876890  5338.408395
16.044013  5418.583000
16.211136  5493.510151
16.378259  5563.057323
16.545382  5627.154215
16.712505  5685.781153
16.879628  5738.959005
17.046751  5786.742135
17.213874  5829.215544
17.380997  5866.489121
17.548120  5898.690719
17.715243  5925.959107
17.882366  5948.437015
18.049489  5966.263680
18.216612  5979.564014
18.383735  5988.442753
18.550858  5992.980511
18.717981  5993.238453
18.885104  5989.258808
19.052227  5981.065330
19.219350  5968.660552
19.386473  5952.034675
19.553596  5931.178860
19.720719  5906.089944
19.887842  5876.771288
20.054965  5843.238461
20.222088  5805.533620
20.389211  5763.733558
20.556334  5717.944470
20.723457  5668.303379
20.890580  5614.987209
21.057703  5558.224262
21.224826  5498.298908
21.391949  5435.551634
21.559072  5370.374161
21.726195  5303.202610
21.893318  5234.505219
22.060441  5164.764326
22.227564  5094.463235
22.394687  5024.085511
22.561810  4954.107454
22.728933  4884.988263
22.896056  4817.161514
23.063178  4751.025042
23.230301  4686.939608
23.397424  4625.230105
23.564547  4566.184597
23.731670  4510.047210
23.898793  4457.005540
