0.000530  3231.720544
0.167653  3198.598554
0.334776  3167.150042
0.501899  3137.529997
0.669022  3110.038181
0.836145  3083.899369
1.003268  3059.811013
1.170391  3037.591239
1.337514  3016.936257
1.504637  2997.797261
1.671760  2979.966736
1.838883  2963.126465
2.006006  2947.519021
2.173129  2932.249064
2.340252  2917.620131
2.507375  2903.240779
2.674498  2888.963707
2.841621  2874.555121
3.008744  2860.516601
3.175867  2846.045335
3.342990  2831.345857
3.510113  2816.006450
3.677236  2800.472753
3.844359  2784.636221
4.011482  2768.290227
4.178605  2751.484014
4.345728  2734.335209
4.512851  2717.205421
4.679974  2700.038427
4.847097  2682.753240
5.014220  2665.626218
5.181343  2648.839101
5.348466  2632.147320
5.515589  2615.699190
5.682712  2599.801184
5.849835  2583.521986
6.016958  2567.960160
6.184081  2552.784024
6.351204  2537.991669
6.518327  2523.624799
6.685450  2509.481772
6.852573  2496.068559
7.019696  2483.007606
7.186819  2470.089210
7.353942  2457.900161
7.521065  2445.994534
7.688188  2434.195229
7.855311  2422.708184
8.022434  2411.455598
8.189557  2400.385253
8.356680  2389.310967
8.523803  2378.133444
8.690926  2367.045377
8.858049  2356.106594
9.025172  2345.195003
9.192295  2334.352588
9.359418  2323.741481
9.526541  2313.630551
9.693664  2304.128888
9.860787  2295.371696
10.027910  2287.476877
10.195033  2280.537072
10.362156  2274.667657
10.529279  2270.024897
10.696402  2266.865603
10.863525  2265.332326
11.030648  2265.580420
11.197771  2267.897254
11.364894  2272.588737
11.532017  2280.102690
11.699140  2290.594159
11.866263  2304.019313
12.033386  2320.759155
12.200509  2341.116358
12.367632  2365.318509
12.534755  2394.446638
12.701878  2428.220465
12.869001  2467.503930
13.036124  2513.268141
13.203247  2565.976223
13.370369  2626.323555
13.537492  2693.693092
13.704615  2767.553091
13.871738  2845.438645
14.038861  2926.850587
14.205984  3009.988784
14.373107  3094.236244
14.540230  3179.493453
14.707353  3263.607828
14.874476  3346.667207
15.041599  3427.948290
15.208722  3507.472048
15.375845  3584.247263
15.542968  3657.821328
15.710091  3728.665643
15.877214  3794.714755
16.044337  3856.221091
16.211460  3912.928912
16.378583  3964.478379
16.545706  4009.967513
16.712829  4050.777964
16.879952  4085.707946
17.047075  4115.984797
17.214198  4141.155338
17.381321  4162.184034
17.548444  4179.086470
17.715567  4192.397723
17.882690  4202.743896
18.049813  4210.618917
18.216936  4215.492826
18.384059  4217.962540
18.551182  4218.425972
18.718305  4216.957515
18.885428  4213.295479
19.052551  4207.869211
19.219674  4200.527855
19.386797  4191.194154
19.553920  4179.908891
19.721043  4166.455469
19.888166  4150.531261
20.055289  4132.320323
20.222412  4111.554014
20.389535  4088.476318
20.556658  4062.425396
20.723781  4033.990794
20.890904  4002.838744
21.058027  3968.733075
21.225150  3932.676603
21.392273  3894.209756
21.559396  3853.704121
21.726519  3811.552303
21.893642  3768.029471
22.060765  3723.278518
22.227888  3677.970424
22.395011  3632.215379
22.562134  3586.523867
22.729257  3540.652005
22.896380  3495.815098
23.063503  3451.717061
23.230626  3408.919875
23.397749  3367.298560
23.564872  3327.556814
23.731995  3289.208727
23.899118  3252.900697
