0.000205  20934.283779
0.167328  20711.368789
0.334451  20503.318922
0.501574  20310.275457
0.668697  20132.268030
0.835820  19969.178275
1.002943  19820.677912
1.170066  19686.169200
1.337189  19564.755773
1.504312  19455.248861
1.671435  19356.223453
1.838558  19266.131367
2.005681  19183.424797
2.172804  19106.652711
2.339927  19034.519085
2.507050  18965.907097
2.674173  18899.869630
2.841296  18835.598010
3.008419  18772.383514
3.175542  18709.586874
3.342665  18646.627781
3.509788  18582.984500
3.676911  18518.205774
3.844034  18451.930360
4.011157  18383.905585
4.178280  18313.977500
4.345403  18242.055721
4.512526  18168.087613
4.679649  18092.048075
4.846772  18013.937222
5.013895  17933.780297
5.181018  17851.632395
5.348141  17767.580922
5.515264  17681.753476
5.682387  17594.339305
5.849510  17505.619919
6.016633  17415.981063
6.183756  17325.875199
6.350879  17235.781264
6.518002  17146.206640
6.685125  17057.696064
6.852248  16970.791732
7.019371  16885.980061
7.186494  16803.657739
7.353617  16724.121964
7.520740  16647.584122
7.687863  16574.185729
7.854986  16504.012090
8.022109  16437.102295
8.189232  16373.463272
8.356355  16313.091819
8.523478  16256.005158
8.690601  16202.269894
8.857723  16152.019376
9.024846  16105.449513
9.191969  16062.794437
9.359092  16024.305937
9.526215  15990.255074
9.693338  15960.956579
9.860461  15936.790667
10.027584  15918.216728
10.194707  15905.772940
10.361830  15900.082079
10.528953  15901.869435
10.696076  15911.981412
10.863199  15931.385009
11.030322  15961.135646
11.197445  16002.357381
11.364568  16056.269473
11.531691  16124.194903
11.698814  16207.539601
11.865937  16307.766989
12.033060  16426.435310
12.200183  16565.257597
12.367306  16726.147821
12.534429  16911.215912
12.701552  17122.737544
12.868675  17363.062644
13.035798  17634.387015
13.202921  17938.398357
13.370044  18275.797069
13.537167  18645.862804
13.704290  19046.216305
13.871413  19472.918943
14.038536  19920.863982
14.205659  20384.272714
14.372782  20857.168474
14.539905  21333.713485
14.707028  21808.431522
14.874151  22276.349758
15.041274  22733.092640
15.208397  23174.916539
15.375520  23598.703496
15.542643  24001.928207
15.709766  24382.631877
15.876889  24739.387511
16.044012  25071.273961
16.211135  25377.846521
16.378258  25659.093802
16.545381  25915.378533
16.712504  26147.366156
16.879627  26355.953828
17.046750  26542.210023
17.213873  26707.327154
17.380996  26852.565041
17.548119  26979.188696
17.715242  27088.405014
17.882365  27181.302684
18.049488  27258.795285
18.216611  27321.565181
18.383734  27370.034792
18.550857  27404.362299
18.717980  27424.475151
18.885103  27430.098146
19.052226  27420.780826
19.219349  27395.918976
19.386472  27354.822475
19.553595  27296.791375
19.720718  27221.135240
19.887841  27127.169730
20.054964  27014.279697
20.222087  26882.072926
20.389210  26730.443101
20.556332  26559.481293
20.723455  26369.440159
20.890578  26160.774349
21.057701  25934.212216
21.224824  25690.792358
21.391947  25431.862587
21.559070  25159.055907
21.726193  24874.257351
21.893316  24579.548720
22.060439  24277.139650
22.227562  23969.317603
22.394685  23658.428306
22.561808  23346.825238
22.728931  23036.815044
22.896054  22730.603598
23.063177  22430.244080
23.230300  22137.626658
23.397423  21854.488791
23.564546  21582.413378
23.731669  21322.781152
23.898792  21076.686382
