0.000533  2291.842435
0.167656  2267.733664
0.334779  2245.308345
0.501902  2224.541866
0.669025  2205.408181
0.836148  2187.850925
1.003271  2171.804480
1.170394  2157.180584
1.337517  2143.853446
1.504640  2131.670386
1.671763  2120.449155
1.838886  2110.002222
2.006009  2100.146182
2.173132  2090.708734
2.340255  2081.532752
2.507378  2072.485390
2.674501  2063.460832
2.841624  2054.375419
3.008747  2045.164616
3.175870  2035.772029
3.342993  2026.149465
3.510116  2016.261273
3.677239  2006.082545
3.844362  1995.595823
4.011485  1984.804534
4.178608  1973.726144
4.345731  1962.381617
4.512854  1950.797883
4.679977  1939.023385
4.847100  1927.109878
5.014223  1915.029747
5.181346  1902.796522
5.348469  1890.422459
5.515592  1877.926365
5.682715  1865.329160
5.849838  1852.660397
6.016961  1839.968412
6.184084  1827.305378
6.351207  1814.701791
6.518330  1802.187151
6.685453  1789.803946
6.852576  1777.593503
7.019699  1765.586805
7.186822  1753.802008
7.353945  1742.240889
7.521068  1730.900256
7.688191  1719.774988
7.855314  1708.859532
8.022437  1698.147268
8.189560  1687.632691
8.356682  1677.311906
8.523805  1667.189309
8.690928  1657.282285
8.858051  1647.624061
9.025174  1638.260296
9.192297  1629.241808
9.359420  1620.619455
9.526543  1612.448652
9.693666  1604.789099
9.860789  1597.715941
10.027912  1591.307235
10.195035  1585.650231
10.362158  1580.840482
10.529281  1576.985939
10.696404  1574.206029
10.863527  1572.630146
11.030650  1572.400043
11.197773  1573.664851
11.364896  1576.622261
11.532019  1581.458079
11.699142  1588.316685
11.866265  1597.380026
12.033388  1608.831864
12.200511  1622.885253
12.367634  1639.783663
12.534757  1659.805486
12.701880  1683.280623
12.869003  1710.587325
13.036126  1742.166318
13.203249  1778.515895
13.370372  1819.966819
13.537495  1866.541466
13.704618  1917.834214
13.871741  1973.051623
14.038864  2031.263034
14.205987  2091.506497
14.373110  2152.870973
14.540233  2214.525359
14.707356  2275.735915
14.874479  2335.868245
15.041602  2394.386083
15.208725  2450.842923
15.375848  2504.873482
15.542971  2556.183063
15.710094  2604.544741
15.877217  2649.793293
16.044340  2691.820920
16.211463  2730.576731
16.378586  2766.057781
16.545709  2798.309144
16.712832  2827.401408
16.879955  2853.437191
17.047078  2876.548358
17.214201  2896.895148
17.381324  2914.658305
17.548447  2930.025866
17.715570  2943.190867
17.882693  2954.344800
18.049816  2963.663339
18.216939  2971.299498
18.384062  2977.373481
18.551185  2981.970015
18.718308  2985.135504
18.885431  2986.878310
19.052554  2987.176238
19.219677  2985.971465
19.386800  2983.165943
19.553923  2978.649379
19.721046  2972.306728
19.888169  2964.014331
20.055292  2953.634496
20.222415  2941.056576
20.389538  2926.218266
20.556661  2909.070983
20.723784  2889.593350
20.890907  2867.807168
21.058030  2843.775630
21.225153  2817.614581
21.392276  2789.491224
21.559399  2759.611107
21.726522  2728.221014
21.893645  2695.597631
22.060768  2662.035281
22.227891  2627.820134
22.395014  2593.179546
22.562137  2558.400360
22.729260  2523.794721
22.896383  2489.659533
23.063506  2456.245564
23.230628  2423.785006
23.397751  2392.494878
23.564874  2362.560764
23.731997  2334.128192
23.899120  2307.303802
