0.000846  6763.045500
0.167969  6703.499314
0.335092  6646.797348
0.502215  6592.880157
0.669338  6541.717574
0.836461  6493.303156
1.003584  6447.652456
1.170707  6404.763007
1.337830  6364.588906
1.504953  6327.016136
1.672076  6291.839213
1.839199  6258.793880
2.006322  6227.596669
2.173445  6197.918596
2.340568  6169.423594
2.507691  6141.813177
2.674814  6114.819771
2.841937  6088.206205
3.009060  6061.773072
3.176183  6035.353431
3.343306  6008.800485
3.510429  5981.974045
3.677552  5954.757491
3.844675  5927.088088
4.011798  5898.964039
4.178921  5870.461001
4.346044  5841.696280
4.513167  5812.816737
4.680290  5783.953177
4.847413  5755.192768
5.014536  5726.586959
5.181659  5698.167176
5.348781  5669.953563
5.515904  5641.974157
5.683027  5614.260507
5.850150  5586.855945
6.017273  5559.824525
6.184396  5533.233415
6.351519  5507.148288
6.518642  5481.650706
6.685765  5456.847542
6.852888  5432.831219
7.020011  5409.648625
7.187134  5387.301217
7.354257  5365.750895
7.521380  5344.950176
7.688503  5324.853297
7.855626  5305.418665
8.022749  5286.612636
8.189872  5268.396160
8.356995  5250.723502
8.524118  5233.574549
8.691241  5216.977482
8.858364  5200.995839
9.025487  5185.722853
9.192610  5171.269325
9.359733  5157.739605
9.526856  5145.239194
9.693979  5133.888330
9.861102  5123.833553
10.028225  5115.255668
10.195348  5108.354881
10.362471  5103.350870
10.529594  5100.505384
10.696717  5100.123238
10.863840  5102.546781
11.030963  5108.121399
11.198086  5117.200880
11.365209  5130.154567
11.532332  5147.370288
11.699455  5169.228687
11.866578  5196.100441
12.033701  5228.406768
12.200824  5266.713844
12.367947  5311.767551
12.535070  5364.457171
12.702193  5425.723286
12.869316  5496.416665
13.036439  5577.153737
13.203562  5668.169103
13.370685  5769.235919
13.537808  5879.542131
13.704931  5997.690868
13.872054  6121.958718
14.039177  6250.600732
14.206300  6382.051758
14.373423  6515.003050
14.540546  6648.363188
14.707669  6781.213210
14.874792  6912.702425
15.041915  7041.993411
15.209037  7168.227325
15.376160  7290.583560
15.543283  7408.251552
15.710406  7520.478192
15.877529  7626.565151
16.044652  7725.895901
16.211775  7818.018315
16.378898  7902.638781
16.546021  7979.632017
16.713144  8049.032819
16.880267  8111.035192
17.047390  8165.987702
17.214513  8214.309454
17.381636  8256.457958
17.548759  8292.847213
17.715882  8323.838207
17.883005  8349.721491
18.050128  8370.725097
18.217251  8387.032978
18.384374  8398.784759
18.551497  8406.096907
18.718620  8409.065718
18.885743  8407.783762
19.052866  8402.340078
19.219989  8392.777598
19.387112  8379.099505
19.554235  8361.280220
19.721358  8339.289673
19.888481  8313.067668
20.055604  8282.550841
20.222727  8247.715468
20.389850  8208.582253
20.556973  8165.216030
20.724096  8117.666983
20.891219  8065.993076
21.058342  8010.282020
21.225465  7950.671971
21.392588  7887.384395
21.559711  7820.705304
21.726834  7751.012754
21.893957  7678.757935
22.061080  7604.428162
22.228203  7528.593248
22.395326  7451.798265
22.562449  7374.605957
22.729572  7297.598497
22.896695  7221.322921
23.063818  7146.237888
23.230941  7072.723862
23.398064  7001.099199
23.565187  6931.677660
23.732310  6864.762942
23.899433  6800.590893
