0.000533  2227.814890
0.167656  2209.088883
0.334779  2191.894902
0.501902  2176.086254
0.669025  2161.558821
0.836148  2148.216768
1.003271  2135.951051
1.170394  2124.682667
1.337517  2114.314625
1.504640  2104.747700
1.671763  2095.873879
1.838886  2087.580756
2.006009  2079.752578
2.173132  2072.285853
2.340255  2065.085641
2.507378  2058.060073
2.674501  2051.139843
2.841624  2044.273009
3.008747  2037.434355
3.175870  2030.606624
3.342993  2023.767056
3.510116  2016.891680
3.677239  2009.957992
3.844362  2002.933802
4.011485  1995.795799
4.178608  1988.526589
4.345731  1981.098013
4.512854  1973.471513
4.679977  1965.616935
4.847100  1957.485805
5.014223  1948.968571
5.181346  1939.982259
5.348469  1930.445828
5.515592  1920.299932
5.682715  1909.493285
5.849838  1897.984282
6.016961  1885.764901
6.184084  1872.830350
6.351207  1859.190528
6.518330  1844.897617
6.685453  1830.026873
6.852576  1814.653811
7.019699  1798.855750
7.186822  1782.713837
7.353945  1766.311049
7.521068  1749.739576
7.688191  1733.102557
7.855314  1716.511020
8.022437  1700.080225
8.189560  1683.925138
8.356683  1668.156692
8.523806  1652.890221
8.690929  1638.242431
8.858052  1624.330395
9.025175  1611.266460
9.192298  1599.145333
9.359421  1588.046223
9.526543  1578.034081
9.693666  1569.164298
9.860789  1561.491007
10.027912  1555.061326
10.195035  1549.919345
10.362158  1546.102456
10.529281  1543.651741
10.696404  1542.625597
10.863527  1543.087982
11.030650  1545.094495
11.197773  1548.705753
11.364896  1554.029547
11.532019  1561.196667
11.699142  1570.297646
11.866265  1581.450000
12.033388  1594.790114
12.200511  1610.489029
12.367634  1628.740655
12.534757  1649.780852
12.701880  1673.923706
12.869003  1701.527273
13.036126  1732.915145
13.203249  1768.310910
13.370372  1807.696076
13.537495  1850.864735
13.704618  1897.432396
13.871741  1946.880395
14.038864  1998.729938
14.205987  2052.549039
14.373110  2107.944765
14.540233  2164.554107
14.707356  2222.053610
14.874479  2280.143709
15.041602  2338.548615
15.208725  2397.018676
15.375848  2455.318386
15.542971  2513.218761
15.710094  2570.493819
15.877217  2626.915646
16.044340  2682.250018
16.211463  2736.255984
16.378586  2788.686176
16.545709  2839.278199
16.712832  2887.754288
16.879955  2933.822193
17.047078  2977.182724
17.214201  3017.541332
17.381324  3054.607937
17.548447  3088.097869
17.715570  3117.736819
17.882693  3143.274481
18.049816  3164.490149
18.216939  3181.200515
18.384062  3193.262979
18.551185  3200.580696
18.718308  3203.107244
18.885431  3200.840822
19.052554  3193.849392
19.219677  3182.266773
19.386800  3166.251745
19.553923  3146.004775
19.721046  3121.790726
19.888169  3093.927833
20.055292  3062.791036
20.222415  3028.760691
20.389538  2992.210916
20.556661  2953.547242
20.723784  2913.174311
20.890907  2871.490122
21.058030  2828.890711
21.225153  2785.768330
21.392276  2742.510776
21.559399  2699.485145
21.726522  2657.022971
21.893645  2615.428855
22.060768  2574.978695
22.227891  2535.905480
22.395014  2498.314516
22.562137  2462.328163
22.729260  2428.064980
22.896383  2395.625510
23.063506  2365.052153
23.230629  2336.355236
23.397752  2309.524539
23.564875  2284.540930
23.731998  2261.375379
23.899121  2239.975679
