0.000531  2296.609962
0.167654  2272.145446
0.334777  2249.057117
0.501900  2227.288134
0.669023  2206.862751
0.836146  2187.736749
1.003269  2169.905863
1.170392  2153.339145
1.337515  2137.986449
1.504638  2123.719740
1.671761  2110.423806
1.838884  2098.021215
2.006007  2086.262416
2.173130  2075.057326
2.340253  2064.273482
2.507376  2053.715691
2.674499  2043.235769
2.841622  2032.757232
3.008745  2022.199629
3.175868  2011.445454
3.342991  2000.481271
3.510114  1989.270142
3.677237  1977.731321
3.844360  1965.834218
4.011482  1953.621541
4.178605  1941.160801
4.345728  1928.477210
4.512851  1915.686230
4.679974  1902.933989
4.847097  1890.338520
5.014220  1877.856277
5.181343  1865.548545
5.348466  1853.447861
5.515589  1841.602453
5.682712  1830.042017
5.849835  1818.805779
6.016958  1807.944684
6.184081  1797.557891
6.351204  1787.621740
6.518327  1778.089556
6.685450  1768.990226
6.852573  1760.416335
7.019696  1752.307216
7.186819  1744.622045
7.353942  1737.273645
7.521065  1730.160957
7.688188  1723.226849
7.855311  1716.429881
8.022434  1709.700567
8.189557  1702.978456
8.356680  1696.223770
8.523803  1689.352627
8.690926  1682.377583
8.858049  1675.341993
9.025172  1668.308631
9.192295  1661.329387
9.359418  1654.459071
9.526541  1647.778839
9.693664  1641.359194
9.860787  1635.289656
10.027910  1629.673958
10.195033  1624.626536
10.362156  1620.252300
10.529279  1616.693100
10.696402  1614.113056
10.863525  1612.678053
11.030648  1612.551256
11.197771  1613.912195
11.364894  1616.988511
11.532017  1622.039876
11.699140  1629.172721
11.866263  1638.519399
12.033386  1650.285321
12.200509  1664.676118
12.367632  1681.941806
12.534755  1702.460410
12.701878  1726.697798
12.869001  1755.171596
13.036124  1788.341890
13.203247  1826.858048
13.370370  1870.952354
13.537493  1920.314197
13.704616  1974.163423
13.871739  2031.294084
14.038862  2090.671540
14.205985  2151.276441
14.373108  2212.394257
14.540231  2273.504969
14.707354  2334.188506
14.874477  2393.982396
15.041600  2452.453335
15.208723  2509.193152
15.375846  2563.729499
15.542969  2615.646717
15.710092  2664.595962
15.877215  2710.207111
16.044338  2752.208902
16.211461  2790.373693
16.378584  2824.523655
16.545707  2854.520338
16.712830  2880.353753
16.879953  2902.214146
17.047076  2920.250116
17.214199  2934.717454
17.381322  2946.019815
17.548445  2954.520856
17.715568  2960.589345
17.882691  2964.620408
18.049814  2966.971859
18.216937  2967.929068
18.384060  2967.766459
18.551183  2966.688842
18.718306  2964.823251
18.885428  2962.228194
19.052551  2958.938802
19.219674  2954.903875
19.386797  2949.980500
19.553920  2944.027616
19.721043  2936.904033
19.888166  2928.392610
20.055289  2918.290221
20.222412  2906.435310
20.389535  2892.726395
20.556658  2877.047397
20.723781  2859.325849
20.890904  2839.513917
21.058027  2817.647068
21.225150  2793.783479
21.392273  2768.022447
21.559396  2740.522755
21.726519  2711.540744
21.893642  2681.350972
22.060765  2650.255686
22.227888  2618.514989
22.395011  2586.257042
22.562134  2553.713493
22.729257  2521.152543
22.896380  2488.913802
23.063503  2457.163794
23.230626  2426.089706
23.397749  2395.918537
23.564872  2366.768911
23.731995  2338.788686
23.899118  2312.134340
