0.000532  6013.686075
0.167655  5955.065788
0.334778  5900.569269
0.501901  5850.128182
0.669024  5803.667296
0.836147  5761.048198
1.003270  5722.105434
1.170393  5686.610340
1.337516  5654.246776
1.504639  5624.632630
1.671762  5597.319509
1.838885  5571.845520
2.006008  5547.766357
2.173131  5524.669347
2.340254  5502.183445
2.507377  5480.001189
2.674500  5457.876349
2.841623  5435.612657
3.008746  5413.053478
3.175869  5390.060635
3.342992  5366.514784
3.510115  5342.322506
3.677238  5317.407879
3.844361  5291.711811
4.011484  5265.212860
4.178607  5237.914358
4.345730  5209.825095
4.512853  5180.960542
4.679976  5151.361122
4.847099  5121.050394
5.014222  5089.966336
5.181345  5058.110729
5.348468  5025.487505
5.515591  4992.113275
5.682714  4958.018674
5.849837  4923.261303
6.016960  4887.946530
6.184083  4852.203198
6.351206  4816.126605
6.518329  4779.813950
6.685452  4743.391692
6.852575  4706.993683
7.019698  4670.741087
7.186821  4634.734207
7.353944  4599.050544
7.521067  4563.760625
7.688190  4528.931593
7.855313  4494.628655
8.022436  4460.912179
8.189559  4427.845522
8.356682  4395.494062
8.523805  4363.934389
8.690928  4333.264909
8.858051  4303.611802
9.025174  4275.124326
9.192297  4247.961577
9.359420  4222.280840
9.526543  4198.245690
9.693666  4176.026223
9.860789  4155.814417
10.027912  4137.814493
10.195035  4122.241311
10.362158  4109.324134
10.529281  4099.311020
10.696404  4092.469902
10.863526  4089.088888
11.030649  4089.471882
11.197772  4093.930259
11.364895  4102.839490
11.532018  4116.596046
11.699141  4135.547958
11.866264  4160.085827
12.033387  4190.615181
12.200510  4227.602574
12.367633  4271.580642
12.534756  4323.141739
12.701879  4382.964211
12.869002  4451.815297
13.036125  4530.570580
13.203248  4620.203910
13.370371  4721.427025
13.537494  4834.397695
13.704617  4958.500945
13.871740  5092.327713
14.038863  5234.052228
14.205986  5381.676587
14.373109  5533.221372
14.540232  5686.820205
14.707355  5840.779561
14.874478  5993.598785
15.041601  6143.976615
15.208724  6290.803293
15.375847  6433.143462
15.542970  6570.216361
15.710093  6701.386008
15.877216  6826.147778
16.044339  6944.116573
16.211462  7055.024315
16.378585  7158.700666
16.545708  7255.064381
16.712831  7344.087173
16.879954  7425.798201
17.047077  7500.273213
17.214200  7567.631751
17.381323  7628.027107
17.548446  7681.624747
17.715569  7728.603132
17.882692  7769.143129
18.049815  7803.410268
18.216938  7831.548626
18.384061  7853.670684
18.551184  7869.857180
18.718307  7880.162390
18.885430  7884.618644
19.052553  7883.250405
19.219676  7876.060378
19.386799  7863.023473
19.553922  7844.138880
19.721045  7819.420937
19.888168  7788.876887
20.055291  7752.468314
20.222414  7710.232777
20.389537  7662.329934
20.556660  7608.904442
20.723783  7550.139032
20.890906  7486.277966
21.058029  7417.630044
21.225152  7344.589655
21.392275  7267.630826
21.559398  7187.293668
21.726521  7104.189116
21.893644  7018.965872
22.060767  6932.282178
22.227890  6844.756622
22.395013  6756.941668
22.562136  6669.491516
22.729259  6583.083982
22.896382  6498.341319
23.063505  6415.794268
23.230628  6335.931962
23.397751  6259.207514
23.564874  6186.007541
23.731997  6116.635136
23.899120  6051.302257
