0.000532  4688.247325
0.167655  4649.541465
0.334778  4613.979524
0.501901  4581.306378
0.669024  4551.325783
0.836147  4523.844228
1.003270  4498.659915
1.170393  4475.601824
1.337516  4454.467595
1.504639  4435.046318
1.671762  4417.106257
1.838885  4400.406709
2.006008  4384.706500
2.173131  4369.783067
2.340254  4355.427731
2.507377  4341.449035
2.674500  4327.690155
2.841623  4314.022522
3.008746  4300.358720
3.175869  4286.623701
3.342992  4272.738125
3.510115  4258.626299
3.677238  4244.215124
3.844361  4229.421753
4.011484  4214.182906
4.178607  4198.450029
4.345730  4182.162359
4.512853  4165.247457
4.679976  4147.640598
4.847099  4129.242775
5.014222  4109.897397
5.181345  4089.489821
5.348468  4067.912722
5.515591  4045.091868
5.682714  4020.968699
5.849837  3995.502737
6.016960  3968.706887
6.184083  3940.608751
6.351206  3911.248991
6.518329  3880.724654
6.685452  3849.167163
6.852575  3816.708474
7.019698  3783.481255
7.186821  3749.622143
7.353944  3715.272600
7.521067  3680.590746
7.688190  3645.752910
7.855313  3610.950595
8.022436  3576.385310
8.189559  3542.264536
8.356682  3508.794971
8.523805  3476.194700
8.690928  3444.690552
8.858051  3414.516247
9.025174  3385.905945
9.192297  3359.074182
9.359420  3334.216257
9.526543  3311.509365
9.693666  3291.118095
9.860789  3273.205677
10.027912  3257.926828
10.195035  3245.426831
10.362158  3235.838522
10.529281  3229.293417
10.696404  3225.940095
10.863527  3225.929241
11.030650  3229.387320
11.197773  3236.432638
11.364896  3247.235418
11.532019  3262.011316
11.699142  3280.927309
11.866265  3304.168848
12.033388  3331.945729
12.200511  3364.520996
12.367634  3402.200006
12.534757  3445.346770
12.701880  3494.428960
12.869003  3549.977422
13.036126  3612.499221
13.203249  3682.426400
13.370372  3759.915034
13.537495  3844.863594
13.704618  3936.903583
13.871741  4035.397375
14.038864  4139.655252
14.205987  4248.970783
14.373110  4362.630287
14.540232  4479.912549
14.707355  4600.112521
14.874478  4722.526508
15.041601  4846.459487
15.208724  4971.234617
15.375847  5096.180837
15.542970  5220.627272
15.710093  5343.905486
15.877216  5465.347858
16.044339  5584.286302
16.211462  5700.059116
16.378585  5812.014960
16.545708  5919.503931
16.712831  6021.880243
16.879954  6118.508111
17.047077  6208.770486
17.214200  6292.088499
17.381323  6367.923735
17.548446  6435.776350
17.715569  6495.194221
17.882692  6545.788713
18.049815  6587.243583
18.216938  6619.319537
18.384061  6641.860938
18.551184  6654.797265
18.718307  6658.148563
18.885430  6652.016462
19.052553  6636.616613
19.219676  6612.266304
19.386799  6579.324164
19.553922  6538.225025
19.721045  6489.498470
19.888168  6433.756600
20.055291  6371.705515
20.222414  6304.057674
20.389537  6231.506727
20.556660  6154.798161
20.723783  6074.680471
20.890906  5991.896020
21.058029  5907.191433
21.225152  5821.310087
21.392275  5734.986980
21.559398  5648.925669
21.726521  5563.776540
21.893644  5480.136391
22.060767  5398.543951
22.227890  5319.446028
22.395013  5243.119267
22.562136  5169.861167
22.729259  5099.947108
22.896382  5033.594828
23.063505  4970.920838
23.230628  4911.980564
23.397751  4856.788342
23.564874  4805.326599
23.731997  4757.550421
23.899120  4713.366877
