0.000205  20064.949842
0.167328  19895.669831
0.334451  19741.338329
0.501574  19600.725464
0.668697  19472.695454
0.835820  19356.236224
1.002943  19250.451083
1.170066  19154.531646
1.337189  19067.729307
1.504312  18989.327457
1.671435  18918.604209
1.838558  18854.822257
2.005681  18797.239645
2.172804  18745.134558
2.339927  18697.823499
2.507050  18654.675834
2.674173  18615.117749
2.841296  18578.635546
3.008419  18544.765948
3.175542  18513.067627
3.342665  18483.090558
3.509788  18454.347866
3.676911  18426.309692
3.844034  18398.413091
4.011157  18370.081132
4.178280  18340.723621
4.345403  18309.726755
4.512526  18276.447303
4.679649  18240.218303
4.846772  18200.369460
5.013895  18156.254175
5.181018  18107.284775
5.348141  18052.954549
5.515264  17992.859012
5.682387  17926.700240
5.849510  17854.292110
6.016633  17775.564435
6.183756  17690.558935
6.350879  17599.447188
6.518002  17502.549797
6.685125  17400.307742
6.852248  17293.232133
7.019371  17181.885681
7.186494  17066.891299
7.353617  16948.945012
7.520740  16828.827680
7.687863  16707.407038
7.854986  16585.627400
8.022109  16464.490929
8.189232  16345.038183
8.356355  16228.339317
8.523478  16115.489701
8.690601  16007.601389
8.857724  15905.789571
9.024847  15811.148350
9.191970  15724.722611
9.359093  15647.486017
9.526216  15580.338100
9.693339  15524.113759
9.860462  15479.588492
10.027585  15447.473101
10.194707  15428.399180
10.361830  15422.919929
10.528953  15431.530464
10.696076  15454.678567
10.863199  15492.739490
11.030322  15545.997825
11.197445  15614.683979
11.364568  15699.029104
11.531691  15799.279306
11.698814  15915.674237
11.865937  16048.439492
12.033060  16197.848659
12.200183  16364.304169
12.367306  16548.406789
12.534429  16750.966128
12.701552  16972.950685
12.868675  17215.367637
13.035798  17479.134790
13.202921  17765.042464
13.370044  18073.723160
13.537167  18405.643239
13.704290  18761.060290
13.871413  19139.929388
14.038536  19541.823843
14.205659  19965.896299
14.372782  20410.877499
14.539905  20875.079240
14.707028  21356.421315
14.874151  21852.473258
15.041274  22360.518082
15.208397  22877.606756
15.375520  23400.598399
15.542643  23926.188308
15.709766  24450.953332
15.876889  24971.383358
16.044012  25483.916719
16.211135  25984.972459
16.378258  26470.984492
16.545381  26938.431752
16.712504  27383.853330
16.879627  27803.881407
17.046750  28195.271382
17.213873  28554.952464
17.380996  28880.057392
17.548119  29167.953633
17.715242  29416.280486
17.882365  29622.991953
18.049488  29786.411604
18.216611  29905.258201
18.383734  29978.676837
18.550857  30006.244190
18.717980  29987.990409
18.885103  29924.409780
19.052226  29816.460136
19.219349  29665.526867
19.386472  29473.373746
19.553595  29242.161314
19.720718  28974.491576
19.887841  28673.439139
20.054964  28342.438887
20.222087  27985.041158
20.389210  27604.814568
20.556333  27205.454180
20.723456  26790.827686
20.890579  26364.918817
21.057702  25931.725615
21.224825  25495.170359
21.391948  25059.040744
21.559071  24626.920797
21.726194  24202.117741
21.893316  23787.601185
22.060439  23385.953973
22.227562  22999.353493
22.394685  22629.591528
22.561808  22278.067896
22.728931  21945.800813
22.896054  21633.451690
23.063177  21341.337846
23.230300  21069.456917
23.397423  20817.525077
23.564546  20585.037782
23.731669  20371.309740
23.898792  20175.482170
