0.000849  1713.264061
0.167972  1696.173454
0.335095  1679.735387
0.502218  1663.926795
0.669341  1648.739077
0.836464  1634.186491
1.003587  1620.297285
1.170710  1607.110508
1.337833  1594.664930
1.504956  1582.992963
1.672079  1572.098070
1.839202  1561.948738
2.006325  1552.480277
2.173448  1543.606365
2.340571  1535.212730
2.507694  1527.168453
2.674816  1519.353710
2.841939  1511.678569
3.009062  1504.071253
3.176185  1496.468640
3.343308  1488.808491
3.510431  1481.032774
3.677554  1473.089470
3.844677  1464.935033
4.011800  1456.567315
4.178923  1448.025341
4.346046  1439.373346
4.513169  1430.704352
4.680292  1422.125386
4.847415  1413.725740
5.014538  1405.567103
5.181661  1397.689662
5.348784  1390.132097
5.515907  1382.940715
5.683030  1376.164720
5.850153  1369.853057
6.017276  1364.048040
6.184399  1358.773800
6.351522  1354.045645
6.518645  1349.893909
6.685768  1346.361726
6.852891  1343.472430
7.020014  1341.202784
7.187137  1339.484235
7.354260  1338.230254
7.521383  1337.341923
7.688506  1336.733051
7.855629  1336.327849
8.022752  1336.055465
8.189875  1335.847169
8.356998  1335.643839
8.524121  1335.402039
8.691244  1335.109995
8.858367  1334.777624
9.025490  1334.424107
9.192613  1334.062749
9.359736  1333.697239
9.526859  1333.333030
9.693982  1332.980998
9.861105  1332.672753
10.028228  1332.446005
10.195351  1332.343432
10.362474  1332.410918
10.529597  1332.713122
10.696720  1333.347412
10.863843  1334.437292
11.030966  1336.105179
11.198089  1338.487922
11.365212  1341.732188
11.532335  1345.984649
11.699458  1351.373974
11.866581  1358.019153
12.033704  1366.069986
12.200827  1375.757335
12.367949  1387.420835
12.535072  1401.515597
12.702195  1418.537536
12.869318  1438.916612
13.036441  1462.881140
13.203564  1490.361849
13.370687  1520.953723
13.537810  1553.903800
13.704933  1588.257293
13.872056  1623.078807
14.039179  1657.639627
14.206302  1691.425693
14.373425  1724.154150
14.540548  1755.730354
14.707671  1786.096788
14.874794  1815.191995
15.041917  1842.907298
15.209040  1869.112756
15.376163  1893.630344
15.543286  1916.283721
15.710409  1936.897766
15.877532  1955.302477
16.044655  1971.365735
16.211778  1984.995082
16.378901  1996.163653
16.546024  2004.905482
16.713147  2011.310925
16.880270  2015.555608
17.047393  2017.884362
17.214516  2018.580035
17.381639  2017.969736
17.548762  2016.382855
17.715885  2014.161002
17.883008  2011.634219
18.050131  2009.122639
18.217254  2006.913051
18.384377  2005.250472
18.551500  2004.310931
18.718623  2004.190269
18.885746  2004.915569
19.052869  2006.442663
19.219992  2008.649377
19.387115  2011.322408
19.554238  2014.199369
19.721361  2016.984672
19.888484  2019.366599
20.055607  2021.040424
20.222730  2021.733110
20.389853  2021.230125
20.556976  2019.347257
20.724099  2015.951758
20.891222  2010.931152
21.058345  2004.215649
21.225468  1995.777536
21.392591  1985.628151
21.559714  1973.830604
21.726837  1960.505676
21.893960  1945.787013
22.061082  1929.862039
22.228205  1912.905612
22.395328  1895.096554
22.562451  1876.583429
22.729574  1857.566235
22.896697  1838.227591
23.063820  1818.737922
23.230943  1799.241405
23.398066  1779.870924
23.565189  1760.768451
23.732312  1742.085415
23.899435  1723.958394
