0.000845  21648.391418
0.167968  21445.028309
0.335090  21247.325414
0.502213  21055.151145
0.669336  20868.846702
0.836459  20689.203184
1.003582  20517.300594
1.170705  20354.163365
1.337828  20200.553583
1.504951  20056.755173
1.672074  19922.351944
1.839197  19796.400798
2.006320  19677.711087
2.173443  19564.782631
2.340566  19456.090353
2.507689  19350.316630
2.674812  19246.412120
2.841935  19143.572447
3.009058  19041.293491
3.176181  18939.252776
3.343304  18837.196803
3.510427  18734.861520
3.677550  18632.042983
3.844673  18528.741321
4.011796  18425.253054
4.178919  18322.254792
4.346042  18220.515688
4.513165  18120.880220
4.680288  18024.057869
4.847411  17930.466230
5.014534  17840.247625
5.181657  17753.401160
5.348780  17669.910265
5.515903  17589.840922
5.683026  17513.307686
5.850149  17440.513815
6.017272  17371.790346
6.184395  17307.470523
6.351518  17247.863402
6.518641  17193.420601
6.685764  17144.765666
6.852887  17102.346834
7.020010  17066.146293
7.187133  17035.712974
7.354256  17010.290048
7.521379  16989.043283
7.688502  16971.214838
7.855625  16956.169140
8.022748  16943.419464
8.189871  16932.568040
8.356994  16923.300410
8.524117  16915.509643
8.691240  16909.405282
8.858363  16905.368841
9.025486  16903.832707
9.192609  16905.114379
9.359732  16909.315206
9.526855  16916.385622
9.693978  16926.215017
9.861100  16938.733710
10.028223  16953.988006
10.195346  16971.957303
10.362469  16992.651769
10.529592  17016.323755
10.696715  17043.556720
10.863838  17075.238362
11.030961  17112.316897
11.198084  17155.866373
11.365207  17207.254575
11.532330  17268.212405
11.699453  17340.619930
11.866576  17426.424129
12.033699  17528.046003
12.200822  17648.986609
12.367945  17794.034955
12.535068  17968.901119
12.702191  18179.335257
12.869314  18429.851006
13.036437  18722.543344
13.203560  19056.274908
13.370683  19426.645295
13.537806  19825.692832
13.704929  20242.476274
13.872052  20665.219754
14.039175  21083.468815
14.206298  21489.326870
14.373421  21877.781802
14.540544  22246.273567
14.707667  22594.073096
14.874790  22921.246539
15.041913  23228.226015
15.209036  23515.368302
15.376159  23782.899379
15.543282  24030.625840
15.710405  24257.999150
15.877528  24464.166298
16.044651  24648.116089
16.211774  24809.394918
16.378897  24948.086892
16.546020  25064.957545
16.713143  25161.378656
16.880266  25239.254791
17.047389  25301.010302
17.214512  25349.243825
17.381635  25386.624827
17.548758  25415.593920
17.715881  25438.405639
17.883004  25457.025350
18.050127  25473.115412
18.217250  25488.054317
18.384373  25502.805824
18.551496  25517.923269
18.718619  25533.565797
18.885742  25549.607687
19.052865  25565.629969
19.219988  25580.635681
19.387111  25593.064824
19.554234  25600.953970
19.721356  25602.087003
19.888479  25593.883809
20.055602  25573.798104
20.222725  25540.040043
20.389848  25491.726766
20.556971  25428.575635
20.724094  25350.275686
20.891217  25256.492188
21.058340  25146.990221
21.225463  25021.749529
21.392586  24881.128571
21.559709  24725.764869
21.726832  24556.585677
21.893955  24374.763164
22.061078  24181.543825
22.228201  23978.606341
22.395324  23767.490341
22.562447  23549.912309
22.729570  23327.878529
22.896693  23103.297645
23.063816  22877.665659
23.230939  22652.133618
23.398062  22427.706553
23.565185  22205.676128
23.732308  21987.573702
23.899431  21774.707475
