0.000530  10096.489968
0.167653  9995.741568
0.334776  9901.020092
0.501899  9811.684756
0.669022  9728.219853
0.836145  9649.910927
1.003268  9577.093508
1.170391  9509.694031
1.337514  9447.233065
1.504636  9389.743397
1.671759  9336.501114
1.838882  9286.534442
2.006005  9239.987557
2.173128  9195.679697
2.340251  9152.898911
2.507374  9111.160673
2.674497  9070.118733
2.841620  9028.972474
3.008743  8987.401096
3.175866  8945.158232
3.342989  8902.161742
3.510112  8857.987139
3.677235  8812.300148
3.844358  8765.053402
4.011481  8716.442985
4.178604  8666.456835
4.345727  8615.114925
4.512850  8563.223084
4.679973  8510.900863
4.847096  8458.418114
5.014219  8405.708259
5.181342  8352.980258
5.348465  8300.117759
5.515588  8247.126266
5.682711  8194.243008
5.849834  8141.448625
6.016957  8088.974646
6.184080  8036.851202
6.351203  7985.153330
6.518326  7934.230092
6.685449  7884.230697
6.852572  7835.040177
7.019695  7786.980793
7.186818  7740.047244
7.353941  7694.151893
7.521064  7649.268153
7.688187  7605.327900
7.855310  7562.215642
8.022433  7519.969988
8.189556  7478.642624
8.356679  7438.096803
8.523802  7398.490859
8.690925  7359.813676
8.858048  7322.283742
9.025171  7286.151147
9.192294  7251.618825
9.359417  7218.941202
9.526540  7188.301205
9.693663  7159.879804
9.860786  7133.986168
10.027909  7110.991283
10.195032  7091.244966
10.362155  7075.125751
10.529278  7063.062406
10.696401  7055.635630
10.863524  7053.444040
11.030647  7057.069752
11.197770  7067.055639
11.364893  7084.143817
11.532016  7109.302850
11.699139  7143.001170
11.866262  7185.878910
12.033385  7238.583771
12.200508  7302.191196
12.367631  7378.092613
12.534754  7467.842892
12.701877  7573.356855
12.869000  7696.596982
13.036123  7839.467628
13.203246  8003.454469
13.370369  8188.813770
13.537492  8394.210999
13.704615  8616.494114
13.871738  8850.636180
14.038861  9091.653004
14.205984  9336.461610
14.373107  9582.303561
14.540230  9827.013702
14.707353  10069.136049
14.874476  10307.454925
15.041599  10540.390370
15.208722  10766.933594
15.375845  10985.562647
15.542968  11194.929939
15.710091  11394.315390
15.877214  11581.937718
16.044337  11757.537692
16.211459  11919.526365
16.378582  12068.267531
16.545705  12203.871015
16.712828  12326.057791
16.879951  12435.170202
17.047074  12531.914153
17.214197  12617.290830
17.381320  12692.263515
17.548443  12757.343129
17.715566  12813.172548
17.882689  12860.380460
18.049812  12899.413976
18.216935  12930.402527
18.384058  12953.639612
18.551181  12969.580968
18.718304  12978.264605
18.885427  12979.677948
19.052550  12974.322616
19.219673  12962.152710
19.386796  12942.865679
19.553919  12916.398467
19.721042  12882.801237
19.888165  12841.599290
20.055288  12792.299725
20.222411  12734.581443
20.389534  12668.609663
20.556657  12594.219006
20.723780  12511.745347
20.890903  12421.062243
21.058026  12322.366870
21.225149  12216.067259
21.392272  12102.667019
21.559395  11982.767080
21.726518  11857.265512
21.893641  11727.137214
22.060764  11593.510610
22.227887  11457.422604
22.395010  11319.188211
22.562133  11179.937571
22.729256  11041.136201
22.896379  10903.933789
23.063502  10769.215178
23.230625  10637.895142
23.397748  10510.754597
23.564871  10388.361665
23.731994  10271.551675
23.899117  10160.781262
