0.000208  1852.690470
0.167331  1835.838269
0.334454  1820.250339
0.501577  1805.831026
0.668700  1792.496730
0.835823  1780.179570
1.002946  1768.821798
1.170069  1758.372256
1.337192  1748.781690
1.504315  1739.999098
1.671438  1731.965150
1.838561  1724.611207
2.005684  1717.861387
2.172807  1711.639545
2.339929  1705.873304
2.507052  1700.499263
2.674175  1695.466688
2.841298  1690.740694
3.008421  1686.300448
3.175544  1682.131308
3.342667  1678.217932
3.509790  1674.537991
3.676913  1671.063344
3.844036  1667.761502
4.011159  1664.597934
4.178282  1661.534561
4.345405  1658.528222
4.512528  1655.529279
4.679651  1652.477943
4.846774  1649.299515
5.013897  1645.903264
5.181020  1642.192198
5.348143  1638.073896
5.515266  1633.469479
5.682389  1628.314159
5.849512  1622.556920
6.016635  1616.161033
6.183758  1609.105374
6.350881  1601.395886
6.518004  1593.073634
6.685127  1584.203365
6.852250  1574.856786
7.019373  1565.107568
7.186496  1555.033789
7.353619  1544.719621
7.520742  1534.257758
7.687865  1523.749875
7.854988  1513.305274
8.022111  1503.037424
8.189234  1493.059867
8.356357  1483.485732
8.523480  1474.427746
8.690603  1465.996360
8.857726  1458.295648
9.024849  1451.416818
9.191972  1445.431848
9.359095  1440.392006
9.526218  1436.330294
9.693341  1433.267394
9.860464  1431.215701
10.027587  1430.180706
10.194710  1430.160148
10.361833  1431.147850
10.528956  1433.145625
10.696079  1436.168904
10.863202  1440.241445
11.030325  1445.392211
11.197448  1451.664438
11.364571  1459.125922
11.531694  1467.860020
11.698817  1477.956888
11.865940  1489.513340
12.033063  1502.652601
12.200186  1517.537301
12.367309  1534.381815
12.534432  1553.447731
12.701555  1575.020985
12.868678  1599.361247
13.035801  1626.624647
13.202924  1656.814441
13.370047  1689.757932
13.537170  1725.145751
13.704293  1762.597418
13.871415  1801.711224
14.038538  1842.107888
14.205661  1883.454375
14.372784  1925.475763
14.539907  1967.944426
14.707030  2010.670300
14.874153  2053.492227
15.041276  2096.275489
15.208399  2138.907148
15.375522  2181.288548
15.542645  2223.324310
15.709768  2264.919124
15.876891  2305.967528
16.044014  2346.348886
16.211137  2385.923017
16.378260  2424.529637
16.545383  2461.988978
16.712506  2498.096216
16.879629  2532.623941
17.046752  2565.324099
17.213875  2595.937888
17.380998  2624.196161
17.548121  2649.822484
17.715244  2672.540194
17.882367  2692.081895
18.049490  2708.205129
18.216613  2720.694562
18.383736  2729.369596
18.550859  2734.086137
18.717982  2734.746721
18.885105  2731.306569
19.052228  2723.779414
19.219351  2712.234090
19.386474  2696.782687
19.553597  2677.588716
19.720720  2654.874598
19.887843  2628.926921
20.054966  2600.078273
20.222089  2568.678682
20.389212  2535.084728
20.556335  2499.662576
20.723458  2462.789371
20.890581  2424.846515
21.057704  2386.211467
21.224827  2347.248349
21.391950  2308.304309
21.559073  2269.703933
21.726196  2231.743631
21.893319  2194.686206
22.060442  2158.750893
22.227565  2124.113383
22.394688  2090.916039
22.561811  2059.254352
22.728934  2029.187838
22.896057  2000.749734
23.063180  1973.949206
23.230303  1948.773207
23.397426  1925.189119
23.564549  1903.157187
23.731672  1882.634384
23.898795  1863.571307
