0.000537  3045.638638
0.167660  3012.876302
0.334783  2982.315094
0.501906  2953.958130
0.669029  2927.794561
0.836152  2903.795466
1.003275  2881.906515
1.170398  2862.039586
1.337521  2844.066111
1.504644  2827.815938
1.671767  2813.084526
1.838890  2799.649299
2.006013  2787.286801
2.173136  2775.786257
2.340259  2764.958810
2.507382  2754.643177
2.674505  2744.705080
2.841628  2735.032450
3.008751  2725.529172
3.175874  2716.109407
3.342997  2706.695750
3.510120  2697.218849
3.677243  2687.619900
3.844366  2677.854621
4.011489  2667.897481
4.178612  2657.740831
4.345735  2647.389225
4.512858  2636.853484
4.679981  2626.144830
4.847104  2615.270742
5.014227  2604.234384
5.181350  2593.038691
5.348473  2581.689460
5.515596  2570.198347
5.682719  2558.586190
5.849842  2546.886845
6.016965  2535.147927
6.184088  2523.424051
6.351211  2511.772075
6.518334  2500.252788
6.685457  2488.932387
6.852580  2477.874184
7.019703  2467.129998
7.186826  2456.735514
7.353949  2446.709933
7.521072  2437.060326
7.688195  2427.785583
7.855318  2418.879778
8.022440  2410.334002
8.189563  2402.138455
8.356686  2394.286083
8.523809  2386.777534
8.690932  2379.625151
8.858055  2372.854729
9.025178  2366.502944
9.192301  2360.611744
9.359424  2355.224138
9.526547  2350.384391
9.693670  2346.142789
9.860793  2342.559250
10.027916  2339.705675
10.195039  2337.665515
10.362162  2336.535319
10.529285  2336.428718
10.696408  2337.480283
10.863531  2339.846062
11.030654  2343.699140
11.197777  2349.225526
11.364900  2356.626688
11.532023  2366.116391
11.699146  2377.916180
11.866269  2392.252954
12.033392  2409.371210
12.200515  2429.547069
12.367638  2453.097679
12.534761  2480.377875
12.701884  2511.775142
12.869007  2547.699727
13.036130  2588.551495
13.203253  2634.651937
13.370376  2686.133799
13.537499  2742.852799
13.704622  2804.355483
13.871745  2869.920834
14.038868  2938.656238
14.205991  3009.597620
14.373114  3081.792414
14.540237  3154.346124
14.707360  3226.446085
14.874483  3297.372633
15.041606  3366.504913
15.208729  3433.317605
15.375852  3497.374476
15.542975  3558.318610
15.710098  3615.867799
15.877221  3669.807629
16.044344  3719.988100
16.211467  3766.320424
16.378590  3808.772412
16.545713  3847.361630
16.712836  3882.146119
16.879959  3913.216526
17.047082  3940.690166
17.214205  3964.708645
17.381328  3985.432016
17.548451  4003.031733
17.715574  4017.683446
17.882697  4029.559780
18.049820  4038.822943
18.216943  4045.613612
18.384066  4050.044522
18.551189  4052.195217
18.718312  4052.114940
18.885435  4049.822237
19.052558  4045.306328
19.219681  4038.525428
19.386804  4029.414619
19.553927  4017.897977
19.721050  4003.894139
19.888173  3987.319577
20.055296  3968.096157
20.222419  3946.166979
20.389542  3921.505919
20.556665  3894.112938
20.723788  3864.015587
20.890911  3831.276328
21.058034  3796.001682
21.225157  3758.345518
21.392280  3718.509721
21.559403  3676.740934
21.726526  3633.326058
21.893649  3588.582798
22.060772  3542.844577
22.227895  3496.450524
22.395018  3449.745944
22.562141  3403.074749
22.729264  3356.771645
22.896386  3311.155734
23.063509  3266.522120
23.230632  3223.140512
23.397755  3181.255214
23.564878  3141.083710
23.732001  3102.811341
23.899124  3066.582807
