0.000530  4677.831162
0.167653  4638.165451
0.334776  4600.997458
0.501899  4566.197543
0.669022  4534.049525
0.836145  4503.440414
1.003268  4475.101939
1.170391  4448.815871
1.337514  4424.176087
1.504637  4401.289920
1.671760  4379.874129
1.838883  4359.652460
2.006006  4341.292065
2.173129  4323.490185
2.340252  4306.784132
2.507375  4290.708476
2.674498  4275.113375
2.841621  4259.504381
3.008744  4244.635483
3.175867  4229.468212
3.342990  4214.192666
3.510113  4198.279909
3.677236  4182.214572
3.844359  4165.810932
4.011482  4148.802355
4.178605  4131.055737
4.345728  4112.714769
4.512851  4094.303345
4.679974  4075.532500
4.847097  4056.119916
5.014220  4036.401316
5.181343  4016.557910
5.348466  3996.052610
5.515589  3975.000112
5.682712  3953.879402
5.849835  3931.141134
6.016958  3908.432054
6.184081  3885.023538
6.351204  3860.885222
6.518327  3836.272110
6.685450  3810.897804
6.852573  3785.438478
7.019696  3759.455938
7.186819  3732.666711
7.353942  3706.120355
7.521065  3679.323853
7.688188  3652.149316
7.855311  3625.082582
8.022434  3598.231804
8.189557  3571.686243
8.356680  3545.295191
8.523803  3519.256029
8.690926  3493.934338
8.858049  3469.534553
9.025172  3446.022609
9.192295  3423.546277
9.359418  3402.428913
9.526541  3383.095574
9.693664  3365.752579
9.860786  3350.589434
10.027909  3337.774564
10.195032  3327.396318
10.362155  3319.613856
10.529278  3314.536008
10.696401  3312.465601
10.863524  3313.576553
11.030647  3317.935691
11.197770  3325.767463
11.364893  3337.332927
11.532016  3353.138098
11.699139  3373.338778
11.866262  3397.809654
12.033385  3426.876963
12.200508  3460.875410
12.367631  3500.027856
12.534754  3545.598595
12.701877  3597.205590
12.869000  3655.967843
13.036123  3722.967396
13.203246  3798.184938
13.370369  3881.774046
13.537492  3972.645471
13.704615  4070.359631
13.871738  4172.386037
14.038861  4278.844276
14.205984  4388.532116
14.373107  4501.408346
14.540230  4617.907095
14.707353  4735.820765
14.874476  4855.607723
15.041599  4976.675175
15.208722  5099.147468
15.375845  5221.762222
15.542968  5343.783958
15.710091  5465.808940
15.877214  5584.762481
16.044337  5700.657336
16.211460  5812.743724
16.378583  5919.945719
16.545706  6020.548312
16.712829  6115.673724
16.879952  6202.824913
17.047075  6283.056464
17.214198  6354.887837
17.381321  6418.932540
17.548444  6474.508909
17.715567  6521.532354
17.882690  6560.301540
18.049813  6590.905243
18.216936  6612.075752
18.384059  6624.329728
18.551182  6628.065458
18.718305  6623.334699
18.885428  6609.753229
19.052551  6588.244950
19.219674  6559.002953
19.386797  6522.320560
19.553920  6478.822678
19.721043  6428.867672
19.888166  6372.685622
20.055289  6311.335202
20.222412  6245.143153
20.389535  6175.120178
20.556658  6100.964504
20.723781  6024.313507
20.890904  5945.166882
21.058027  5863.760772
21.225150  5781.954318
21.392273  5699.364668
21.559396  5616.857004
21.726519  5535.160770
21.893642  5454.679088
22.060765  5375.719441
22.227888  5299.257147
22.395011  5225.260974
22.562134  5154.228700
22.729257  5085.696011
22.896380  5020.984783
23.063503  4959.500094
23.230626  4901.706138
23.397749  4847.078725
23.564872  4796.156430
23.731995  4748.146769
23.899118  4703.538284
