0.000530  13110.906359
0.167652  13002.925233
0.334775  12903.164363
0.501898  12809.890701
0.669021  12723.134033
0.836144  12641.743563
1.003267  12565.599775
1.170390  12494.629204
1.337513  12428.349568
1.504636  12367.134826
1.671759  12310.691284
1.838882  12258.360327
2.006005  12210.677026
2.173128  12166.508503
2.340251  12125.236035
2.507374  12086.260662
2.674497  12049.082062
2.841620  12012.495945
3.008743  11976.066848
3.175866  11939.566213
3.342989  11902.878909
3.510112  11865.248264
3.677235  11826.114944
3.844358  11785.263178
4.011481  11742.847806
4.178604  11698.700182
4.345727  11652.704059
4.512850  11605.946395
4.679973  11558.415489
4.847096  11510.109481
5.014219  11460.448933
5.181342  11409.330539
5.348465  11356.275727
5.515588  11301.287800
5.682711  11244.790741
5.849834  11186.696569
6.016957  11127.321143
6.184080  11066.302239
6.351203  11003.575554
6.518326  10939.952491
6.685449  10875.703303
6.852572  10810.349593
7.019695  10744.315216
7.186818  10677.495960
7.353941  10609.834573
7.521064  10541.416991
7.688187  10472.322426
7.855310  10402.641706
8.022433  10332.730294
8.189556  10263.027436
8.356679  10193.726040
8.523802  10125.557279
8.690925  10058.901375
8.858048  9994.430887
9.025171  9932.950436
9.192294  9875.026678
9.359417  9821.303284
9.526540  9772.372195
9.693663  9728.698605
9.860786  9690.964309
10.027909  9659.774357
10.195032  9635.607314
10.362155  9618.922662
10.529278  9610.092538
10.696401  9609.806678
10.863524  9618.753642
11.030647  9637.278114
11.197770  9665.687804
11.364893  9704.714254
11.532016  9755.674482
11.699139  9818.787464
11.866262  9894.292011
12.033385  9982.554903
12.200508  10084.562257
12.367631  10201.526934
12.534754  10334.895187
12.701877  10487.088046
12.869000  10660.635963
13.036123  10857.025480
13.203246  11076.407227
13.370369  11317.326308
13.537492  11577.853151
13.704615  11855.433339
13.871738  12145.814326
14.038861  12445.567753
14.205984  12753.553345
14.373107  13068.418313
14.540230  13388.919299
14.707353  13714.319622
14.874475  14043.737150
15.041598  14375.858139
15.208721  14709.706419
15.375844  15043.415516
15.542967  15375.023555
15.710090  15702.912461
15.877213  16023.800666
16.044336  16335.931605
16.211459  16635.321946
16.378582  16920.540976
16.545705  17189.685562
16.712828  17440.119889
16.879951  17669.816873
17.047074  17877.913820
17.214197  18063.910838
17.381320  18227.651630
17.548443  18368.442868
17.715566  18486.036689
17.882689  18580.469259
18.049812  18651.773801
18.216935  18699.657761
18.384058  18724.403444
18.551181  18726.722700
18.718304  18706.837135
18.885427  18664.862031
19.052550  18602.015020
19.219673  18519.147783
19.386796  18416.549362
19.553919  18294.845975
19.721042  18155.131235
19.888165  17997.891291
20.055288  17823.935636
20.222411  17634.249097
20.389534  17430.553802
20.556657  17214.502306
20.723780  16988.704190
20.890903  16754.938782
21.058026  16515.381174
21.225149  16272.279667
21.392272  16027.845383
21.559395  15784.148811
21.726518  15543.236668
21.893641  15307.025612
22.060764  15077.495724
22.227887  14856.320305
22.395010  14643.305489
22.562133  14439.207794
22.729256  14245.070202
22.896379  14061.634763
23.063502  13889.121781
23.230625  13727.503470
23.397748  13576.291630
23.564871  13434.816951
23.731994  13303.120105
23.899117  13180.882814
