0.000850  21551.894695
0.167973  21364.049815
0.335096  21186.857463
0.502219  21020.436793
0.669342  20864.827406
0.836465  20719.960120
1.003588  20585.606130
1.170711  20461.328075
1.337834  20346.454096
1.504957  20240.080770
1.672080  20141.116744
1.839203  20048.371385
2.006326  19960.653626
2.173449  19876.849781
2.340572  19795.971736
2.507695  19717.177813
2.674818  19639.766726
2.841941  19563.151873
3.009064  19486.829597
3.176187  19410.352448
3.343310  19333.318323
3.510433  19255.367727
3.677556  19176.191329
3.844679  19095.544421
4.011802  19013.260210
4.178925  18929.241932
4.346048  18843.434136
4.513171  18755.803876
4.680294  18666.334753
4.847417  18575.027291
5.014540  18481.902418
5.181663  18387.010326
5.348786  18290.435597
5.515909  18192.303647
5.683032  18092.796182
5.850155  17992.173502
6.017278  17890.782370
6.184401  17789.023369
6.351524  17687.317863
6.518647  17586.109255
6.685770  17485.871940
6.852893  17387.079279
7.020016  17290.162267
7.187139  17195.483037
7.354262  17103.327255
7.521385  17013.916253
7.688508  16927.418939
7.855631  16843.962110
8.022754  16763.637178
8.189877  16686.510100
8.357000  16612.637912
8.524122  16542.092766
8.691245  16474.984848
8.858368  16411.476529
9.025491  16351.778880
9.192614  16296.131666
9.359737  16244.787618
9.526860  16198.013973
9.693983  16156.113270
9.861106  16119.441256
10.028229  16088.419032
10.195352  16063.532798
10.362475  16045.339167
10.529598  16034.480107
10.696721  16031.697858
10.863844  16037.835434
11.030967  16053.814120
11.198090  16080.617427
11.365213  16119.313973
11.532336  16171.058978
11.699459  16237.074541
11.866582  16318.625128
12.033705  16417.046985
12.200828  16533.793929
12.367951  16670.472739
12.535074  16828.835582
12.702197  17010.751090
12.869320  17218.129234
13.036443  17452.740876
13.203566  17715.948159
13.370689  18008.326364
13.537812  18329.310895
13.704935  18676.979929
13.872058  19048.105944
14.039181  19438.460635
14.206304  19843.216732
14.373427  20257.347620
14.540550  20675.915691
14.707673  21094.264626
14.874796  21508.145271
15.041919  21913.800199
15.209042  22307.996478
15.376165  22688.024387
15.543288  23051.672098
15.710411  23397.207208
15.877534  23723.348597
16.044657  24029.246013
16.211780  24314.454627
16.378903  24578.897078
16.546026  24822.811645
16.713149  25046.691308
16.880272  25251.221991
17.047395  25437.231987
17.214518  25605.651570
17.381641  25757.465328
17.548764  25893.659477
17.715887  26015.168059
17.883010  26122.823114
18.050133  26217.308500
18.217255  26299.115565
18.384378  26368.523035
18.551501  26425.595035
18.718624  26470.212142
18.885747  26502.093982
19.052870  26520.825229
19.219993  26525.872563
19.387116  26516.642110
19.554239  26492.538418
19.721362  26452.973882
19.888485  26397.359346
20.055608  26325.163865
20.222731  26236.065512
20.389854  26130.010106
20.556977  26007.115751
20.724100  25867.630548
20.891223  25711.965346
21.058346  25540.756920
21.225469  25354.897987
21.392592  25155.532916
21.559715  24944.032636
21.726838  24721.963095
21.893961  24491.034388
22.061084  24253.040531
22.228207  24009.819000
22.395330  23763.238896
22.562453  23515.163381
22.729576  23267.407011
22.896699  23021.697221
23.063822  22779.634894
23.230945  22542.689037
23.398068  22312.207570
23.565191  22089.418235
23.732314  21875.394144
23.899437  21670.986504
