0.000534  8134.472683
0.167657  8060.117571
0.334780  7991.084395
0.501903  7926.946697
0.669026  7867.330114
0.836149  7811.928503
1.003272  7760.510591
1.170395  7712.896206
1.337518  7668.944802
1.504641  7628.539443
1.671764  7591.525973
1.838887  7557.704066
2.006010  7526.842924
2.173133  7498.637707
2.340256  7472.734214
2.507379  7448.779691
2.674502  7426.428521
2.841625  7405.365862
3.008748  7385.325174
3.175871  7366.077449
3.342994  7347.400551
3.510117  7329.061835
3.677240  7310.833977
3.844363  7292.533035
4.011486  7274.028253
4.178609  7255.261954
4.345732  7236.206110
4.512855  7216.845611
4.679978  7197.139253
4.847101  7176.987159
5.014224  7156.242965
5.181347  7134.749286
5.348470  7112.373280
5.515593  7089.034636
5.682716  7064.676485
5.849839  7039.254368
6.016962  7012.734299
6.184085  6985.084754
6.351208  6956.311450
6.518331  6926.505871
6.685454  6895.817212
6.852577  6864.371586
7.019700  6832.251010
7.186823  6799.525941
7.353946  6766.275348
7.521069  6732.620844
7.688192  6698.727713
7.855315  6664.801637
8.022438  6631.077325
8.189561  6597.796887
8.356684  6565.202089
8.523807  6533.564402
8.690930  6503.209213
8.858053  6474.486403
9.025176  6447.754687
9.192299  6423.365435
9.359422  6401.641080
9.526545  6382.889368
9.693668  6367.408765
9.860791  6355.496843
10.027914  6347.448076
10.195037  6343.525698
10.362160  6343.966238
10.529283  6349.021973
10.696406  6358.973805
10.863529  6374.093233
11.030652  6394.603665
11.197775  6420.723476
11.364898  6452.711538
11.532021  6490.856841
11.699144  6535.420992
11.866267  6586.625838
12.033390  6644.735538
12.200512  6710.180895
12.367635  6783.628637
12.534758  6865.973315
12.701881  6958.209164
12.869004  7061.162473
13.036127  7175.252914
13.203250  7300.402270
13.370373  7436.131564
13.537496  7581.605937
13.704619  7735.737742
13.871742  7897.430132
14.038865  8065.753804
14.205988  8239.945876
14.373111  8419.372668
14.540234  8603.451014
14.707357  8791.594965
14.874480  8983.116415
15.041603  9177.189717
15.208726  9372.823039
15.375849  9568.936183
15.542972  9764.305467
15.710095  9957.613988
15.877218  10147.451955
16.044341  10332.332557
16.211464  10510.826573
16.378587  10681.556488
16.545710  10843.248385
16.712833  10994.755936
16.879956  11135.099332
17.047079  11263.505040
17.214202  11379.318604
17.381325  11481.998675
17.548448  11571.031144
17.715571  11645.937550
17.882694  11706.276203
18.049817  11751.681952
18.216940  11781.907194
18.384063  11796.832164
18.551186  11796.482989
18.718309  11781.016737
18.885432  11750.756309
19.052555  11706.209372
19.219678  11647.995464
19.386801  11576.781914
19.553924  11493.279548
19.721047  11398.311771
19.888170  11292.805383
20.055293  11177.758449
20.222416  11054.214205
20.389539  10923.213417
20.556662  10785.868747
20.723785  10643.285148
20.890908  10496.567434
21.058031  10346.793724
21.225154  10195.007577
21.392277  10042.267520
21.559400  9889.593145
21.726523  9737.991599
21.893646  9588.420866
22.060769  9441.760874
22.227892  9298.880165
22.395015  9160.488760
22.562138  9027.206957
22.729261  8899.587564
22.896384  8778.060546
23.063507  8662.886327
23.230630  8554.157131
23.397753  8451.830087
23.564876  8355.821269
23.731999  8266.042056
23.899122  8182.362022
