0.000532  19580.816753
0.167655  19392.704041
0.334778  19217.777913
0.501901  19055.980076
0.669024  18907.213384
0.836146  18771.163849
1.003269  18647.387217
1.170392  18535.184610
1.337515  18433.526228
1.504638  18341.129142
1.671761  18256.463590
1.838884  18177.932167
2.006007  18103.990148
2.173130  18033.200820
2.340253  17964.270622
2.507376  17896.110900
2.674499  17827.826962
2.841622  17758.685354
3.008745  17688.077368
3.175868  17615.463677
3.342991  17540.375703
3.510114  17462.436828
3.677237  17381.337826
3.844360  17296.840360
4.011483  17208.835654
4.178606  17117.306758
4.345729  17022.268472
4.512852  16923.761411
4.679975  16821.899744
4.847098  16716.824775
5.014221  16608.505012
5.181344  16497.064114
5.348467  16382.657575
5.515590  16265.479057
5.682713  16145.760855
5.849836  16023.820040
6.016959  15900.109139
6.184082  15775.147767
6.351205  15649.348780
6.518328  15523.125916
6.685451  15396.969982
6.852574  15271.379654
7.019697  15146.795543
7.186820  15023.581168
7.353943  14902.014914
7.521066  14782.328147
7.688189  14664.722085
7.855312  14549.370624
8.022435  14436.411993
8.189558  14325.979371
8.356681  14218.201330
8.523804  14113.231898
8.690927  14011.289073
8.858050  13912.677733
9.025173  13817.780522
9.192296  13727.022286
9.359419  13640.837135
9.526542  13559.693598
9.693665  13484.093891
9.860788  13414.624324
10.027911  13351.923662
10.195034  13296.677489
10.362157  13249.627900
10.529280  13211.587146
10.696403  13183.439089
10.863526  13166.154409
11.030649  13160.759482
11.197772  13168.313846
11.364895  13190.065106
11.532018  13227.332203
11.699141  13281.390997
11.866264  13353.629898
12.033387  13445.458080
12.200510  13558.465658
12.367633  13694.440723
12.534756  13855.337339
12.701879  14043.328253
12.869002  14260.783636
13.036125  14510.251876
13.203248  14794.341259
13.370371  15114.810912
13.537494  15471.837881
13.704617  15863.396060
13.871740  16285.191276
14.038863  16731.546282
14.205986  17196.102071
14.373109  17672.410043
14.540232  18154.255096
14.707355  18635.902515
14.874478  19112.208958
15.041601  19578.691411
15.208724  20031.547159
15.375847  20467.623467
15.542970  20884.373544
15.710092  21279.831762
15.877215  21652.574009
16.044338  22001.681433
16.211461  22326.727969
16.378584  22627.715478
16.545707  22905.028658
16.712830  23159.315607
16.879953  23391.459921
17.047076  23602.521300
17.214199  23793.693899
17.381322  23966.245620
17.548445  24121.421020
17.715568  24260.404263
17.882691  24384.253896
18.049814  24493.822923
18.216937  24589.726620
18.384060  24672.301872
18.551183  24741.613110
18.718306  24797.486393
18.885429  24839.555909
19.052552  24867.328097
19.219675  24880.165247
19.386798  24877.299293
19.553921  24858.022111
19.721044  24821.668973
19.888167  24767.549345
20.055290  24694.807258
20.222413  24602.934534
20.389536  24491.967199
20.556659  24361.921740
20.723782  24212.985657
20.890905  24045.596668
21.058028  23860.465105
21.225151  23658.644007
21.392274  23441.507300
21.559397  23210.710504
21.726520  22968.189442
21.893643  22716.041958
22.060766  22456.429547
22.227889  22191.456729
22.395012  21923.125430
22.562135  21653.708005
22.729258  21385.537481
22.896381  21120.787750
23.063504  20861.373677
23.230627  20609.076360
23.397750  20365.570491
23.564873  20132.350444
23.731996  19910.663649
23.899119  19701.433784
