0.000530  9736.356704
0.167653  9657.618945
0.334776  9585.014593
0.501899  9517.441609
0.669022  9454.873637
0.836145  9396.446963
1.003268  9342.037466
1.170391  9291.461607
1.337514  9244.291743
1.504637  9200.649940
1.671760  9160.219390
1.838883  9122.464996
2.006006  9087.716485
2.173129  9055.197187
2.340252  9024.492229
2.507374  8995.239578
2.674497  8967.145612
2.841620  8939.446802
3.008743  8911.840305
3.175866  8884.135809
3.342989  8856.248798
3.510112  8827.683019
3.677235  8798.043517
3.844358  8767.176497
4.011481  8735.151655
4.178604  8701.809993
4.345727  8667.009356
4.512850  8631.392486
4.679973  8594.798088
4.847096  8557.157613
5.014219  8518.211035
5.181342  8477.913296
5.348465  8435.943163
5.515588  8392.216825
5.682711  8346.930610
5.849834  8299.965328
6.016957  8251.452993
6.184080  8201.166056
6.351203  8149.118267
6.518326  8095.818339
6.685449  8041.428876
6.852572  7985.702761
7.019695  7928.999428
7.186818  7871.365790
7.353941  7812.896596
7.521064  7753.778141
7.688187  7694.178959
7.855310  7634.267261
8.022433  7574.380345
8.189556  7514.894901
8.356679  7456.017276
8.523802  7398.268115
8.690925  7341.952966
8.858048  7287.551001
9.025171  7235.593483
9.192294  7186.506485
9.359417  7140.759235
9.526540  7098.767018
9.693663  7060.891427
9.860786  7027.604684
10.027909  6999.352698
10.195032  6976.524497
10.362155  6959.487368
10.529278  6948.578438
10.696401  6944.288996
10.863524  6947.095443
11.030647  6957.286971
11.197770  6975.105298
11.364893  7000.974345
11.532016  7035.622509
11.699139  7079.264037
11.866262  7132.105452
12.033385  7194.397656
12.200508  7266.729666
12.367631  7349.828770
12.534754  7444.549137
12.701877  7552.263322
12.869000  7674.462690
13.036123  7812.228048
13.203246  7965.950165
13.370369  8135.123048
13.537492  8318.854961
13.704615  8515.862822
13.871738  8723.883807
14.038861  8940.927467
14.205984  9166.321644
14.373107  9399.104456
14.540230  9638.327867
14.707353  9883.274642
14.874476  10133.064821
15.041599  10386.452320
15.208722  10642.402587
15.375845  10899.294562
15.542968  11155.469344
15.710091  11409.564829
15.877214  11659.172084
16.044337  11902.957127
16.211460  12138.164699
16.378583  12363.674029
16.545706  12578.055620
16.712829  12779.351255
16.879952  12966.013548
17.047075  13137.142649
17.214198  13292.070372
17.381320  13430.306267
17.548443  13550.996411
17.715566  13653.577931
17.882689  13737.708269
18.049812  13803.069357
18.216935  13849.188833
18.384058  13876.069611
18.551181  13884.094511
18.718304  13873.435507
18.885427  13844.336668
19.052550  13797.828858
19.219673  13734.730354
19.386796  13655.649784
19.553919  13561.500879
19.721042  13453.518687
19.888165  13332.588974
20.055288  13199.869803
20.222411  13056.522592
20.389534  12903.963897
20.556657  12743.433875
20.723780  12576.704289
20.890903  12404.958402
21.058026  12229.645338
21.225149  12052.236757
21.392272  11874.160531
21.559395  11696.763246
21.726518  11521.397462
21.893641  11349.295500
22.060764  11181.729002
22.227887  11019.773958
22.395010  10863.534616
22.562133  10713.653726
22.729256  10570.891391
22.896379  10435.786981
23.063502  10308.536331
23.230625  10189.234847
23.397748  10077.704729
23.564871  9973.600339
23.731994  9876.930324
23.899117  9787.443196
