0.000530  6016.381469
0.167653  5956.178008
0.334776  5899.579719
0.501899  5846.265987
0.669022  5796.433222
0.836145  5749.698873
1.003268  5706.188205
1.170391  5665.835004
1.337514  5628.370377
1.504637  5593.789522
1.671760  5561.704760
1.838883  5531.596224
2.006006  5503.515647
2.173129  5476.835357
2.340252  5451.134206
2.507375  5426.123564
2.674498  5401.568373
2.841621  5377.013075
3.008744  5352.248374
3.175867  5327.115661
3.342990  5301.502909
3.510113  5275.162933
3.677236  5247.920154
3.844359  5219.730698
4.011482  5190.679116
4.178605  5160.776382
4.345728  5130.087152
4.512851  5099.040021
4.679974  5067.776622
4.847097  5036.468678
5.014220  5005.080054
5.181343  4973.735544
5.348466  4942.386910
5.515589  4911.044691
5.682712  4879.827381
5.849835  4848.721986
6.016957  4817.848073
6.184080  4787.218447
6.351203  4756.862308
6.518326  4726.958200
6.685449  4697.583524
6.852572  4668.668082
7.019695  4640.387355
7.186818  4612.734031
7.353941  4585.659455
7.521064  4559.150548
7.688187  4533.163823
7.855310  4507.629846
8.022433  4482.555003
8.189556  4457.947885
8.356679  4433.719426
8.523802  4409.943402
8.690925  4386.607200
8.858048  4363.827727
9.025171  4341.760086
9.192294  4320.546695
9.359417  4300.357065
9.526540  4281.328352
9.693663  4263.596241
9.860786  4247.370488
10.027909  4232.890944
10.195032  4220.384220
10.362155  4210.109534
10.529278  4202.346490
10.696401  4197.457319
10.863524  4195.815772
11.030647  4197.785066
11.197770  4203.697526
11.364893  4213.999302
11.532016  4229.252648
11.699139  4249.717497
11.866262  4275.739412
12.033385  4307.668217
12.200508  4346.085871
12.367631  4391.752213
12.534754  4445.517215
12.701877  4508.459923
12.869000  4581.730229
13.036123  4666.511087
13.203246  4763.799804
13.370369  4873.892483
13.537492  4996.115101
13.704615  5128.715906
13.871738  5268.837944
14.038861  5413.656508
14.205984  5561.397990
14.373107  5710.510416
14.540230  5859.761695
14.707353  6008.267453
14.874476  6155.253463
15.041599  6299.726960
15.208722  6440.920538
15.375845  6577.805798
15.542968  6709.425690
15.710091  6835.130435
15.877214  6953.801541
16.044337  7065.057300
16.211460  7167.907371
16.378583  7262.355073
16.545706  7348.320567
16.712829  7425.587775
16.879952  7494.274097
17.047075  7554.808452
17.214198  7607.812203
17.381321  7653.913098
17.548444  7693.535883
17.715567  7727.151958
17.882690  7755.179167
18.049813  7777.910404
18.216936  7795.453432
18.384059  7807.960253
18.551182  7815.654767
18.718305  7818.559551
18.885428  7816.677455
19.052551  7810.268638
19.219674  7799.367242
19.386797  7783.869694
19.553920  7763.803113
19.721043  7739.252326
19.888166  7710.086731
20.055289  7676.157793
20.222412  7637.377369
20.389535  7593.863698
20.556658  7545.569627
20.723781  7492.665132
20.890903  7435.099588
21.058026  7372.955137
21.225149  7306.442407
21.392272  7235.840094
21.559395  7161.492660
21.726518  7083.902056
21.893641  7003.667003
22.060764  6921.497131
22.227887  6838.026768
22.395010  6753.497710
22.562133  6668.616927
22.729256  6584.276876
22.896379  6501.157762
23.063502  6419.794983
23.230625  6340.706431
23.397748  6264.325068
23.564871  6190.975929
23.731994  6121.068108
23.899117  6054.805785
