0.000529  18320.272675
0.167652  18169.278413
0.334775  18030.494648
0.501898  17901.016041
0.669021  17780.691887
0.836144  17667.754752
1.003267  17561.868555
1.170390  17462.954962
1.337513  17370.356290
1.504636  17284.800481
1.671759  17206.090673
1.838882  17133.444297
2.006005  17067.847763
2.173128  17007.653565
2.340251  16952.010563
2.507374  16900.016573
2.674497  16850.882995
2.841620  16802.677953
3.008743  16754.699109
3.175866  16706.647417
3.342989  16658.342903
3.510112  16608.550524
3.677235  16556.450968
3.844358  16501.798519
4.011481  16444.971026
4.178604  16385.861191
4.345727  16324.562681
4.512850  16263.087677
4.679973  16201.694321
4.847096  16140.416101
5.014219  16078.109222
5.181342  16014.623208
5.348465  15949.275035
5.515588  15882.267612
5.682711  15814.503531
5.849834  15746.045861
6.016957  15677.577115
6.184080  15608.490464
6.351203  15538.619332
6.518326  15469.210195
6.685449  15400.485629
6.852572  15331.325460
7.019695  15262.165696
7.186818  15192.487651
7.353941  15121.885447
7.521064  15050.183553
7.688187  14977.190828
7.855310  14902.743552
8.022433  14827.118847
8.189556  14750.764369
8.356679  14673.780122
8.523802  14597.214780
8.690925  14521.465828
8.858048  14447.438473
9.025171  14376.381765
9.192294  14309.088012
9.359417  14246.539539
9.526540  14189.723080
9.693663  14139.338998
9.860786  14096.536002
10.027909  14062.265531
10.195032  14037.245461
10.362155  14022.235801
10.529278  14017.767091
10.696401  14024.962447
10.863524  14044.941559
11.030647  14078.220020
11.197770  14125.296002
11.364893  14187.444690
11.532016  14267.032085
11.699139  14364.303877
11.866261  14479.433917
12.033384  14612.826706
12.200507  14765.918206
12.367630  14940.498003
12.534753  15138.727350
12.701876  15364.397842
12.868999  15621.359246
13.036122  15911.532827
13.203245  16234.782077
13.370368  16589.255639
13.537491  16973.312784
13.704614  17384.177496
13.871737  17815.204560
14.038860  18260.045978
14.205983  18715.569624
14.373106  19178.403932
14.540229  19645.674479
14.707352  20115.717594
14.874475  20587.025664
15.041598  21057.928672
15.208721  21527.401326
15.375844  21993.186205
15.542967  22452.975285
15.710090  22904.915735
15.877213  23344.552159
16.044336  23769.664438
16.211459  24174.325599
16.378582  24556.722323
16.545705  24914.159331
16.712828  25242.728626
16.879951  25539.282462
17.047074  25802.874843
17.214197  26032.998282
17.381320  26229.800968
17.548443  26392.636302
17.715566  26521.665578
17.882689  26617.528336
18.049812  26680.929279
18.216935  26712.035910
18.384058  26711.878139
18.551181  26682.101128
18.718304  26623.434780
18.885427  26536.266738
19.052550  26422.578062
19.219673  26283.692667
19.386796  26119.815013
19.553919  25931.428391
19.721042  25719.596158
19.888165  25484.218239
20.055288  25225.399151
20.222411  24943.742019
20.389534  24641.487491
20.556657  24320.861937
20.723780  23985.723098
20.890903  23638.649967
21.058026  23282.844790
21.225149  22921.713663
21.392272  22558.690169
21.559395  22197.074782
21.726518  21840.140412
21.893641  21491.088250
22.060764  21153.048367
22.227887  20828.571533
22.395010  20517.077512
22.562133  20219.620935
22.729256  19937.742452
22.896379  19672.550494
23.063502  19424.380712
23.230625  19193.087193
23.397748  18977.669872
23.564871  18776.865861
23.731994  18590.646864
23.899117  18418.523861
