0.000533  2704.793091
0.167656  2676.986283
0.334779  2651.134983
0.501902  2627.207540
0.669025  2605.169318
0.836148  2584.952090
1.003271  2566.476279
1.170394  2549.635255
1.337517  2534.280782
1.504640  2520.234296
1.671763  2507.285156
1.838886  2495.217263
2.006009  2483.820739
2.173132  2472.899430
2.340255  2462.275513
2.507378  2451.799925
2.674501  2441.353799
2.841624  2430.842905
3.008747  2420.194064
3.175870  2409.343127
3.342993  2398.235190
3.510116  2386.829123
3.677239  2375.094783
3.844362  2363.010208
4.011485  2350.575327
4.178608  2337.804680
4.345731  2324.716239
4.512854  2311.333848
4.679977  2297.702083
4.847100  2283.863387
5.014223  2269.784324
5.181346  2255.474444
5.348469  2240.942100
5.515592  2226.202690
5.682715  2211.275646
5.849838  2196.190970
6.016960  2181.000882
6.184083  2165.764292
6.351206  2150.518395
6.518329  2135.299658
6.685452  2120.159039
6.852575  2105.148029
7.019698  2090.308769
7.186821  2075.670542
7.353944  2061.246681
7.521067  2047.045958
7.688190  2033.075074
7.855313  2019.340145
8.022436  2005.845846
8.189559  1992.598073
8.356682  1979.604191
8.523805  1966.879736
8.690928  1954.453603
8.858051  1942.371158
9.025174  1930.691041
9.192297  1919.477547
9.359420  1908.795035
9.526543  1898.712537
9.693666  1889.303744
9.860789  1880.657631
10.027912  1872.867620
10.195035  1866.036020
10.362158  1860.274032
10.529281  1855.705420
10.696404  1852.465951
10.863527  1850.701732
11.030650  1850.570980
11.197773  1852.238545
11.364896  1855.916673
11.532019  1861.812015
11.699142  1870.088708
11.866265  1880.946271
12.033388  1894.588273
12.200511  1911.249467
12.367634  1931.197635
12.534757  1954.736768
12.701880  1982.224844
12.869003  2014.072963
13.036126  2050.761869
13.203249  2092.840993
13.370372  2140.695869
13.537495  2194.387812
13.704618  2253.522571
13.871741  2317.273101
14.038864  2384.636611
14.205987  2454.555519
14.373110  2526.011447
14.540233  2598.063772
14.707356  2669.872663
14.874479  2740.704693
15.041602  2809.933298
15.208725  2877.031271
15.375848  2941.561905
15.542971  3003.167940
15.710094  3061.568057
15.877217  3116.550062
16.044340  3167.965660
16.211463  3215.729421
16.378586  3259.808465
16.545709  3300.221222
16.712832  3337.014063
16.879955  3370.267407
17.047078  3400.091512
17.214201  3426.625313
17.381324  3450.028534
17.548447  3470.467989
17.715570  3488.116088
17.882693  3503.144273
18.049816  3515.709697
18.216939  3525.949108
18.384062  3533.970206
18.551185  3539.849871
18.718308  3543.633262
18.885431  3545.334401
19.052554  3544.944400
19.219677  3542.425458
19.386800  3537.706105
19.553923  3530.709970
19.721046  3521.359943
19.888169  3509.572675
20.055292  3495.251346
20.222415  3478.327464
20.389538  3458.781204
20.556661  3436.604016
20.723784  3411.812765
20.890906  3384.465812
21.058029  3354.663186
21.225152  3322.558382
21.392275  3288.356420
21.559398  3252.301490
21.726521  3214.679982
21.893644  3175.807177
22.060767  3136.013770
22.227890  3095.617011
22.395013  3054.876785
22.562136  3014.115900
22.729259  2973.680627
22.896382  2933.896637
23.063505  2895.039557
23.230628  2857.364124
23.397751  2821.107183
23.564874  2786.469652
23.731997  2753.607812
23.899120  2722.634401
