0.000530  4801.010672
0.167653  4752.926919
0.334776  4707.381346
0.501899  4664.480900
0.669022  4624.728042
0.836145  4586.911899
1.003268  4552.077957
1.170391  4519.975451
1.337514  4490.132874
1.504637  4462.584229
1.671760  4436.965131
1.838883  4412.726638
2.006006  4390.471354
2.173129  4368.751185
2.340252  4347.987332
2.507375  4327.669366
2.674498  4307.636670
2.841621  4287.422369
3.008744  4267.724821
3.175867  4247.451739
3.342990  4226.823272
3.510113  4205.278963
3.677236  4183.353665
3.844359  4160.905015
4.011482  4137.711187
4.178605  4113.714143
4.345728  4089.103638
4.512851  4064.469844
4.679974  4039.654962
4.847097  4014.532583
5.014220  3989.500822
5.181343  3964.835615
5.348466  3940.141151
5.515589  3915.578635
5.682712  3891.615270
5.849835  3866.893035
6.016958  3842.962473
6.184081  3819.276505
6.351204  3795.855657
6.518327  3772.864398
6.685450  3750.026680
6.852573  3727.941236
7.019696  3706.205416
7.186819  3684.565035
7.353942  3663.871937
7.521065  3643.592741
7.688188  3623.515063
7.855311  3603.923666
8.022434  3584.767700
8.189557  3566.031886
8.356680  3547.465970
8.523802  3529.011982
8.690925  3510.920020
8.858048  3493.288899
9.025171  3475.963647
9.192294  3459.018616
9.359417  3442.697150
9.526540  3427.329328
9.693663  3413.064469
9.860786  3400.086438
10.027909  3388.564958
10.195032  3378.624450
10.362155  3370.436796
10.529278  3364.202125
10.696401  3360.275121
10.863524  3358.850611
11.030647  3360.144670
11.197770  3364.542554
11.364893  3372.446968
11.532016  3384.472414
11.699139  3400.826236
11.866262  3421.484382
12.033385  3446.917838
12.200508  3477.595410
12.367631  3513.916795
12.534754  3557.344936
12.701877  3607.593006
12.869000  3665.852824
13.036123  3733.511958
13.203246  3811.097009
13.370369  3899.477410
13.537492  3997.755164
13.704615  4105.108808
13.871738  4217.988327
14.038861  4335.461706
14.205984  4455.209167
14.373107  4576.390340
14.540230  4698.842663
14.707353  4819.689706
14.874476  4939.224409
15.041599  5056.416845
15.208722  5171.398807
15.375845  5282.796656
15.542968  5389.958841
15.710091  5493.607926
15.877214  5590.740100
16.044337  5681.820512
16.211460  5766.256646
16.378583  5843.751394
16.545706  5913.111171
16.712829  5976.191444
16.879952  6031.205453
17.047075  6079.919116
17.214198  6121.730087
17.381321  6157.926684
17.548444  6188.371189
17.715567  6213.696015
17.882690  6234.638311
18.049813  6251.714472
18.216936  6263.941653
18.384059  6271.995134
18.551182  6276.371486
18.718305  6277.062636
18.885428  6273.626703
19.052551  6266.762768
19.219674  6256.283844
19.386797  6242.143403
19.553920  6224.522316
19.721043  6203.239738
19.888166  6177.974275
20.055289  6149.108381
20.222412  6116.313355
20.389535  6080.053076
20.556658  6039.468703
20.723781  5995.528162
20.890904  5947.747795
21.058027  5895.829663
21.225150  5841.186686
21.392273  5783.143361
21.559396  5722.273950
21.726519  5659.094897
21.893642  5593.977005
22.060765  5527.111538
22.227888  5459.508563
22.395011  5391.291713
22.562134  5323.261491
22.729257  5255.148971
22.896380  5188.679224
23.063503  5123.468425
23.230626  5060.355252
23.397748  4999.143086
23.564871  4940.835973
23.731994  4884.772706
23.899117  4831.836635
