0.000845  10961.115611
0.167968  10883.503923
0.335091  10810.665134
0.502214  10742.153383
0.669337  10677.580394
0.836460  10616.639799
1.003583  10559.117996
1.170706  10504.866514
1.337829  10453.776385
1.504952  10405.768951
1.672075  10360.724919
1.839198  10318.477111
2.006321  10278.834600
2.173444  10241.510864
2.340567  10206.158591
2.507690  10172.425554
2.674813  10139.961755
2.841936  10108.443370
3.009059  10077.604519
3.176182  10047.232870
3.343305  10017.124154
3.510428  9987.063321
3.677551  9956.847194
3.844674  9926.332454
4.011797  9895.441307
4.178920  9864.184359
4.346043  9832.595233
4.513166  9800.721954
4.680289  9768.561267
4.847412  9736.023404
5.014535  9702.958868
5.181658  9669.211286
5.348781  9634.655515
5.515904  9599.236413
5.683027  9562.932698
5.850150  9525.734550
6.017273  9487.644511
6.184396  9448.661322
6.351519  9408.817029
6.518642  9368.224231
6.685765  9327.038165
6.852888  9285.380391
7.020011  9243.316691
7.187134  9200.904678
7.354257  9158.199781
7.521380  9115.304625
7.688503  9072.367321
7.855626  9029.580474
8.022749  8987.176770
8.189872  8945.407511
8.356995  8904.527451
8.524118  8864.830354
8.691241  8826.672752
8.858364  8790.435814
9.025487  8756.507823
9.192610  8725.262648
9.359733  8697.045669
9.526855  8672.186033
9.693978  8651.001709
9.861101  8633.807760
10.028224  8620.924560
10.195347  8612.644370
10.362470  8609.231917
10.529593  8610.981213
10.696716  8618.207739
10.863839  8631.220051
11.030962  8650.287527
11.198085  8675.679870
11.365208  8707.711677
11.532331  8746.714081
11.699454  8792.962909
11.866577  8846.662957
12.033700  8908.048937
12.200823  8977.526331
12.367946  9055.744731
12.535069  9143.589108
12.702192  9242.057617
12.869315  9351.992138
13.036438  9473.847180
13.203561  9607.592899
13.370684  9752.811837
13.537807  9908.708528
13.704930  10074.184808
13.872053  10248.089887
14.039176  10429.413881
14.206299  10617.289308
14.373422  10810.958210
14.540545  11009.707337
14.707668  11212.844897
14.874791  11419.584032
15.041914  11629.016521
15.209037  11840.072680
15.376160  12051.599664
15.543283  12262.306796
15.710406  12470.819063
15.877529  12675.673860
16.044652  12875.340350
16.211775  13068.368284
16.378898  13253.369885
16.546021  13429.055486
16.713144  13594.248349
16.880267  13747.935053
17.047390  13889.297825
17.214513  14017.641816
17.381636  14132.388850
17.548759  14232.995050
17.715882  14318.973998
17.883005  14389.896154
18.050128  14445.432930
18.217251  14485.386084
18.384374  14509.697037
18.551497  14518.457432
18.718620  14511.876997
18.885743  14490.306604
19.052866  14454.261042
19.219988  14404.339191
19.387111  14341.162819
19.554234  14265.375011
19.721357  14177.719872
19.888480  14079.030422
20.055603  13970.216624
20.222726  13852.279774
20.389849  13726.259055
20.556972  13593.309918
20.724095  13454.591343
20.891218  13311.274899
21.058341  13164.508275
21.225464  13015.408832
21.392587  12865.102509
21.559710  12714.664381
21.726833  12565.136628
21.893956  12417.488879
22.061079  12272.583206
22.228202  12131.260644
22.395325  11994.181687
22.562448  11861.912130
22.729571  11734.967056
22.896694  11613.746513
23.063817  11498.482051
23.230940  11389.243050
23.398063  11285.954900
23.565186  11188.512223
23.732309  11096.817005
23.899432  11010.722654
