0.000530  5836.480807
0.167653  5787.935867
0.334776  5742.962919
0.501899  5700.973119
0.669022  5661.922032
0.836145  5625.354486
1.003268  5591.173483
1.170391  5559.282962
1.337514  5529.451748
1.504637  5501.747075
1.671760  5475.999311
1.838883  5451.916953
2.006006  5429.656979
2.173129  5408.806273
2.340252  5389.100282
2.507375  5370.311160
2.674498  5352.231418
2.841621  5334.423699
3.008744  5316.700938
3.175867  5298.944662
3.342990  5281.045488
3.510113  5262.722903
3.677236  5243.771784
3.844359  5224.087863
4.011482  5203.686963
4.178605  5182.506880
4.345728  5160.524904
4.512851  5138.068744
4.679974  5115.127683
4.847097  5091.691026
5.014220  5067.613354
5.181343  5042.864356
5.348466  5017.270444
5.515589  4990.785122
5.682712  4963.489309
5.849835  4935.299043
6.016958  4906.270543
6.184081  4876.270481
6.351204  4845.281238
6.518327  4813.573718
6.685450  4781.257761
6.852573  4748.214059
7.019696  4714.642331
7.186819  4680.575434
7.353941  4646.070649
7.521064  4611.238789
7.688187  4576.178307
7.855310  4540.987541
8.022433  4505.850047
8.189556  4470.966534
8.356679  4436.445115
8.523802  4402.569902
8.690925  4369.515415
8.858048  4337.555734
9.025171  4307.004308
9.192294  4278.122394
9.359417  4251.187957
9.526540  4226.446002
9.693663  4204.110906
9.860786  4184.458661
10.027909  4167.749386
10.195032  4154.206328
10.362155  4144.049706
10.529278  4137.480725
10.696401  4134.791608
10.863524  4136.274501
11.030647  4142.113983
11.197770  4152.461238
11.364893  4167.591115
11.532016  4187.949801
11.699139  4213.680976
11.866262  4244.927903
12.033385  4281.861713
12.200508  4324.853813
12.367631  4374.360278
12.534754  4430.911285
12.701877  4495.377788
12.869000  4568.740854
13.036123  4651.754788
13.203246  4744.712710
13.370369  4847.238174
13.537492  4958.609760
13.704615  5077.867685
13.871738  5203.519027
14.038861  5334.329626
14.205984  5469.884772
14.373107  5609.689271
14.540230  5753.257612
14.707353  5900.217438
14.874476  6050.099429
15.041599  6202.201901
15.208722  6355.885645
15.375845  6510.200589
15.542968  6664.144314
15.710091  6816.840414
15.877214  6966.900820
16.044337  7113.438134
16.211460  7254.868611
16.378583  7390.416129
16.545706  7519.160682
16.712829  7639.947963
16.879952  7751.831468
17.047075  7854.276444
17.214198  7946.911736
17.381321  8029.479785
17.548444  8101.574226
17.715567  8162.927849
17.882690  8213.357952
18.049813  8252.682882
18.216936  8280.642912
18.384059  8297.194725
18.551182  8302.490421
18.718305  8296.605814
18.885428  8279.667035
19.052551  8252.222787
19.219674  8214.796530
19.386797  8167.789897
19.553920  8111.781226
19.721043  8047.531087
19.888166  7975.689185
20.055289  7897.041741
20.222412  7812.342392
20.389535  7722.421949
20.556658  7628.023157
20.723781  7530.106692
20.890904  7429.334929
21.058027  7326.460994
21.225150  7222.265569
21.392273  7117.522099
21.559396  7012.966728
21.726519  6909.338828
21.893642  6807.358927
22.060765  6707.807024
22.227887  6611.339026
22.395010  6518.041107
22.562133  6428.325642
22.729256  6342.681639
22.896379  6261.438883
23.063502  6184.735011
23.230625  6112.621430
23.397748  6044.996757
23.564871  5981.694166
23.731994  5922.707093
23.899117  5867.870772
