0.000536  1861.760259
0.167659  1844.530432
0.334782  1828.368796
0.501905  1813.154505
0.669028  1798.779993
0.836151  1785.170959
1.003274  1772.271503
1.170397  1760.055089
1.337520  1748.524352
1.504643  1737.711383
1.671766  1727.651306
1.838889  1718.355479
2.006012  1709.806836
2.173134  1701.966378
2.340257  1694.765426
2.507380  1688.107861
2.674503  1681.898622
2.841626  1676.069505
3.008749  1670.573405
3.175872  1665.374101
3.342995  1660.429659
3.510118  1655.695253
3.677241  1651.122188
3.844364  1646.656064
4.011487  1642.264725
4.178610  1637.935805
4.345733  1633.669902
4.512856  1629.479010
4.679979  1625.375780
4.847102  1621.341009
5.014225  1617.319583
5.181348  1613.237890
5.348471  1609.034128
5.515594  1604.672906
5.682717  1600.130227
5.849840  1595.381564
6.016963  1590.392282
6.184086  1585.116900
6.351209  1579.531453
6.518332  1573.662980
6.685455  1567.560925
6.852578  1561.260856
7.019701  1554.773683
7.186824  1548.098834
7.353947  1541.245694
7.521070  1534.237266
7.688193  1527.119658
7.855316  1519.958620
8.022439  1512.829027
8.189562  1505.809066
8.356685  1498.984897
8.523808  1492.450239
8.690931  1486.315750
8.858054  1480.693729
9.025177  1475.685802
9.192300  1471.368000
9.359423  1467.795668
9.526546  1465.014859
9.693669  1463.063165
9.860792  1461.980071
10.027915  1461.793746
10.195038  1462.523819
10.362161  1464.179397
10.529284  1466.782385
10.696407  1470.378977
10.863530  1475.018891
11.030653  1480.743212
11.197776  1487.614139
11.364899  1495.728413
11.532022  1505.189797
11.699145  1516.081219
11.866268  1528.474343
12.033391  1542.471560
12.200514  1558.245839
12.367637  1576.066491
12.534760  1596.326073
12.701883  1619.475295
12.869006  1645.869733
13.036129  1675.590515
13.203252  1708.383845
13.370375  1743.738995
13.537498  1780.985612
13.704621  1819.451423
13.871744  1858.597857
14.038867  1898.115626
14.205990  1937.833661
14.373113  1977.702157
14.540236  2017.762124
14.707359  2058.049531
14.874482  2098.572674
15.041605  2139.288903
15.208728  2180.131186
15.375851  2220.988173
15.542974  2261.730585
15.710097  2302.198081
15.877220  2342.191194
16.044343  2381.490710
16.211466  2419.845232
16.378589  2456.982376
16.545712  2492.617000
16.712835  2526.447456
16.879957  2558.196964
17.047080  2587.610756
17.214203  2614.448270
17.381326  2638.489504
17.548449  2659.522474
17.715572  2677.361940
17.882695  2691.837937
18.049818  2702.822094
18.216941  2710.222249
18.384064  2714.003159
18.551187  2714.159880
18.718310  2710.710061
18.885433  2703.708585
19.052556  2693.262578
19.219679  2679.526646
19.386802  2662.641019
19.553925  2642.758235
19.721048  2620.054980
19.888171  2594.757168
20.055294  2567.120165
20.222417  2537.409503
20.389540  2505.898694
20.556663  2472.867453
20.723786  2438.630045
20.890909  2403.487966
21.058032  2367.741187
21.225155  2331.677938
21.392278  2295.578713
21.559401  2259.720147
21.726524  2224.372515
21.893647  2189.759550
22.060770  2156.111873
22.227893  2123.606749
22.395016  2092.372562
22.562139  2062.461194
22.729262  2033.939376
22.896385  2006.834325
23.063508  1981.153772
23.230631  1956.868762
23.397754  1933.927057
23.564877  1912.283791
23.732000  1891.909052
23.899123  1872.780314
