0.000536  8350.755794
0.167659  8263.169733
0.334782  8181.480539
0.501905  8105.698130
0.669028  8035.795652
0.836151  7971.696287
1.003274  7913.250812
1.170397  7860.214450
1.337520  7812.233347
1.504643  7768.844815
1.671766  7729.498296
1.838889  7693.598779
2.006012  7660.553723
2.173135  7629.809656
2.340258  7600.875188
2.507381  7573.331712
2.674504  7546.829914
2.841627  7521.076724
3.008750  7495.818916
3.175873  7470.829583
3.342996  7445.902932
3.510119  7420.853396
3.677242  7395.519953
3.844365  7369.774311
4.011488  7343.529260
4.178611  7316.734898
4.345734  7289.363485
4.512857  7261.396190
4.679980  7232.814704
4.847103  7203.598455
5.014226  7173.726646
5.181349  7143.184030
5.348472  7111.965508
5.515595  7080.080817
5.682718  7047.564249
5.849841  7014.487177
6.016964  6980.963019
6.184087  6947.132543
6.351210  6913.149037
6.518333  6879.180935
6.685456  6845.416128
6.852579  6812.046311
7.019702  6779.245699
7.186825  6747.158105
7.353948  6715.894239
7.521071  6685.538325
7.688194  6656.155426
7.855317  6627.796744
8.022440  6600.502974
8.189563  6574.308804
8.356686  6549.250329
8.523809  6525.375869
8.690932  6502.755864
8.858055  6481.487921
9.025178  6461.692738
9.192301  6443.502187
9.359424  6427.049637
9.526547  6412.470161
9.693670  6399.910432
9.860793  6389.537756
10.027916  6381.545716
10.195039  6376.154439
10.362162  6373.613670
10.529285  6374.210426
10.696408  6378.277196
10.863531  6386.192846
11.030654  6398.370579
11.197777  6415.250748
11.364900  6437.309181
11.532023  6465.058431
11.699146  6499.038177
11.866269  6539.807347
12.033391  6587.963695
12.200514  6644.173311
12.367637  6709.191306
12.534760  6783.859437
12.701883  6869.096059
12.869006  6965.865869
13.036129  7075.096602
13.203252  7197.529629
13.370375  7333.503001
13.537498  7482.756808
13.704621  7644.335310
13.871744  7816.643173
14.038867  7997.627095
14.205990  8184.994189
14.373113  8376.408054
14.540236  8569.618506
14.707359  8762.540473
14.874482  8953.297952
15.041605  9140.249145
15.208728  9321.988625
15.375851  9497.335843
15.542974  9665.315141
15.710097  9825.140572
15.877220  9976.199710
16.044343  10118.041995
16.211466  10250.367579
16.378589  10373.011456
16.545712  10485.922539
16.712835  10589.139968
16.879958  10682.771048
17.047081  10766.975828
17.214204  10841.958266
17.381327  10907.955047
17.548450  10965.222428
17.715573  11014.022854
17.882696  11054.611893
18.049819  11087.224656
18.216942  11112.059269
18.384065  11129.268321
18.551188  11138.955845
18.718311  11141.187029
18.885434  11135.992687
19.052557  11123.372309
19.219680  11103.292604
19.386803  11075.705059
19.553926  11040.567906
19.721049  10997.848324
19.888172  10947.515522
20.055295  10889.556545
20.222418  10824.024292
20.389541  10751.056388
20.556664  10670.844882
20.723787  10583.626787
20.890910  10489.699831
21.058033  10389.448135
21.225156  10283.355165
21.392279  10172.004659
21.559402  10056.073215
21.726525  9936.319069
21.893648  9813.561189
22.060771  9688.651463
22.227894  9562.454747
22.395017  9435.845929
22.562140  9309.696146
22.729263  9184.851451
22.896386  9062.113757
23.063509  8942.222075
23.230632  8825.850275
23.397755  8713.610692
23.564878  8606.052693
23.732001  8503.646532
23.899124  8406.755797
