0.000206  5216.452269
0.167329  5166.746870
0.334452  5120.894419
0.501575  5078.691232
0.668698  5039.949137
0.835821  5004.496200
1.002944  4972.166607
1.170067  4942.789051
1.337190  4916.177207
1.504313  4892.122776
1.671436  4870.389907
1.838559  4850.721280
2.005682  4832.851611
2.172805  4816.523268
2.339928  4801.497301
2.507051  4787.561905
2.674174  4774.535738
2.841297  4762.268045
3.008420  4750.632733
3.175543  4739.516706
3.342666  4728.809697
3.509789  4718.396806
3.676912  4708.158254
3.844035  4697.973986
4.011158  4687.730319
4.178281  4677.317248
4.345404  4666.620133
4.512527  4655.514660
4.679650  4643.864571
4.846773  4631.521975
5.013896  4618.331485
5.181019  4604.141555
5.348142  4588.815951
5.515265  4572.242222
5.682388  4554.333831
5.849511  4535.033918
6.016634  4514.318884
6.183757  4492.195938
6.350880  4468.709230
6.518003  4443.950193
6.685126  4418.048160
6.852249  4391.147819
7.019372  4363.396933
7.186495  4334.946982
7.353618  4305.958095
7.520741  4276.605219
7.687864  4247.081523
7.854987  4217.596768
8.022110  4188.372793
8.189233  4159.639311
8.356356  4131.633346
8.523479  4104.600464
8.690602  4078.793786
8.857725  4054.469559
9.024848  4031.877271
9.191971  4011.247579
9.359094  3992.785301
9.526217  3976.671664
9.693340  3963.071762
9.860463  3952.139872
10.027585  3944.019785
10.194708  3938.841693
10.361831  3936.726303
10.528954  3937.797229
10.696077  3942.189287
10.863200  3950.040651
11.030323  3961.483290
11.197446  3976.653838
11.364569  3995.710952
11.531692  4018.836674
11.698815  4046.224779
11.865938  4078.076991
12.033061  4114.624508
12.200184  4156.157614
12.367307  4203.048621
12.534430  4255.749579
12.701553  4314.762564
12.868676  4380.570673
13.035799  4453.548462
13.202922  4533.896232
13.370045  4621.593650
13.537168  4716.396317
13.704291  4817.864233
13.871414  4925.409905
14.038537  5038.359529
14.205660  5156.006014
14.372783  5277.639976
14.539906  5402.556561
14.707029  5530.056186
14.874152  5659.443096
15.041275  5790.030718
15.208398  5921.144005
15.375521  6052.115388
15.542644  6182.276959
15.709767  6310.958541
15.876890  6437.484681
16.044013  6561.175165
16.211136  6681.347973
16.378259  6797.322320
16.545382  6908.420397
16.712505  7013.966747
16.879628  7113.292852
17.046751  7205.743886
17.213874  7290.690928
17.380997  7367.537944
17.548120  7435.728781
17.715243  7494.756994
17.882366  7544.178340
18.049489  7583.625294
18.216612  7612.813206
18.383735  7631.546437
18.550858  7639.719565
18.717981  7637.325021
18.885104  7624.459919
19.052227  7601.328449
19.219350  7568.229120
19.386473  7525.540745
19.553596  7473.730039
19.720719  7413.361419
19.887842  7345.095814
20.054965  7269.666826
20.222088  7187.842796
20.389211  7100.408411
20.556334  7008.171174
20.723457  6911.961197
20.890580  6812.622214
21.057703  6710.999288
21.224826  6607.926515
21.391949  6504.217590
21.559072  6400.652806
21.726195  6297.965034
21.893317  6196.826278
22.060440  6097.834065
22.227563  6001.505306
22.394686  5908.284888
22.561809  5818.545761
22.728932  5732.587956
22.896055  5650.643054
23.063178  5572.874465
23.230301  5499.382485
23.397424  5430.213977
23.564547  5365.377992
23.731670  5304.852016
23.898793  5248.574925
