0.000532  13712.007371
0.167655  13581.607877
0.334778  13460.430145
0.501901  13348.371777
0.669024  13245.305316
0.836147  13150.963340
1.003270  13065.001294
1.170393  12986.910848
1.337516  12915.973418
1.504639  12851.309108
1.671762  12791.881266
1.838885  12736.618535
2.006008  12684.489077
2.173131  12634.536080
2.340254  12585.903964
2.507377  12537.876648
2.674500  12489.871671
2.841623  12441.415596
3.008746  12392.116519
3.175869  12341.626082
3.342991  12289.641226
3.510114  12235.917292
3.677237  12180.252290
3.844360  12122.487023
4.011483  12062.543529
4.178606  12000.397726
4.345729  11936.042267
4.512852  11869.487510
4.679975  11800.804199
4.847098  11730.063720
5.014221  11657.173823
5.181344  11582.169986
5.348467  11505.107136
5.515590  11426.067058
5.682713  11345.163039
5.849836  11262.570549
6.016959  11178.561793
6.184082  11093.456684
6.351205  11007.505372
6.518328  10920.958823
6.685451  10834.128331
6.852574  10747.342389
7.019697  10660.901928
7.186820  10575.063931
7.353943  10490.034222
7.521066  10405.996731
7.688189  10323.123856
7.855312  10241.577646
8.022435  10161.502447
8.189558  10083.044220
8.356681  10006.350055
8.523804  9931.585980
8.690927  9858.961675
8.858050  9788.745579
9.025173  9721.256142
9.192296  9656.837648
9.359419  9595.835124
9.526542  9538.612538
9.693665  9485.551193
9.860788  9437.082980
10.027911  9393.667928
10.195034  9355.793147
10.362157  9323.979479
10.529280  9298.790385
10.696403  9280.830310
10.863526  9270.751079
11.030649  9269.242549
11.197772  9277.015715
11.364895  9294.916261
11.532018  9323.824702
11.699141  9364.546037
11.866264  9417.977805
12.033387  9485.038997
12.200510  9566.774976
12.367633  9664.366964
12.534756  9779.115264
12.701879  9912.482875
12.869002  10066.089913
13.036125  10241.733454
13.203248  10441.340603
13.370371  10666.298778
13.537494  10916.905942
13.704617  11191.883857
13.871740  11488.325570
14.038863  11802.386066
14.205986  12129.761236
14.373109  12466.096836
14.540232  12807.211012
14.707355  13149.253106
14.874478  13488.774087
15.041601  13822.761861
15.208724  14148.642627
15.375847  14464.255466
15.542970  14767.816507
15.710093  15057.897421
15.877216  15333.395945
16.044339  15593.508169
16.211462  15837.719181
16.378585  16065.756575
16.545708  16277.567313
16.712831  16473.234245
16.879954  16652.972719
17.047077  16817.101984
17.214200  16966.027989
17.381323  17100.217333
17.548446  17220.147117
17.715569  17326.300646
17.882692  17419.138398
18.049815  17499.054644
18.216937  17566.366206
18.384060  17621.287337
18.551183  17663.933643
18.718306  17694.337146
18.885429  17712.465718
19.052552  17718.252951
19.219675  17711.574744
19.386798  17692.251264
19.553921  17660.157263
19.721044  17615.201214
19.888167  17557.262933
20.055290  17486.071675
20.222413  17401.585633
20.389536  17304.133421
20.556659  17193.980659
20.723782  17071.481740
20.890905  16937.134564
21.058028  16791.586026
21.225151  16635.684389
21.392274  16470.465059
21.559397  16297.123189
21.726520  16117.020040
21.893643  15931.604391
22.060766  15742.350058
22.227889  15550.675531
22.395012  15357.885619
22.562135  15165.472214
22.729258  14974.961903
22.896381  14787.767480
23.063504  14605.112056
23.230627  14428.125836
23.397750  14257.860268
23.564873  14095.236054
23.731996  13940.999323
23.899119  13795.685615
