0.000206  6381.660977
0.167329  6322.215315
0.334452  6267.456417
0.501575  6217.115550
0.668698  6170.944751
0.835821  6128.718809
1.002944  6090.224295
1.170067  6055.245811
1.337190  6023.554885
1.504313  5994.901716
1.671436  5969.007780
1.838559  5945.571955
2.005682  5924.285164
2.172805  5904.847645
2.339928  5886.981023
2.507051  5870.437220
2.674174  5855.001669
2.841297  5840.493546
3.008420  5826.759526
3.175543  5813.660849
3.342666  5801.061544
3.509789  5788.819343
3.676912  5776.784863
3.844035  5764.806927
4.011158  5752.740692
4.178281  5740.445326
4.345404  5727.775052
4.512527  5714.573305
4.679650  5700.670752
4.846773  5685.887157
5.013896  5670.037242
5.181019  5652.943517
5.348142  5634.447779
5.515265  5614.420503
5.682388  5592.763061
5.849511  5569.411787
6.016634  5544.341704
6.183757  5517.563896
6.350880  5489.132318
6.518003  5459.154921
6.685126  5427.782980
6.852249  5395.186040
7.019372  5361.538733
7.186495  5327.021861
7.353618  5291.828180
7.520741  5256.169359
7.687864  5220.279747
7.854986  5184.414432
8.022109  5148.843908
8.189232  5113.848972
8.356355  5079.719854
8.523478  5046.757387
8.690601  5015.271780
8.857724  4985.577736
9.024847  4957.983453
9.191970  4932.777305
9.359093  4910.219267
9.526216  4890.542917
9.693339  4873.963237
9.860462  4860.682200
10.027585  4850.888724
10.194708  4844.754539
10.361831  4842.437916
10.528954  4844.096328
10.696077  4849.895043
10.863200  4859.997544
11.030323  4874.554744
11.197446  4893.717614
11.364569  4917.657774
11.531692  4946.570477
11.698815  4980.661677
11.865938  5020.143592
12.033061  5065.259502
12.200184  5116.318119
12.367307  5173.719922
12.534430  5237.955197
12.701553  5309.571969
12.868676  5389.102027
13.035799  5476.968045
13.202922  5573.418846
13.370045  5678.482527
13.537168  5791.959447
13.704291  5913.444222
13.871414  6042.365943
14.038537  6178.042679
14.205660  6319.730687
14.372783  6466.653824
14.539906  6618.010313
14.707029  6772.974934
14.874152  6930.700853
15.041275  7090.329744
15.208398  7250.998607
15.375521  7411.839598
15.542644  7571.975201
15.709767  7730.520280
15.876890  7886.582091
16.044013  8039.263783
16.211136  8187.669611
16.378259  8330.910320
16.545382  8468.106828
16.712505  8598.390480
16.879628  8720.909520
17.046751  8834.836786
17.213874  8939.384243
17.380997  9033.811143
17.548120  9117.432290
17.715243  9189.629280
17.882366  9249.864530
18.049489  9297.697980
18.216612  9332.793917
18.383735  9354.928232
18.550858  9363.988906
18.717981  9359.984186
18.885104  9343.049494
19.052227  9313.449264
19.219350  9271.562037
19.386472  9217.863824
19.553595  9152.937711
19.720718  9077.488987
19.887841  8992.349146
20.054964  8898.443770
20.222087  8796.731737
20.389210  8688.179220
20.556333  8573.781114
20.723456  8454.567712
20.890579  8331.593161
21.057702  8205.916028
21.224825  8078.581558
21.391948  7950.609094
21.559071  7822.974927
21.726194  7696.593606
21.893317  7572.301098
22.060440  7450.838795
22.227563  7332.846231
22.394686  7218.869989
22.561809  7109.363742
22.728932  7004.687276
22.896055  6905.111834
23.063178  6810.820966
23.230301  6721.916970
23.397424  6638.433312
23.564547  6560.353762
23.731670  6487.620858
23.898793  6420.128572
