0.000848  2304.638943
0.167971  2283.530797
0.335094  2263.339467
0.502217  2244.063276
0.669340  2225.706406
0.836463  2208.281745
1.003586  2191.802369
1.170709  2176.275870
1.337832  2161.694241
1.504955  2148.030233
1.672078  2135.227517
1.839201  2123.201551
2.006324  2111.845122
2.173447  2101.045248
2.340570  2090.679906
2.507693  2080.624414
2.674816  2070.770537
2.841939  2061.036394
3.009062  2051.356683
3.176185  2041.673047
3.343308  2031.930992
3.510431  2022.084128
3.677554  2012.095934
3.844677  2001.939240
4.011800  1991.622110
4.178923  1981.186870
4.346046  1970.696196
4.513169  1960.230123
4.680292  1949.870527
4.847415  1939.680794
5.014538  1929.704904
5.181661  1919.973805
5.348783  1910.516860
5.515906  1901.367855
5.683029  1892.564272
5.850152  1884.147978
6.017275  1876.162563
6.184398  1868.641778
6.351521  1861.609311
6.518644  1855.091561
6.685767  1849.120407
6.852890  1843.714509
7.020013  1838.860484
7.187136  1834.509189
7.354259  1830.594521
7.521382  1827.035998
7.688505  1823.759066
7.855628  1820.694613
8.022751  1817.775746
8.189874  1814.938050
8.356997  1812.125957
8.524120  1809.297810
8.691243  1806.439555
8.858366  1803.560792
9.025489  1800.687146
9.192612  1797.848934
9.359735  1795.075933
9.526858  1792.401925
9.693981  1789.867351
9.861104  1787.528047
10.028227  1785.447491
10.195350  1783.699089
10.362473  1782.364541
10.529596  1781.541649
10.696719  1781.352605
10.863842  1781.942044
11.030965  1783.457843
11.198088  1786.058690
11.365211  1789.908124
11.532334  1795.170441
11.699457  1801.998363
11.866580  1810.537102
12.033703  1820.952223
12.200826  1833.465923
12.367949  1848.375747
12.535072  1866.055498
12.702195  1886.910216
12.869318  1911.322658
13.036441  1939.582784
13.203564  1971.816852
13.370687  2007.915967
13.537810  2047.464636
13.704933  2089.792744
13.872056  2134.119282
14.039179  2179.696141
14.206302  2225.860052
14.373425  2272.091119
14.540548  2318.009680
14.707671  2363.284531
14.874794  2407.610480
15.041917  2450.680990
15.209039  2492.200401
15.376162  2531.858852
15.543285  2569.370458
15.710408  2604.467172
15.877531  2636.902391
16.044654  2666.472897
16.211777  2693.017694
16.378900  2716.441740
16.546023  2736.719249
16.713146  2753.892143
16.880269  2768.089990
17.047392  2779.516328
17.214515  2788.419387
17.381638  2795.092085
17.548761  2799.836475
17.715884  2802.963586
17.883007  2804.774538
18.050130  2805.554619
18.217253  2805.554247
18.384376  2804.986319
18.551499  2804.007944
18.718622  2802.719868
18.885745  2801.171830
19.052868  2799.361295
19.219991  2797.232451
19.387114  2794.670018
19.554237  2791.531152
19.721360  2787.646343
19.888483  2782.829503
20.055606  2776.895152
20.222729  2769.677170
20.389852  2761.047191
20.556975  2750.894283
20.724098  2739.143288
20.891221  2725.732201
21.058344  2710.638016
21.225467  2693.876276
21.392590  2675.498959
21.559713  2655.606487
21.726836  2634.349855
21.893959  2611.893148
22.061082  2588.439506
22.228205  2564.182287
22.395328  2539.320604
22.562451  2514.032573
22.729574  2488.527027
22.896697  2462.995671
23.063820  2437.614061
23.230943  2412.532284
23.398066  2387.886594
23.565189  2363.812116
23.732312  2340.442660
23.899435  2317.893327
