0.000206  10637.198422
0.167329  10545.162881
0.334452  10460.467858
0.501575  10382.636587
0.668698  10311.226409
0.835821  10245.835781
1.002944  10186.092018
1.170067  10131.631712
1.337190  10082.084215
1.504313  10037.059444
1.671436  9996.136223
1.838559  9958.869121
2.005682  9924.806773
2.172805  9893.513722
2.339928  9864.585481
2.507051  9837.661003
2.674174  9812.428123
2.841297  9788.624255
3.008420  9766.027228
3.175543  9744.436418
3.342665  9723.655092
3.509788  9703.476694
3.676911  9683.682760
3.844034  9664.049577
4.011157  9644.359300
4.178280  9624.396974
4.345403  9603.938124
4.512526  9582.741019
4.679649  9560.545901
4.846772  9537.080134
5.013895  9512.068083
5.181018  9485.249129
5.348141  9456.392221
5.515264  9425.308887
5.682387  9391.857267
5.849510  9355.948656
6.016633  9317.552237
6.183756  9276.690207
6.350879  9233.445975
6.518002  9187.978295
6.685125  9140.506216
6.852248  9091.275550
7.019371  9040.542409
7.186494  8988.575356
7.353617  8935.663583
7.520740  8882.126142
7.687863  8828.316832
7.854986  8774.621583
8.022109  8721.450956
8.189232  8669.232613
8.356355  8618.409303
8.523478  8569.439878
8.690601  8522.797551
8.857724  8478.963715
9.024847  8438.413413
9.191970  8401.597621
9.359093  8368.930395
9.526216  8340.790023
9.693339  8317.528420
9.860462  8299.477733
10.027585  8286.949817
10.194708  8280.229878
10.361831  8279.579585
10.528954  8285.251283
10.696077  8297.497475
10.863200  8316.557081
11.030323  8342.641290
11.197446  8375.950969
11.364569  8416.705673
11.531692  8465.149521
11.698815  8521.535284
11.865938  8586.121252
12.033061  8659.208761
12.200184  8741.189790
12.367307  8832.581354
12.534430  8934.026265
12.701553  9046.262603
12.868676  9170.042405
13.035799  9306.020880
13.202922  9454.665697
13.370045  9616.177934
13.537168  9790.471500
13.704291  9977.191099
13.871414  10175.744357
14.038537  10385.347190
14.205660  10605.068881
14.372783  10833.862166
14.539906  11070.571406
14.707029  11313.940004
14.874152  11562.621878
15.041274  11815.206058
15.208397  12070.236214
15.375520  12326.220718
15.542643  12581.635734
15.709766  12834.937737
15.876889  13084.571478
16.044012  13328.981198
16.211135  13566.621792
16.378258  13795.970094
16.545381  14015.533841
16.712504  14223.854133
16.879627  14419.515982
17.046750  14601.159144
17.213873  14767.499995
17.380996  14917.344178
17.548119  15049.598865
17.715242  15163.288260
17.882365  15257.572712
18.049488  15331.772318
18.216611  15385.376312
18.383734  15418.054498
18.550857  15429.658262
18.717980  15420.232147
18.885103  15390.022021
19.052226  15339.476577
19.219349  15269.226167
19.386472  15180.058243
19.553595  15072.929701
19.720718  14948.988575
19.887841  14809.584128
20.054964  14656.220196
20.222087  14490.458281
20.389210  14313.876711
20.556333  14128.107439
20.723456  13934.843830
20.890579  13735.817559
21.057702  13532.763335
21.224825  13327.389088
21.391948  13121.354830
21.559071  12916.244827
21.726194  12713.537575
21.893317  12514.579186
22.060440  12320.558816
22.227563  12132.498212
22.394686  11951.265111
22.561809  11777.573750
22.728932  11611.981227
22.896055  11454.892750
23.063178  11306.563397
23.230301  11167.110465
23.397424  11036.534687
23.564547  10914.749402
23.731670  10801.593518
23.898793  10696.823639
