0.000208  1919.826221
0.167331  1897.910261
0.334454  1877.384729
0.501577  1858.260151
0.668700  1840.541666
0.835823  1824.226823
1.002945  1809.299697
1.170068  1795.723919
1.337191  1783.434076
1.504314  1772.331918
1.671437  1762.288914
1.838560  1753.157543
2.005683  1744.783648
2.172806  1737.016521
2.339929  1729.716889
2.507052  1722.763785
2.674175  1716.056044
2.841298  1709.509287
3.008421  1703.051350
3.175544  1696.617258
3.342667  1690.148111
3.509790  1683.590650
3.676913  1676.900617
3.844036  1670.046593
4.011159  1663.013735
4.178282  1655.804226
4.345405  1648.434515
4.512528  1640.931990
4.679651  1633.329866
4.846774  1625.659779
5.013897  1617.947063
5.181020  1610.214791
5.348143  1602.486109
5.515266  1594.788691
5.682389  1587.156134
5.849512  1579.630064
6.016635  1572.259099
6.183758  1565.092198
6.350881  1558.176711
6.518004  1551.560136
6.685127  1545.291092
6.852250  1539.407614
7.019373  1533.930097
7.186496  1528.858624
7.353619  1524.174039
7.520742  1519.845212
7.687865  1515.833609
7.854988  1512.098755
8.022111  1508.600351
8.189234  1505.300151
8.356357  1502.165861
8.523480  1499.175743
8.690603  1496.321487
8.857726  1493.608440
9.024849  1491.051669
9.191972  1488.669477
9.359095  1486.479537
9.526218  1484.498914
9.693341  1482.749267
9.860464  1481.259576
10.027587  1480.068271
10.194710  1479.221809
10.361833  1478.776295
10.528956  1478.803425
10.696079  1479.394867
10.863202  1480.662253
11.030325  1482.734372
11.197448  1485.750501
11.364571  1489.866011
11.531694  1495.245496
11.698817  1502.061623
11.865940  1510.493189
12.033063  1520.741714
12.200186  1533.043331
12.367309  1547.677204
12.534432  1564.956301
12.701555  1585.214173
12.868677  1608.791112
13.035800  1635.992763
13.202923  1667.024018
13.370046  1701.883462
13.537169  1740.309057
13.704292  1781.790096
13.871415  1825.635857
14.038538  1871.080482
14.205661  1917.365329
14.372784  1963.799997
14.539907  2009.781792
14.707030  2054.793822
14.874153  2098.399766
15.041276  2140.239117
15.208399  2180.018322
15.375522  2217.502155
15.542645  2252.503071
15.709768  2284.881615
15.876891  2314.539299
16.044014  2341.419873
16.211137  2365.509331
16.378260  2386.836992
16.545383  2405.473878
16.712506  2421.525818
16.879629  2435.129849
17.046752  2446.450612
17.213875  2455.682022
17.380998  2463.040992
17.548121  2468.760391
17.715244  2473.081375
17.882367  2476.245351
18.049490  2478.484995
18.216613  2480.007278
18.383736  2480.981269
18.550859  2481.526607
18.717982  2481.711955
18.885105  2481.550168
19.052228  2480.997989
19.219351  2479.953205
19.386474  2478.263467
19.553597  2475.743609
19.720720  2472.185056
19.887843  2467.365753
20.054966  2461.064303
20.222089  2453.085402
20.389212  2443.276898
20.556335  2431.520669
20.723458  2417.733944
20.890581  2401.875491
21.057704  2383.953348
21.224827  2364.024326
21.391950  2342.194046
21.559073  2318.613166
21.726196  2293.473743
21.893319  2267.000837
22.060442  2239.435371
22.227565  2211.026780
22.394688  2182.035885
22.561811  2152.718893
22.728934  2123.328150
22.896057  2094.107601
23.063180  2065.284396
23.230303  2037.067250
23.397426  2009.647366
23.564549  1983.198504
23.731672  1957.872822
23.898795  1933.792768
