0.000852  5507.141787
0.167975  5458.829228
0.335098  5413.340445
0.502221  5370.672128
0.669344  5330.806478
0.836467  5293.704357
1.003590  5259.293617
1.170713  5227.456401
1.337836  5198.019838
1.504959  5170.754357
1.672082  5145.383674
1.839205  5121.606935
2.006328  5099.122973
2.173451  5077.649827
2.340574  5056.937761
2.507697  5036.775883
2.674820  5016.990628
2.841943  4997.438684
3.009066  4977.998236
3.176189  4958.561296
3.343312  4939.030570
3.510435  4919.318453
3.677558  4899.349167
3.844681  4879.063398
4.011804  4858.423107
4.178927  4837.409885
4.346050  4816.016530
4.513173  4794.238992
4.680296  4772.070059
4.847418  4749.496959
5.014541  4726.503801
5.181664  4703.077861
5.348787  4679.213974
5.515910  4654.917732
5.683033  4630.210154
5.850156  4605.133315
6.017279  4579.752065
6.184402  4554.145314
6.351525  4528.398300
6.518648  4502.603964
6.685771  4476.865810
6.852894  4451.289347
7.020017  4425.971070
7.187140  4400.991873
7.354263  4376.416132
7.521386  4352.296529
7.688509  4328.678555
7.855632  4305.603704
8.022755  4283.111026
8.189878  4261.239132
8.357001  4240.029994
8.524124  4219.534635
8.691247  4199.817980
8.858370  4180.961040
9.025493  4163.057820
9.192616  4146.208048
9.359739  4130.511357
9.526862  4116.067203
9.693985  4102.980613
9.861108  4091.366961
10.028231  4081.355304
10.195354  4073.088569
10.362477  4066.725727
10.529600  4062.446018
10.696723  4060.453551
10.863846  4060.978453
11.030969  4064.271532
11.198092  4070.599858
11.365215  4080.250548
11.532338  4093.528355
11.699461  4110.748664
11.866584  4132.232383
12.033707  4158.318005
12.200830  4189.378306
12.367953  4225.831892
12.535076  4268.140239
12.702199  4316.800953
12.869322  4372.332032
13.036445  4435.229174
13.203568  4505.888960
13.370691  4584.491425
13.537814  4670.893685
13.704937  4764.569939
13.872060  4864.637441
14.039183  4969.959286
14.206306  5079.268383
14.373429  5191.279048
14.540551  5304.756975
14.707674  5418.558863
14.874797  5531.652942
15.041920  5643.129781
15.209043  5752.200138
15.376166  5858.187537
15.543289  5960.516518
15.710412  6058.705974
15.877535  6152.361416
16.044658  6241.170804
16.211781  6324.900396
16.378904  6403.387771
16.546027  6476.531721
16.713150  6544.280611
16.880273  6606.621817
17.047396  6663.575084
17.214519  6715.189578
17.381642  6761.538639
17.548765  6802.713296
17.715888  6838.815543
17.883011  6869.951892
18.050134  6896.226751
18.217257  6917.733110
18.384380  6934.548355
18.551503  6946.731310
18.718626  6954.327787
18.885749  6957.370854
19.052872  6955.882026
19.219995  6949.868317
19.387118  6939.331083
19.554241  6924.276968
19.721364  6904.719515
19.888487  6880.676811
20.055610  6852.178654
20.222733  6819.287822
20.389856  6782.109443
20.556979  6740.778222
20.724102  6695.455691
20.891225  6646.338671
21.058348  6593.671580
21.225471  6537.751171
21.392594  6478.925701
21.559717  6417.588990
21.726840  6354.172813
21.893963  6289.133867
22.061086  6222.936184
22.228209  6156.038901
22.395332  6088.896317
22.562455  6021.952025
22.729578  5955.629974
22.896701  5890.328010
23.063824  5826.409146
23.230947  5764.201044
23.398070  5703.998156
23.565193  5646.061934
23.732316  5590.614998
23.899439  5537.828204
