0.000206  5339.256415
0.167329  5281.510623
0.334452  5227.725153
0.501575  5177.895213
0.668698  5131.994385
0.835821  5089.966032
1.002944  5051.709051
1.170067  5017.062340
1.337190  4985.794015
1.504313  4957.599940
1.671436  4932.116792
1.838559  4908.950515
2.005682  4887.706953
2.172805  4868.016223
2.339928  4849.548594
2.507051  4832.022279
2.674174  4815.201012
2.841297  4798.885232
3.008420  4782.901169
3.175543  4767.091786
3.342666  4751.313534
3.509789  4735.435894
3.676912  4719.344721
3.844035  4702.948355
4.011158  4686.184036
4.178281  4669.015754
4.345404  4651.424064
4.512527  4633.396181
4.679650  4614.918629
4.846773  4595.974279
5.013896  4576.543963
5.181019  4556.611734
5.348142  4536.168458
5.515265  4515.215378
5.682388  4493.770472
5.849511  4471.876530
6.016634  4449.604148
6.183757  4427.041830
6.350880  4404.286517
6.518003  4381.445370
6.685126  4358.638689
6.852249  4335.989099
7.019372  4313.607181
7.186495  4291.582905
7.353618  4269.984359
7.520741  4248.863304
7.687864  4228.261005
7.854987  4208.212390
8.022110  4188.748393
8.189233  4169.898886
8.356356  4151.697765
8.523479  4134.190164
8.690602  4117.438571
8.857725  4101.525429
9.024847  4086.549309
9.191970  4072.615989
9.359093  4059.831022
9.526216  4048.299630
9.693339  4038.133532
9.860462  4029.456855
10.027585  4022.409945
10.194708  4017.149680
10.361831  4013.852069
10.528954  4012.717561
10.696077  4013.976911
10.863200  4017.892197
11.030323  4024.748872
11.197446  4034.850281
11.364569  4048.522569
11.531692  4066.114652
11.698815  4087.991479
11.865938  4114.528776
12.033061  4146.127208
12.200184  4183.233096
12.367307  4226.352973
12.534430  4276.051088
12.701553  4332.942313
12.868676  4397.672699
13.035799  4470.864078
13.202922  4553.011217
13.370045  4644.330852
13.537168  4744.630492
13.704291  4853.245327
13.871414  4969.083372
14.038537  5090.758235
14.205660  5216.742616
14.372783  5345.500287
14.539906  5475.567402
14.707029  5605.597368
14.874152  5734.382630
15.041275  5860.865256
15.208398  5984.133204
15.375521  6103.409900
15.542644  6218.039465
15.709767  6327.477477
15.876890  6431.281412
16.044013  6529.105317
16.211136  6620.695135
16.378259  6705.880956
16.545382  6784.565542
16.712505  6856.710476
16.879628  6922.323887
17.046751  6981.452105
17.213874  7034.175957
17.380997  7080.604344
17.548120  7120.866539
17.715243  7155.104380
17.882366  7183.464570
18.049489  7206.090362
18.216612  7223.109994
18.383735  7234.630609
18.550858  7240.734918
18.717981  7241.487215
18.885104  7236.934719
19.052227  7227.108205
19.219350  7212.019247
19.386473  7191.670693
19.553596  7166.071122
19.720719  7135.237970
19.887842  7099.195661
20.054965  7057.983039
20.222088  7011.675296
20.389211  6960.393979
20.556333  6904.295010
20.723456  6843.567015
20.890579  6778.441731
21.057702  6709.208613
21.224825  6636.221215
21.391948  6559.897073
21.559071  6480.711958
21.726194  6399.191835
21.893317  6315.898598
22.060440  6231.409934
22.227563  6146.304440
22.394686  6061.160064
22.561809  5976.545186
22.728932  5893.006888
22.896055  5811.060999
23.063178  5731.180501
23.230301  5653.794050
23.397424  5579.288055
23.564547  5508.006335
23.731670  5440.241440
23.898793  5376.218222
