0.000530  7439.928505
0.167653  7379.408590
0.334776  7323.530968
0.501899  7271.515003
0.669022  7223.308364
0.836145  7178.290232
1.003268  7136.343154
1.170391  7097.314748
1.337514  7060.885538
1.504637  7027.123339
1.671760  6995.791816
1.838883  6966.502545
2.006006  6939.475743
2.173129  6914.168524
2.340252  6890.265740
2.507375  6867.495431
2.674498  6845.620770
2.841621  6824.083046
3.008744  6802.638568
3.175867  6781.124855
3.342990  6759.430191
3.510113  6737.184814
3.677236  6714.103647
3.844359  6690.060321
4.011482  6665.086320
4.178605  6639.080655
4.345728  6611.971765
4.512851  6584.199612
4.679974  6555.678839
4.847097  6526.368360
5.014219  6496.093697
5.181342  6464.820552
5.348465  6432.318146
5.515588  6398.512526
5.682711  6363.514280
5.849834  6327.216697
6.016957  6289.691110
6.184080  6250.766457
6.351203  6210.443200
6.518326  6169.075515
6.685449  6126.787668
6.852572  6083.421765
7.019695  6039.252033
7.186818  5994.338008
7.353941  5948.778050
7.521064  5902.738253
7.688187  5856.368277
7.855310  5809.815403
8.022433  5763.339758
8.189556  5717.222056
8.356679  5671.618544
8.523802  5626.904233
8.690925  5583.304875
8.858048  5541.170730
9.025171  5500.895416
9.192294  5462.809967
9.359417  5427.276103
9.526540  5394.616038
9.693663  5365.116093
9.860786  5339.137478
10.027909  5317.020519
10.195032  5299.062043
10.362155  5285.545898
10.529278  5276.733031
10.696401  5272.991077
10.863524  5274.679261
11.030647  5282.025552
11.197770  5295.217039
11.364893  5314.572958
11.532016  5340.623362
11.699139  5373.544228
11.866262  5413.503544
12.033385  5460.697504
12.200508  5515.560149
12.367631  5578.625636
12.534754  5650.516640
12.701877  5732.237749
12.869000  5824.906854
13.036123  5929.385088
13.203246  6046.032334
13.370369  6174.519036
13.537492  6314.183197
13.704615  6464.075914
13.871738  6622.554398
14.038861  6788.170488
14.205984  6960.420874
14.373107  7138.607219
14.540230  7322.033178
14.707353  7510.146205
14.874476  7702.267397
15.041599  7897.438480
15.208722  8094.820443
15.375845  8293.164921
15.542968  8491.177748
15.710091  8687.752699
15.877214  8881.069209
16.044337  9070.013244
16.211460  9252.503554
16.378583  9427.568422
16.545706  9594.044559
16.712829  9750.439418
16.879952  9895.563775
17.047075  10028.732093
17.214198  10149.447335
17.381321  10257.339550
17.548444  10351.797350
17.715567  10432.387443
17.882690  10498.802234
18.049813  10550.735235
18.216936  10587.774914
18.384059  10609.835414
18.551182  10617.110352
18.718305  10609.691095
18.885428  10587.755490
19.052551  10552.058388
19.219674  10503.275223
19.386797  10441.959006
19.553920  10368.903249
19.721043  10285.136807
19.888165  10191.495524
20.055288  10089.011066
20.222411  9978.681929
20.389534  9861.620185
20.556657  9738.804309
20.723780  9611.527960
20.890903  9480.667449
21.058026  9347.244574
21.225149  9212.294671
21.392272  9076.824169
21.559395  8941.787516
21.726518  8808.148028
21.893641  8676.813344
22.060764  8548.745467
22.227887  8424.766715
22.395010  8305.028718
22.562133  8190.075923
22.729256  8080.528421
22.896379  7976.821484
23.063502  7879.131666
23.230625  7787.542295
23.397748  7701.929547
23.564871  7622.048774
23.731994  7547.867556
23.899117  7479.159277
