0.000206  8350.934767
0.167329  8263.337091
0.334452  8181.636221
0.501575  8105.842149
0.668698  8035.928100
0.835821  7971.817376
1.002944  7913.360936
1.170067  7860.314195
1.337190  7812.323519
1.504313  7768.926423
1.671436  7729.572493
1.838559  7693.666757
2.005682  7660.616622
2.172805  7629.868513
2.339928  7600.930899
2.507051  7573.385045
2.674174  7546.881492
2.841297  7521.127081
3.008420  7495.868523
3.175543  7470.878872
3.342666  7445.952292
3.509789  7420.903164
3.676912  7395.570420
3.844035  7369.825690
4.011158  7343.581693
4.178281  7316.788450
4.345404  7289.418197
4.512526  7261.452098
4.679649  7232.871845
4.846772  7203.656876
5.013895  7173.786379
5.181018  7143.245104
5.348141  7112.027911
5.515264  7080.144515
5.682387  7047.629142
5.849510  7014.553080
6.016633  6981.029675
6.183756  6947.199655
6.350879  6913.216293
6.518002  6879.247981
6.685125  6845.482583
6.852248  6812.111804
7.019371  6779.309913
7.186494  6747.220789
7.353617  6715.955204
7.520740  6685.597426
7.687863  6656.212549
7.854986  6627.851798
8.022109  6600.555886
8.189232  6574.359506
8.356355  6549.298747
8.523478  6525.421886
8.690601  6502.799310
8.857724  6481.528578
9.024847  6461.730353
9.191970  6443.536501
9.359093  6427.080383
9.526216  6412.497057
9.693339  6399.933175
9.860462  6389.555992
10.027585  6381.559041
10.194708  6376.162380
10.361831  6373.615696
10.528954  6374.205936
10.696077  6378.265483
10.863200  6386.173125
11.030323  6398.341994
11.197446  6415.212400
11.364569  6437.260091
11.531692  6464.997568
11.698815  6498.964442
11.865938  6539.719598
12.033061  6587.860696
12.200184  6644.053664
12.367307  6709.053448
12.534430  6783.701588
12.701553  6868.916342
12.868676  6965.662375
13.035799  7074.867649
13.202922  7197.274073
13.370045  7333.220638
13.537168  7482.448873
13.704291  7644.004383
13.871414  7816.292955
14.038537  7997.261922
14.205660  8184.618679
14.372783  8376.026801
14.539906  8569.235829
14.707029  8762.160291
14.874152  8952.923738
15.041275  9139.883929
15.208398  9321.634959
15.375521  9496.995851
15.542644  9664.990554
15.709767  9824.832777
15.876890  9975.909764
16.044013  10117.770632
16.211135  10250.115243
16.378258  10372.778356
16.545381  10485.708691
16.712504  10588.945222
16.879627  10682.595126
17.046750  10766.818360
17.213873  10841.818827
17.380996  10907.833148
17.548119  10965.117549
17.715242  11013.934461
17.882365  11054.539507
18.049488  11087.167847
18.216611  11112.017700
18.383734  11129.241721
18.550857  11138.944045
18.717980  11141.189948
18.885103  11136.010301
19.052226  11123.404645
19.219349  11103.339745
19.386472  11075.767102
19.553595  11040.644929
19.720718  10997.940394
19.887841  10947.622689
20.054964  10889.678771
20.222087  10824.161397
20.389210  10751.208044
20.556333  10671.010668
20.723456  10583.806161
20.890579  10489.892134
21.057702  10389.652526
21.224825  10283.570580
21.391948  10172.229837
21.559071  10056.306731
21.726194  9936.559371
21.893317  9813.806620
22.060440  9688.900288
22.227563  9562.705214
22.394686  9436.096398
22.561809  9309.944879
22.728932  9185.096785
22.896055  9062.354154
23.063178  8942.456144
23.230301  8826.076764
23.397424  8713.828443
23.564547  8606.260683
23.731670  8503.843918
23.898793  8406.941986
