0.000847  3682.875966
0.167970  3655.234762
0.335093  3629.063580
0.502216  3604.249050
0.669339  3580.694985
0.836462  3558.328253
1.003585  3537.148589
1.170708  3517.141186
1.337831  3498.254824
1.504954  3480.419253
1.672077  3463.584065
1.839200  3447.661669
2.006323  3432.564311
2.173446  3418.182090
2.340569  3404.417542
2.507692  3391.166354
2.674815  3378.326427
2.841938  3365.857233
3.009061  3353.684407
3.176184  3341.691895
3.343307  3329.769845
3.510430  3317.865619
3.677553  3305.978900
3.844676  3294.116791
4.011799  3282.225507
4.178922  3270.293270
4.346045  3258.335885
4.513168  3246.369671
4.680291  3234.415377
4.847414  3222.453665
5.014537  3210.437976
5.181660  3198.332070
5.348783  3186.091591
5.515906  3173.689310
5.683029  3161.087744
5.850152  3148.251715
6.017275  3135.176851
6.184398  3121.863786
6.351521  3108.310314
6.518644  3094.548002
6.685767  3080.617944
6.852889  3066.549057
7.020012  3052.350960
7.187135  3038.070831
7.354258  3023.710226
7.521381  3009.300114
7.688504  2994.856783
7.855627  2980.425973
8.022750  2966.074739
8.189873  2951.866281
8.356996  2937.855410
8.524119  2924.124193
8.691242  2910.792802
8.858365  2897.979350
9.025488  2885.827553
9.192611  2874.481776
9.359734  2864.080145
9.526857  2854.751086
9.693980  2846.614137
9.861103  2839.789781
10.028226  2834.389591
10.195349  2830.514366
10.362472  2828.231810
10.529595  2827.641986
10.696718  2828.830699
10.863841  2831.896124
11.030964  2836.931713
11.198087  2844.075883
11.365210  2853.502604
11.532333  2865.386305
11.699456  2879.836120
11.866579  2896.964279
12.033702  2916.916824
12.200825  2939.930046
12.367948  2966.309112
12.535071  2996.418333
12.702194  3030.644704
12.869317  3069.322217
13.036440  3112.675176
13.203563  3160.713938
13.370686  3213.274481
13.537809  3269.944108
13.704932  3330.119382
13.872055  3393.214126
14.039178  3458.757917
14.206301  3526.423571
14.373424  3595.854387
14.540547  3666.735785
14.707670  3738.749155
14.874793  3811.599320
15.041916  3885.073995
15.209039  3958.902140
15.376162  4032.744803
15.543285  4106.226780
15.710408  4178.925471
15.877531  4250.315278
16.044654  4319.840443
16.211777  4386.991454
16.378899  4451.223685
16.546022  4512.086376
16.713145  4569.173941
16.880268  4622.066814
17.047391  4670.482321
17.214514  4714.195900
17.381637  4753.013321
17.548760  4786.768655
17.715883  4815.393985
17.883006  4838.892696
18.050129  4857.187349
18.217252  4870.194310
18.384375  4877.899224
18.551498  4880.400235
18.718621  4877.811763
18.885744  4870.257371
19.052867  4857.910055
19.219990  4840.984898
19.387113  4819.665367
19.554236  4794.173593
19.721359  4764.767887
19.888482  4731.717949
20.055605  4695.340791
20.222728  4655.986356
20.389851  4613.973700
20.556974  4569.686515
20.724097  4523.478629
20.891220  4475.727092
21.058343  4426.797543
21.225466  4377.064398
21.392589  4326.923711
21.559712  4276.748340
21.726835  4226.879897
21.893958  4177.583895
22.061081  4129.127939
22.228204  4081.838855
22.395327  4035.929828
22.562450  3991.575622
22.729573  3948.902699
22.896696  3908.009526
23.063819  3868.965972
23.230942  3831.758185
23.398065  3796.338435
23.565188  3762.666276
23.732311  3730.704195
23.899434  3700.427838
