0.000531  2226.825159
0.167654  2207.910379
0.334777  2190.276111
0.501900  2173.716641
0.669023  2158.163796
0.836146  2143.534084
1.003269  2129.737037
1.170392  2116.750484
1.337515  2104.538460
1.504638  2093.038350
1.671761  2082.220369
1.838884  2072.090115
2.006007  2062.492730
2.173130  2053.408028
2.340253  2044.778603
2.507376  2036.455831
2.674499  2028.320846
2.841622  2020.313408
3.008745  2012.390804
3.175868  2004.477086
3.342991  1996.575656
3.510114  1988.651625
3.677237  1980.619400
3.844360  1972.425978
4.011483  1964.085128
4.178606  1955.627120
4.345729  1947.031994
4.512852  1938.353443
4.679975  1929.650678
4.847098  1920.929376
5.014221  1912.081070
5.181344  1903.063866
5.348467  1893.821470
5.515589  1884.339944
5.682712  1874.593453
5.849835  1864.558363
6.016958  1854.235364
6.184081  1843.652662
6.351204  1832.756734
6.518327  1821.531039
6.685450  1810.039893
6.852573  1798.405001
7.019696  1786.583334
7.186819  1774.588433
7.353942  1762.404036
7.521065  1750.021357
7.688188  1737.493819
7.855311  1724.896835
8.022434  1712.286603
8.189557  1699.728573
8.356680  1687.300708
8.523803  1675.039280
8.690926  1663.066143
8.858049  1651.513701
9.025172  1640.518814
9.192295  1630.176976
9.359418  1620.577895
9.526541  1611.815747
9.693664  1603.961013
9.860787  1597.096730
10.027910  1591.298470
10.195033  1586.643178
10.362156  1583.181255
10.529279  1580.982501
10.696402  1580.153234
10.863525  1580.796656
11.030648  1582.974896
11.197771  1586.766837
11.364894  1592.306515
11.532017  1599.804420
11.699140  1609.329122
11.866263  1620.949215
12.033386  1634.817020
12.200509  1651.098400
12.367632  1669.972015
12.534755  1691.736376
12.701878  1716.846103
12.869001  1745.822751
13.036124  1778.969257
13.203247  1816.538000
13.370370  1858.257379
13.537493  1903.560193
13.704616  1951.815554
13.871739  2002.273542
14.038862  2054.506260
14.205985  2108.129016
14.373108  2162.945567
14.540231  2218.825839
14.707354  2275.693990
14.874477  2333.381274
15.041600  2391.678487
15.208723  2450.381844
15.375846  2509.198904
15.542969  2567.832841
15.710092  2625.978441
15.877215  2683.273275
16.044338  2739.344302
16.211461  2793.834379
16.378584  2846.285241
16.545707  2896.225750
16.712830  2943.260498
16.879953  2987.082995
17.047076  3027.301787
17.214199  3063.607735
17.381322  3095.824015
17.548445  3123.762064
17.715568  3147.267157
17.882691  3166.257037
18.049814  3180.690787
18.216937  3190.539845
18.384060  3195.863259
18.551183  3196.743635
18.718306  3193.284256
18.885429  3185.591824
19.052552  3173.854303
19.219675  3158.286477
19.386798  3139.045860
19.553921  3116.323058
19.721044  3090.376153
19.888167  3061.426835
20.055290  3029.771322
20.222413  2995.719119
20.389535  2959.590897
20.556658  2921.706710
20.723781  2882.419515
20.890904  2842.053388
21.058027  2800.984171
21.225150  2759.547918
21.392273  2718.071495
21.559396  2676.880129
21.726519  2636.323578
21.893642  2596.693073
22.060765  2558.282271
22.227888  2521.328102
22.395011  2485.830535
22.562134  2451.852196
22.729257  2419.464664
22.896380  2388.800418
23.063503  2359.833343
23.230626  2332.523387
23.397749  2306.845409
23.564872  2282.705957
23.731995  2260.086558
23.899118  2238.972214
