0.000853  2610.830753
0.167976  2591.718897
0.335099  2573.866065
0.502222  2557.184420
0.669345  2541.595928
0.836468  2527.033624
1.003591  2513.437235
1.170714  2500.748683
1.337837  2488.907065
1.504960  2477.845138
1.672083  2467.485726
1.839206  2457.743191
2.006329  2448.527862
2.173452  2439.752571
2.340575  2431.337051
2.507698  2423.212599
2.674821  2415.324981
2.841944  2407.635362
3.009067  2400.117873
3.176190  2392.753074
3.343313  2385.522490
3.510436  2378.403972
3.677559  2371.371571
3.844682  2364.397151
4.011805  2357.452833
4.178928  2350.509489
4.346051  2343.532702
4.513174  2336.480256
4.680297  2329.299437
4.847420  2321.925357
5.014543  2314.282648
5.181666  2306.293475
5.348789  2297.885902
5.515912  2288.999799
5.683035  2279.588052
5.850158  2269.617593
6.017281  2259.070611
6.184404  2247.943884
6.351527  2236.254269
6.518650  2224.044629
6.685773  2211.377312
6.852896  2198.321741
7.020019  2184.948918
7.187142  2171.332237
7.354265  2157.549356
7.521388  2143.684739
7.688511  2129.830791
7.855634  2116.086787
8.022757  2102.556328
8.189880  2089.344530
8.357003  2076.557478
8.524126  2064.302505
8.691249  2052.687217
8.858372  2041.816899
9.025495  2031.789231
9.192618  2022.688529
9.359740  2014.583222
9.526863  2007.527620
9.693986  2001.566548
9.861109  1996.738641
10.028232  1993.077429
10.195355  1990.610633
10.362478  1989.363233
10.529601  1989.365293
10.696724  1990.656669
10.863847  1993.283823
11.030970  1997.296862
11.198093  2002.755818
11.365216  2009.738347
11.532339  2018.335443
11.699462  2028.643559
11.866585  2040.763141
12.033708  2054.811850
12.200831  2070.937290
12.367954  2089.326439
12.535077  2110.202327
12.702200  2133.808361
12.869323  2160.372827
13.036446  2190.058085
13.203569  2222.922268
13.370692  2258.891675
13.537815  2297.769845
13.704938  2339.268870
13.872061  2383.045429
14.039184  2428.741004
14.206307  2476.010723
14.373430  2524.539059
14.540553  2574.038163
14.707676  2624.243892
14.874799  2674.911418
15.041922  2725.815505
15.209045  2776.748644
15.376168  2827.516185
15.543291  2877.929236
15.710414  2927.801447
15.877537  2976.943727
16.044660  3025.161054
16.211783  3072.250683
16.378906  3118.001049
16.546029  3162.191177
16.713152  3204.588163
16.880275  3244.948191
17.047398  3283.019036
17.214521  3318.546461
17.381644  3351.277088
17.548767  3380.961497
17.715890  3407.359751
17.883013  3430.248609
18.050136  3449.431033
18.217259  3464.739635
18.384382  3476.041385
18.551505  3483.239259
18.718628  3486.278144
18.885751  3485.149359
19.052873  3479.894198
19.219996  3470.598785
19.387119  3457.386851
19.554242  3440.424653
19.721365  3419.927122
19.888488  3396.158919
20.055611  3369.421654
20.222734  3340.033815
20.389857  3308.321799
20.556980  3274.622268
20.724103  3239.281816
20.891226  3202.651961
21.058349  3165.082961
21.225472  3126.917476
21.392595  3088.486683
21.559718  3050.104752
21.726841  3012.063453
21.893964  2974.626522
22.061087  2938.021819
22.228210  2902.438918
22.395333  2868.035939
22.562456  2834.937429
22.729579  2803.235632
22.896702  2772.995842
23.063825  2744.257320
23.230948  2717.035911
23.398071  2691.327729
23.565194  2667.117011
23.732317  2644.379135
23.899440  2623.077703
