0.000529  19648.806162
0.167652  19431.329273
0.334775  19222.351552
0.501898  19020.358667
0.669021  18827.260866
0.836144  18642.109697
1.003267  18466.950716
1.170390  18302.932254
1.337513  18149.893333
1.504636  18008.857819
1.671759  17878.448611
1.838882  17756.407822
2.006005  17643.192489
2.173128  17535.803922
2.340251  17432.253674
2.507374  17331.263478
2.674497  17231.936541
2.841620  17132.393151
3.008743  17032.183771
3.175866  16931.059322
3.342989  16829.006664
3.510112  16725.198698
3.677235  16619.007448
3.844358  16510.383247
4.011481  16400.074834
4.178604  16288.486603
4.345727  16176.089468
4.512850  16065.169307
4.679973  15956.617859
4.847096  15851.514361
5.014219  15749.216257
5.181342  15650.049688
5.348465  15553.608473
5.515588  15459.988366
5.682711  15369.744330
5.849834  15282.781780
6.016957  15199.817813
6.184080  15121.102371
6.351203  15046.439128
6.518326  14976.607625
6.685449  14912.293691
6.852572  14853.306034
7.019695  14800.211893
7.186818  14752.513841
7.353941  14709.263188
7.521064  14669.705389
7.688187  14633.080894
7.855310  14598.605085
8.022433  14565.927996
8.189556  14534.818840
8.356679  14504.623127
8.523802  14475.547327
8.690925  14447.472386
8.858048  14420.966092
9.025171  14396.737288
9.192294  14375.116958
9.359417  14356.361556
9.526540  14340.467937
9.693663  14327.321627
9.860786  14317.170112
10.027909  14310.425939
10.195032  14307.216858
10.362154  14307.708737
10.529277  14312.196345
10.696400  14321.527329
10.863523  14336.817356
11.030646  14359.078750
11.197769  14389.204365
11.364892  14429.183392
11.532015  14481.974204
11.699138  14548.952948
11.866261  14632.171038
12.033384  14733.755228
12.200507  14857.599874
12.367630  15009.030891
12.534753  15194.110224
12.701876  15420.022447
12.868999  15693.422735
13.036122  16019.343860
13.203245  16399.942337
13.370368  16831.766236
13.537491  17305.477881
13.704614  17805.970687
13.871737  18313.232078
14.038860  18809.879079
14.205983  19286.645067
14.373106  19738.028795
14.540229  20161.636078
14.707352  20557.977828
14.874475  20928.704287
15.041598  21274.603389
15.208721  21597.696757
15.375844  21898.245504
15.542967  22176.227048
15.710090  22432.362635
15.877213  22664.004028
16.044336  22871.611681
16.211459  23052.113753
16.378582  23207.414879
16.545705  23338.741207
16.712828  23446.541899
16.879951  23532.770487
17.047074  23600.333512
17.214197  23652.964516
17.381320  23694.277661
17.548443  23726.792877
17.715566  23753.322452
17.882689  23776.444259
18.049812  23798.193488
18.216935  23819.673216
18.384058  23841.886702
18.551181  23865.864652
18.718304  23891.268673
18.885427  23917.325447
19.052550  23944.481780
19.219673  23971.573988
19.386796  23996.083624
19.553919  24015.988680
19.721042  24029.371054
19.888165  24032.786276
20.055288  24022.473912
20.222411  23995.555041
20.389534  23951.168577
20.556657  23888.133574
20.723780  23806.576116
20.890903  23705.503187
21.058026  23584.583911
21.225149  23444.163137
21.392272  23284.886519
21.559395  23107.647257
21.726518  22914.155470
21.893641  22706.604715
22.060764  22487.541478
22.227887  22258.785838
22.395010  22019.649502
22.562133  21772.207214
22.729256  21520.055193
22.896379  21265.720867
23.063502  21010.910499
23.230625  20757.198055
23.397748  20506.047789
23.564871  20258.860821
23.731994  20018.221498
23.899117  19785.694982
