0.000846  6603.369925
0.167969  6553.654866
0.335092  6506.886497
0.502215  6462.808218
0.669338  6421.200139
0.836461  6381.888931
1.003584  6344.751996
1.170707  6309.704102
1.337830  6276.688513
1.504953  6245.667596
1.672076  6216.577795
1.839199  6189.318398
2.006322  6163.766411
2.173445  6139.736032
2.340568  6117.002642
2.507691  6095.334194
2.674814  6074.498023
2.841937  6054.275803
3.009060  6034.484202
3.176183  6014.970303
3.343306  5995.590883
3.510429  5976.199105
3.677552  5956.658715
3.844675  5936.873257
4.011798  5916.790275
4.178921  5896.415847
4.346044  5875.776549
4.513167  5854.909451
4.680290  5833.820955
4.847413  5812.461111
5.014536  5790.740413
5.181659  5768.561015
5.348782  5745.841998
5.515905  5722.544193
5.683028  5698.645899
5.850151  5674.129502
6.017274  5648.983192
6.184397  5623.192751
6.351520  5596.768197
6.518643  5569.776545
6.685766  5542.319893
6.852888  5514.481111
7.020011  5486.309552
7.187134  5457.846932
7.354257  5429.134524
7.521380  5400.242469
7.688503  5371.269050
7.855626  5342.337306
8.022749  5313.591182
8.189872  5285.181255
8.356995  5257.260422
8.524118  5230.008263
8.691241  5203.645847
8.858364  5178.415361
9.025487  5154.569413
9.192610  5132.357294
9.359733  5112.009625
9.526856  5093.749257
9.693979  5077.796777
9.861102  5064.371621
10.028225  5053.693682
10.195348  5045.964014
10.362471  5041.363132
10.529594  5040.087369
10.696717  5042.348201
10.863840  5048.352630
11.030963  5058.280995
11.198086  5072.315009
11.365209  5090.668971
11.532332  5113.573267
11.699455  5141.228702
11.866578  5173.792735
12.033701  5211.440798
12.200824  5254.463572
12.367947  5303.318931
12.535070  5358.627341
12.702193  5421.074052
12.869316  5491.208582
13.036439  5569.281686
13.203562  5655.196471
13.370685  5748.597898
13.537808  5848.889142
13.704931  5955.280154
13.872054  6066.960491
14.039177  6183.241979
14.206300  6303.566287
14.373423  6427.478113
14.540546  6554.563227
14.707669  6684.418203
14.874792  6816.573439
15.041915  6950.465356
15.209038  7085.416193
15.376161  7220.692220
15.543284  7355.471243
15.710407  7488.874766
15.877530  7619.962526
16.044653  7747.751055
16.211776  7871.294436
16.378899  7989.685372
16.546022  8102.079470
16.713144  8207.717851
16.880267  8305.960954
17.047390  8396.314038
17.214513  8478.381441
17.381636  8551.851585
17.548759  8616.438925
17.715882  8671.879100
17.883005  8717.926940
18.050128  8754.375876
18.217251  8781.083995
18.384374  8797.985955
18.551497  8805.101083
18.718620  8802.525417
18.885743  8790.454488
19.052866  8769.205204
19.219989  8739.163710
19.387112  8700.745221
19.554235  8654.392874
19.721358  8600.628481
19.888481  8540.041677
20.055604  8473.271829
20.222727  8400.974439
20.389850  8323.792006
20.556973  8242.406597
20.724096  8157.490538
20.891219  8069.713548
21.058342  7979.725388
21.225465  7888.159636
21.392588  7795.660541
21.559711  7702.857281
21.726834  7610.376225
21.893957  7518.818491
22.061080  7428.740110
22.228203  7340.693305
22.395326  7255.119727
22.562449  7172.394193
22.729572  7092.853626
22.896695  7016.754617
23.063818  6944.243369
23.230941  6875.362644
23.398064  6810.067152
23.565187  6748.294086
23.732310  6689.988914
23.899433  6635.080161
