0.000532  4800.402161
0.167655  4753.459108
0.334778  4709.837504
0.501901  4669.474328
0.669024  4632.302126
0.836147  4598.203617
1.003270  4567.042609
1.170393  4538.634899
1.337516  4512.728752
1.504639  4489.021138
1.671762  4467.157168
1.838885  4446.771733
2.006008  4427.513227
2.173131  4409.054456
2.340254  4391.100396
2.507377  4373.406229
2.674500  4355.775309
2.841623  4338.050113
3.008746  4320.104974
3.175869  4301.828370
3.342992  4283.123683
3.510115  4263.915265
3.677238  4244.141811
3.844361  4223.755160
4.011484  4202.738444
4.178607  4181.095704
4.345730  4158.835567
4.512853  4135.972886
4.679976  4112.543998
4.847099  4088.570518
5.014222  4063.996455
5.181345  4038.821699
5.348468  4013.046502
5.515591  3986.681369
5.682714  3959.747437
5.849837  3932.286843
6.016960  3904.380783
6.184083  3876.129496
6.351206  3847.606027
6.518329  3818.884324
6.685452  3790.062127
6.852575  3761.243065
7.019698  3732.520886
7.186821  3703.972670
7.353944  3675.656816
7.521067  3647.627027
7.688190  3619.934713
7.855313  3592.630755
8.022436  3565.763685
8.189559  3539.384977
8.356682  3513.548420
8.523805  3488.318109
8.690928  3463.776645
8.858051  3440.029542
9.025174  3417.201235
9.192297  3395.423903
9.359420  3374.828141
9.526543  3355.549029
9.693666  3337.726630
9.860789  3321.518606
10.027912  3307.091289
10.195035  3294.619572
10.362158  3284.289514
10.529281  3276.301964
10.696404  3270.873209
10.863527  3268.234231
11.030650  3268.628808
11.197773  3272.305785
11.364896  3279.568723
11.532019  3290.734568
11.699142  3306.074056
11.866265  3325.894802
12.033388  3350.516280
12.200511  3380.306733
12.367634  3415.687787
12.534757  3457.131380
12.701880  3505.181466
12.869003  3560.457271
13.036126  3623.674806
13.203249  3695.644271
13.370371  3776.964221
13.537494  3867.776432
13.704617  3967.581165
13.871740  4075.225815
14.038863  4189.232095
14.205986  4307.994920
14.373109  4429.935582
14.540232  4553.574374
14.707355  4677.572921
14.874478  4800.746753
15.041601  4922.067396
15.208724  5040.653099
15.375847  5155.754387
15.542970  5266.737907
15.710093  5373.079829
15.877216  5474.355820
16.044339  5570.232988
16.211462  5660.468849
16.378585  5744.896773
16.545708  5823.420959
16.712831  5895.987109
16.879954  5962.588830
17.047077  6023.259619
17.214200  6078.072074
17.381323  6127.129758
17.548446  6170.550142
17.715569  6208.465553
17.882692  6241.015463
18.049815  6268.332230
18.216938  6290.535387
18.384061  6307.723546
18.551184  6319.973741
18.718307  6327.344706
18.885430  6329.878854
19.052553  6327.613137
19.219676  6320.567100
19.386799  6308.737045
19.553922  6292.136872
19.721045  6270.792592
19.888168  6244.729284
20.055291  6213.952108
20.222414  6178.513226
20.389537  6138.538866
20.556660  6094.157331
20.723783  6045.525748
20.890906  5992.849646
21.058029  5936.387752
21.225152  5876.468110
21.392275  5813.483249
21.559398  5747.876936
21.726521  5680.147273
21.893644  5610.821848
22.060767  5540.435311
22.227890  5469.486962
22.395013  5398.412783
22.562136  5327.732415
22.729259  5257.985953
22.896382  5189.668304
23.063505  5123.198348
23.230628  5058.960832
23.397751  4997.311289
23.564874  4938.549292
23.731997  4882.905319
23.899120  4830.538184
