0.000852  8396.627514
0.167974  8336.328143
0.335097  8280.201626
0.502220  8227.968885
0.669343  8179.372607
0.836466  8134.180366
1.003589  8092.175778
1.170712  8053.146099
1.337835  8016.871226
1.504958  7983.115931
1.672081  7951.622332
1.839204  7922.114986
2.006327  7894.313120
2.173450  7867.945648
2.340573  7842.761725
2.507696  7818.538858
2.674819  7795.086539
2.841942  7772.246757
3.009065  7749.888998
3.176188  7727.898087
3.343311  7706.162959
3.510434  7684.567163
3.677557  7662.987053
3.844680  7641.296283
4.011803  7619.372758
4.178926  7597.096029
4.346049  7574.337255
4.513172  7550.952217
4.680295  7526.779266
4.847418  7501.644000
5.014541  7475.369033
5.181664  7447.788957
5.348787  7418.761200
5.515910  7388.174521
5.683033  7355.950880
5.850156  7322.048432
6.017279  7286.463817
6.184402  7249.228574
6.351525  7210.414291
6.518648  7170.141755
6.685771  7128.571187
6.852894  7085.880321
7.020017  7042.253346
7.187140  6997.882356
7.354263  6952.972759
7.521386  6907.749646
7.688509  6862.461136
7.855632  6817.376367
8.022755  6772.780349
8.189878  6728.968668
8.357001  6686.246284
8.524124  6644.928267
8.691247  6605.338598
8.858370  6567.806064
9.025493  6532.654339
9.192616  6500.190320
9.359739  6470.695616
9.526862  6444.427811
9.693985  6421.627152
9.861107  6402.521319
10.028230  6387.325445
10.195353  6376.238052
10.362476  6369.443639
10.529599  6367.122543
10.696722  6369.457755
10.863845  6376.626504
11.030968  6388.792085
11.198091  6406.116064
11.365214  6428.777170
11.532337  6456.972493
11.699460  6490.903142
11.866583  6530.768355
12.033706  6576.788699
12.200829  6629.238016
12.367952  6688.467461
12.535075  6754.904335
12.702198  6829.026562
12.869321  6911.304251
13.036444  7002.128061
13.203567  7101.760508
13.370690  7210.293633
13.537813  7327.633995
13.704936  7453.505811
13.872059  7587.467448
14.039182  7728.946185
14.206305  7877.274349
14.373428  8031.715320
14.540551  8191.471688
14.707674  8355.691430
14.874797  8523.475401
15.041920  8693.892938
15.209043  8865.993330
15.376166  9038.810974
15.543289  9211.365793
15.710412  9382.669948
15.877535  9551.731892
16.044658  9717.562320
16.211781  9879.180750
16.378904  10035.621421
16.546027  10185.937854
16.713150  10329.203817
16.880273  10464.519764
17.047396  10591.020138
17.214519  10707.887163
17.381642  10814.358757
17.548765  10909.735648
17.715888  10993.391196
17.883011  11064.783391
18.050134  11123.469931
18.217257  11169.114302
18.384380  11201.492787
18.551503  11220.494667
18.718626  11226.129428
18.885749  11218.532012
19.052872  11197.963821
19.219995  11164.798279
19.387118  11119.505451
19.554241  11062.661442
19.721363  10994.966355
19.888486  10917.253911
20.055609  10830.458128
20.222732  10735.540955
20.389855  10633.464008
20.556978  10525.221424
20.724101  10411.850691
20.891224  10294.419615
21.058347  10174.002441
21.225470  10051.659634
21.392593  9928.423961
21.559716  9805.281903
21.726839  9683.153748
21.893962  9562.876211
22.061085  9445.186236
22.228208  9330.714090
22.395331  9219.992971
22.562454  9113.460821
22.729577  9011.458879
22.896700  8914.237731
23.063823  8821.958998
23.230946  8734.702405
23.398069  8652.478273
23.565192  8575.245321
23.732315  8502.919496
23.899438  8435.368277
