0.000531  2709.855143
0.167654  2681.611312
0.334777  2654.960843
0.501900  2629.867481
0.669023  2606.331943
0.836146  2584.317241
1.003269  2563.801273
1.170391  2544.741124
1.337514  2527.069323
1.504637  2510.637039
1.671760  2495.305638
1.838883  2480.968904
2.006006  2467.355601
2.173129  2454.353867
2.340252  2441.803533
2.507375  2429.498259
2.674498  2417.271094
2.841621  2405.038186
3.008744  2392.710712
3.175867  2380.170863
3.342990  2367.382938
3.510113  2354.310789
3.677236  2340.885290
3.844359  2327.074747
4.011482  2312.914203
4.178605  2298.474451
4.345728  2283.804071
4.512851  2269.007251
4.679974  2254.242498
4.847097  2239.617599
5.014220  2225.088306
5.181343  2210.711800
5.348466  2196.524052
5.515589  2182.574917
5.682712  2168.892578
5.849835  2155.520238
6.016958  2142.515097
6.184081  2129.982139
6.351204  2117.904816
6.518327  2106.242970
6.685450  2095.030509
6.852573  2084.356709
7.019696  2074.166095
7.186819  2064.415505
7.353942  2055.017149
7.521065  2045.871472
7.688188  2036.917722
7.855311  2028.111718
8.022434  2019.383141
8.189557  2010.670872
8.356680  2001.936920
8.523803  1993.105790
8.690926  1984.193742
8.858049  1975.249029
9.025172  1966.347630
9.192295  1957.558173
9.359418  1948.951283
9.526541  1940.622911
9.693664  1932.659722
9.860787  1925.168985
10.027910  1918.271617
10.195033  1912.098923
10.362156  1906.780561
10.529279  1902.480243
10.696402  1899.383598
10.863525  1897.682196
11.030648  1897.563131
11.197771  1899.222327
11.364894  1902.903745
11.532017  1908.890954
11.699140  1917.320918
11.866263  1928.347670
12.033386  1942.194874
12.200509  1959.099989
12.367632  1979.353012
12.534755  2003.362051
12.701878  2031.626426
12.869001  2064.700795
13.036124  2103.099855
13.203247  2147.519045
13.370370  2198.254680
13.537493  2255.041700
13.704616  2317.106307
13.871739  2383.193442
14.038862  2452.160618
14.205985  2522.879450
14.373108  2594.526794
14.540231  2666.468439
14.707354  2738.170001
14.874477  2809.072534
15.041600  2878.651175
15.208723  2946.392971
15.375846  3011.746910
15.542969  3074.218847
15.710092  3133.374185
15.877215  3188.806979
16.044337  3240.173320
16.211460  3287.218237
16.378583  3329.702760
16.545706  3367.449407
16.712829  3400.427573
16.879952  3428.779631
17.047075  3452.651092
17.214198  3472.294744
17.381321  3488.103343
17.548444  3500.453914
17.715567  3509.728243
17.882690  3516.327016
18.049813  3520.620727
18.216936  3522.918745
18.384059  3523.508347
18.551182  3522.606306
18.718305  3520.362633
18.885428  3516.859961
19.052551  3512.142608
19.219674  3506.192815
19.386797  3498.897038
19.553920  3490.140056
19.721043  3479.799223
19.888166  3467.702408
20.055289  3453.679091
20.222412  3437.598065
20.389535  3419.380041
20.556658  3398.944877
20.723781  3376.236101
20.890904  3351.237441
21.058027  3323.999601
21.225150  3294.605982
21.392273  3263.188092
21.559396  3229.940346
21.726519  3195.145535
21.893642  3159.119883
22.060765  3122.202261
22.227888  3084.667573
22.395011  3046.673340
22.562134  3008.485204
22.729257  2970.408525
22.896380  2932.794360
23.063503  2895.838855
23.230626  2859.742491
23.397749  2824.741812
23.564872  2790.981777
23.731995  2758.612643
23.899118  2727.787692
