0.000536  14736.428881
0.167659  14586.807161
0.334782  14447.281926
0.501905  14317.873612
0.669028  14198.530355
0.836151  14089.107319
1.003274  13989.331343
1.170397  13898.765335
1.337520  13816.789750
1.504643  13742.606854
1.671766  13675.278331
1.838889  13613.798128
2.006012  13557.169180
2.173135  13504.461753
2.340258  13454.849351
2.507381  13407.625423
2.674504  13362.197213
2.841627  13318.063778
3.008750  13274.789199
3.175873  13231.981408
3.342996  13189.284994
3.510119  13146.380300
3.677242  13102.990269
3.844365  13058.891791
4.011488  13013.926877
4.178611  12967.996565
4.345734  12921.038900
4.512857  12873.010774
4.679980  12823.876807
4.847103  12773.605022
5.014226  12722.168130
5.181349  12669.550957
5.348472  12615.756764
5.515595  12560.815265
5.682718  12504.799145
5.849841  12447.844523
6.016964  12390.158509
6.184087  12331.994737
6.351210  12273.627842
6.518333  12215.355688
6.685456  12157.507434
6.852579  12100.420232
7.019702  12044.406130
7.186825  11989.729952
7.353948  11936.602240
7.521071  11885.187435
7.688194  11835.613550
7.855316  11787.980440
8.022439  11742.365643
8.189562  11698.832033
8.356685  11657.439907
8.523808  11618.264607
8.690931  11581.413479
8.858054  11547.035897
9.025177  11515.319023
9.192300  11486.470785
9.359423  11460.705988
9.526546  11438.245933
9.693669  11419.333334
9.860792  11404.245951
10.027915  11393.305562
10.195038  11386.877377
10.362161  11385.373030
10.529284  11389.261402
10.696407  11399.080289
10.863530  11415.438558
11.030653  11438.998371
11.197776  11470.462184
11.364899  11510.585396
11.532022  11560.178048
11.699145  11620.093827
11.866268  11691.220838
12.033391  11774.514858
12.200514  11871.044525
12.367637  11982.023749
12.534760  12108.809857
12.701883  12252.895566
12.869006  12415.875434
13.036129  12599.323772
13.203252  12804.551793
13.370375  13032.232211
13.537498  13282.057743
13.704621  13552.564992
13.871744  13841.213183
14.038867  14144.667769
14.205990  14459.147536
14.373113  14780.748175
14.540236  15105.665281
14.707359  15430.338295
14.874482  15751.537568
15.041605  16066.417951
15.208728  16372.531887
15.375851  16667.818455
15.542974  16950.575991
15.710097  17219.440762
15.877220  17473.360610
16.044343  17711.575019
16.211466  17933.594480
16.378589  18139.172199
16.545712  18328.267687
16.712835  18501.004594
16.879958  18657.630407
17.047081  18798.486561
17.214204  18923.989769
17.381327  19034.609414
17.548450  19130.841825
17.715573  19213.183737
17.882696  19282.106321
18.049819  19338.029048
18.216942  19381.289881
18.384065  19412.131084
18.551188  19430.695816
18.718311  19437.046269
18.885434  19431.172873
19.052557  19413.003274
19.219680  19382.405734
19.386803  19339.223703
19.553926  19283.313147
19.721049  19214.541955
19.888172  19132.775154
20.055295  19037.909562
20.222418  18929.975377
20.389541  18809.174046
20.556664  18675.810733
20.723787  18530.268533
20.890910  18373.034090
21.058033  18204.743332
21.225156  18026.204346
21.392279  17838.399346
21.559402  17642.472899
21.726525  17439.714395
21.893648  17231.522894
22.060771  17019.360724
22.227894  16804.722831
22.395017  16589.132332
22.562140  16374.112631
22.729262  16161.148110
22.896385  15951.647888
23.063508  15746.911967
23.230631  15548.126892
23.397754  15356.369641
23.564877  15172.601233
23.732000  14997.636526
23.899123  14832.100200
