0.000536  10637.008891
0.167659  10544.988332
0.334782  10460.307337
0.501905  10382.489178
0.669028  10311.091294
0.836151  10245.712204
1.003274  10185.979233
1.170397  10131.529008
1.337520  10081.990852
1.504643  10036.974618
1.671766  9996.059073
1.838889  9958.798747
2.006012  9924.742293
2.173135  9893.454308
2.340258  9864.530378
2.507381  9837.609526
2.674504  9812.379715
2.841627  9788.578445
3.008750  9765.983605
3.175873  9744.394585
3.342996  9723.614654
3.510119  9703.437239
3.677242  9683.643848
3.844365  9664.010770
4.011488  9644.320155
4.178611  9624.357078
4.345734  9603.897009
4.512857  9582.698194
4.679980  9560.500838
4.847103  9537.032281
5.014226  9512.016901
5.181349  9485.194131
5.348472  9456.332995
5.515595  9425.245100
5.682718  9391.788690
5.849841  9355.875164
6.016964  9317.473828
6.184087  9276.606984
6.351210  9233.358172
6.518333  9187.886295
6.685456  9140.410485
6.852579  9091.176591
7.019702  9040.440742
7.186825  8988.471525
7.353948  8935.558187
7.521071  8882.019846
7.688194  8828.210367
7.855317  8774.515745
8.022440  8721.346574
8.189563  8669.130552
8.356686  8618.310446
8.523809  8569.345147
8.690932  8522.707902
8.858055  8478.880105
9.025178  8438.336755
9.192301  8401.528764
9.359424  8368.870129
9.526547  8340.739075
9.693670  8317.487466
9.860793  8299.447401
10.027916  8286.930690
10.195039  8280.222511
10.362162  8279.584484
10.529285  8285.268946
10.696408  8297.528382
10.863531  8316.601676
11.030653  8342.699992
11.197776  8376.024187
11.364899  8416.793859
11.532022  8465.253151
11.699145  8521.654880
11.866268  8586.257359
12.033391  8659.362060
12.200514  8741.361153
12.367637  8832.771893
12.534760  8934.237429
12.701883  9046.495915
12.869006  9170.299263
13.036129  9306.302375
13.203252  9454.972510
13.370375  9616.510304
13.537498  9790.828920
13.704621  9977.572568
13.871744  10176.148469
14.038867  10385.772313
14.205990  10605.513055
14.373113  10834.323185
14.540236  11071.046860
14.707359  11314.427335
14.874482  11563.118360
15.041605  11815.708837
15.208728  12070.742359
15.375851  12326.727254
15.542974  12582.139636
15.710097  12835.435916
15.877220  13085.060854
16.044343  13329.458690
16.211466  13567.084390
16.378589  13796.414802
16.545712  14015.957723
16.712835  14224.254330
16.879958  14419.889764
17.047081  14601.503907
17.214204  14767.813241
17.381327  14917.623659
17.548450  15049.842506
17.715573  15163.494301
17.882696  15257.739624
18.049819  15331.898895
18.216942  15385.461727
18.384065  15418.098286
18.551188  15429.660347
18.718311  15420.192770
18.885434  15389.941873
19.052557  15339.356739
19.219680  15269.068066
19.386803  15179.863594
19.553926  15072.700559
19.721049  14948.727408
19.888172  14809.293806
20.055295  14655.903806
20.222418  14490.118906
20.389541  14313.517481
20.556664  14127.731673
20.723787  13934.454958
20.890910  13735.419010
21.058033  13532.358497
21.225156  13326.981313
21.392279  13120.947357
21.559402  12915.840700
21.726525  12713.139565
21.893648  12514.189801
22.060771  12320.180304
22.227894  12132.132489
22.395017  11950.913569
22.562140  11777.237704
22.729263  11611.661682
22.896386  11454.590371
23.063509  11306.278531
23.230632  11166.843185
23.397755  11036.284909
23.564878  10914.516893
23.732001  10801.377893
23.899124  10696.624325
