0.000534  1398.902083
0.167657  1388.445528
0.334780  1379.010121
0.501903  1370.431155
0.669026  1362.591007
0.836149  1355.414039
1.003272  1348.799130
1.170395  1342.695223
1.337518  1337.050886
1.504641  1331.821958
1.671764  1326.973182
1.838887  1322.465964
2.006010  1318.250066
2.173132  1314.284675
2.340255  1310.540006
2.507378  1306.963898
2.674501  1303.516848
2.841624  1300.165901
3.008747  1296.895974
3.175870  1293.698834
3.342993  1290.557482
3.510116  1287.445061
3.677239  1284.339611
3.844362  1281.208785
4.011485  1278.024809
4.178608  1274.766291
4.345731  1271.405321
4.512854  1267.904587
4.679977  1264.231554
4.847100  1260.362353
5.014223  1256.179242
5.181346  1251.595672
5.348469  1246.531167
5.515592  1240.928929
5.682715  1234.735453
5.849838  1227.907160
6.016961  1220.424118
6.184084  1212.255860
6.351207  1203.408083
6.518330  1193.927123
6.685453  1183.873890
6.852576  1173.310276
7.019699  1162.305560
7.186822  1150.939603
7.353945  1139.296248
7.521068  1127.468299
7.688191  1115.559386
7.855314  1103.679166
8.022437  1091.942454
8.189560  1080.457361
8.356683  1069.326026
8.523806  1058.652515
8.690929  1048.536085
8.858052  1039.070738
9.025175  1030.339727
9.192298  1022.405752
9.359421  1015.317734
9.526544  1009.107730
9.693667  1003.798026
9.860790  999.408118
10.027913  995.943609
10.195036  993.412819
10.362159  991.815124
10.529282  991.155522
10.696405  991.455967
10.863528  992.737318
11.030651  995.014574
11.197774  998.313692
11.364897  1002.723693
11.532020  1008.324739
11.699143  1015.150506
11.866266  1023.274108
12.033389  1032.779693
12.200512  1043.776199
12.367635  1056.377371
12.534758  1070.745320
12.701881  1087.123979
12.869004  1105.792579
13.036127  1126.975838
13.203250  1150.740445
13.370373  1176.953275
13.537496  1205.432161
13.704619  1235.873342
13.871742  1267.939733
14.038865  1301.360238
14.205988  1335.897347
14.373111  1371.336518
14.540234  1407.487221
14.707357  1444.191179
14.874480  1481.307775
15.041603  1518.710920
15.208726  1556.288158
15.375849  1593.931297
15.542972  1631.530869
15.710095  1668.971446
15.877218  1706.129486
16.044341  1742.874339
16.211464  1779.058588
16.378587  1814.525044
16.545710  1849.096419
16.712833  1882.579455
16.879956  1914.759001
17.047078  1945.410630
17.214201  1974.308214
17.381324  2001.212491
17.548447  2025.882039
17.715570  2048.063033
17.882693  2067.511357
18.049816  2083.988014
18.216939  2097.283002
18.384062  2107.205803
18.551185  2113.602659
18.718308  2116.359767
18.885431  2115.395958
19.052554  2110.689508
19.219677  2102.284034
19.386800  2090.262831
19.553923  2074.730428
19.721046  2055.870592
19.888169  2033.939468
20.055292  2009.283900
20.222415  1982.243627
20.389538  1953.131072
20.556661  1922.311513
20.723784  1890.149694
20.890907  1857.007139
21.058030  1823.249734
21.225153  1789.244848
21.392276  1755.366849
21.559399  1721.974574
21.726522  1689.377375
21.893645  1657.861271
22.060768  1627.675458
22.227891  1599.054900
22.395014  1572.083758
22.562137  1546.820461
22.729260  1523.308092
22.896383  1501.589361
23.063506  1481.647724
23.230629  1463.422548
23.397752  1446.819193
23.564875  1431.744667
23.731998  1418.102857
23.899121  1405.790145
