0.000206  14294.431173
0.167329  14173.203916
0.334452  14061.869164
0.501575  13959.737706
0.668698  13866.169888
0.835821  13780.587951
1.002943  13702.462872
1.170066  13631.290618
1.337189  13566.571109
1.504312  13507.792008
1.671435  13454.410900
1.838558  13405.860181
2.005681  13361.566279
2.172804  13320.974912
2.339927  13283.568119
2.507050  13248.878726
2.674173  13216.496476
2.841296  13186.069895
3.008419  13157.296268
3.175542  13129.898374
3.342665  13103.601711
3.509788  13078.115751
3.676911  13053.130764
3.844034  13028.326043
4.011157  13003.384402
4.178280  12977.989777
4.345403  12951.813922
4.512526  12924.508362
4.679649  12895.704997
4.846772  12865.024434
5.013895  12832.089337
5.181018  12796.547177
5.348141  12758.086795
5.515264  12716.455205
5.682387  12671.462701
5.849510  12622.990343
6.016633  12570.995197
6.183756  12515.505492
6.350879  12456.633294
6.518002  12394.591714
6.685125  12329.673682
6.852248  12262.209520
7.019371  12192.548413
7.186494  12121.062704
7.353617  12048.158302
7.520740  11974.285719
7.687863  11899.945296
7.854986  11825.683129
8.022109  11752.080403
8.189232  11679.742400
8.356355  11609.295076
8.523478  11541.385254
8.690601  11476.677096
8.857724  11415.843516
9.024847  11359.547727
9.191970  11308.421341
9.359093  11263.047571
9.526216  11223.961498
9.693339  11191.660737
9.860462  11166.612585
10.027585  11149.252396
10.194708  11139.974381
10.361831  11139.134257
10.528954  11147.066247
10.696077  11164.093961
10.863200  11190.511968
11.030323  11226.569002
11.197446  11272.491979
11.364569  11328.524540
11.531692  11394.935311
11.698815  11471.999237
11.865938  11559.994680
12.033061  11659.252563
12.200184  11770.215992
12.367307  11893.484396
12.534430  12029.816143
12.701552  12180.093033
12.868675  12345.223159
13.035798  12526.009931
13.202921  12723.052158
13.370044  12936.657829
13.537167  13166.829886
13.704290  13413.287716
13.871413  13675.486816
14.038536  13952.644962
14.205659  14243.769134
14.372782  14547.674101
14.539905  14862.982629
14.707028  15188.133060
14.874151  15521.397113
15.041274  15860.916529
15.208397  16204.733446
15.375520  16550.809527
15.542643  16897.035862
15.709766  17241.256018
15.876889  17581.280911
16.044012  17914.907539
16.211135  18239.936537
16.378258  18554.191093
16.545381  18855.533361
16.712504  19141.870669
16.879627  19411.173182
17.046750  19661.489809
17.213873  19890.979691
17.380996  20097.929979
17.548119  20280.773900
17.715242  20438.113060
17.882365  20568.744151
18.049488  20671.692733
18.216611  20746.226025
18.383734  20791.869373
18.550857  20808.406344
18.717980  20795.893264
18.885103  20754.668050
19.052226  20685.351340
19.219349  20588.819265
19.386472  20466.169624
19.553595  20318.739799
19.720718  20148.142743
19.887841  19956.290475
20.054964  19745.319182
20.222087  19517.423866
20.389210  19274.794054
20.556333  19019.689655
20.723456  18754.468708
20.890579  18481.554563
21.057702  18203.378281
21.224825  17922.330482
21.391948  17640.729897
21.559071  17360.783247
21.726194  17084.542239
21.893317  16813.867352
22.060440  16550.395141
22.227563  16295.524311
22.394686  16050.431838
22.561809  15816.070860
22.728932  15593.169177
22.896055  15382.239609
23.063178  15183.584310
23.230301  14997.311571
23.397424  14823.363805
23.564547  14661.557672
23.731670  14511.604491
23.898793  14373.104752
