0.000532  10091.638096
0.167655  9994.734103
0.334778  9904.638914
0.501901  9821.260168
0.669024  9744.492015
0.836147  9674.124398
1.003270  9609.894445
1.170393  9551.425280
1.337516  9498.187987
1.504639  9449.538651
1.671762  9404.720055
1.838885  9362.950549
2.006008  9323.478835
2.173131  9285.609620
2.340254  9248.720813
2.507377  9212.295632
2.674500  9175.917308
2.841623  9139.250689
3.008746  9102.024285
3.175869  9063.998088
3.342992  9024.964095
3.510115  8984.757234
3.677238  8943.241888
3.844361  8900.311742
4.011484  8855.921822
4.178607  8810.068093
4.345730  8762.757247
4.512853  8714.007523
4.679976  8663.878088
4.847099  8612.411739
5.014222  8559.527357
5.181345  8505.241246
5.348468  8449.579064
5.515591  8392.586592
5.682714  8334.331584
5.849836  8274.925777
6.016959  8214.555976
6.184082  8153.446193
6.351205  8091.766907
6.518328  8029.691763
6.685451  7967.440706
6.852574  7905.245539
7.019697  7843.317297
7.186820  7781.833638
7.353943  7720.935094
7.521066  7660.748232
7.688189  7601.392065
7.855312  7542.979608
8.022435  7485.612674
8.189558  7429.395575
8.356681  7374.433863
8.523804  7320.848883
8.690927  7268.795853
8.858050  7218.474469
9.025173  7170.122247
9.192296  7123.994539
9.359419  7080.345940
9.526542  7039.443677
9.693665  7001.567424
9.860788  6967.034025
10.027911  6936.182381
10.195034  6909.370287
10.362157  6886.980463
10.529280  6869.427286
10.696403  6857.158221
10.863526  6850.656403
11.030649  6850.431263
11.197772  6857.006465
11.364895  6871.007525
11.532018  6893.096537
11.699141  6923.871378
11.866264  6963.994593
12.033387  7014.149430
12.200510  7075.116856
12.367633  7147.783346
12.534756  7233.128369
12.701879  7332.261679
12.869002  7446.420622
13.036125  7576.985925
13.203248  7725.454611
13.370371  7892.908349
13.537494  8079.577833
13.704617  8284.488051
13.871740  8505.409437
14.038863  8739.412091
14.205986  8983.245388
14.373109  9233.645973
14.540232  9487.500522
14.707355  9741.958526
14.874478  9994.477765
15.041601  10242.846326
15.208724  10485.179335
15.375847  10719.895859
15.542970  10945.689440
15.710093  11161.511316
15.877216  11366.547190
16.044339  11560.195411
16.211462  11742.060001
16.378585  11911.916251
16.545708  12069.692553
16.712831  12215.410065
16.879954  12349.183563
17.047077  12471.201163
17.214200  12581.716034
17.381323  12681.028993
17.548446  12769.452564
17.715569  12847.310706
17.882692  12914.920363
18.049815  12972.562350
18.216938  13020.472253
18.384061  13058.823631
18.551184  13087.728882
18.718307  13107.249307
18.885430  13117.405125
19.052553  13118.198521
19.219676  13109.592784
19.386799  13091.505462
19.553922  13063.893979
19.721045  13026.740216
19.888168  12980.011733
20.055291  12923.587944
20.222414  12857.486642
20.389537  12781.950866
20.556660  12697.190498
20.723782  12603.479477
20.890905  12501.193932
21.058028  12390.819585
21.225151  12272.988220
21.392274  12148.467516
21.559397  12018.140155
21.726520  11883.009149
21.893643  11744.141781
22.060766  11602.623653
22.227889  11459.486118
22.395012  11315.667709
22.562135  11172.259313
22.729258  11030.383799
22.896381  10891.075957
23.063504  10755.226576
23.230627  10623.658328
23.397750  10497.136289
23.564873  10376.324342
23.731996  10261.755355
23.899119  10153.807834
