0.000536  20064.599433
0.167659  19895.350222
0.334782  19741.047034
0.501905  19600.460126
0.669028  19472.453973
0.836151  19356.016734
1.003274  19250.251854
1.170397  19154.351170
1.337520  19067.566157
1.504643  18989.180212
1.671766  18918.471435
1.838889  18854.702469
2.006012  18797.131384
2.173135  18745.036446
2.340258  18697.734241
2.507381  18654.594208
2.674504  18615.042696
2.841627  18578.566111
3.008750  18544.701244
3.175873  18513.006766
3.342996  18483.032629
3.510119  18454.291876
3.677242  18426.254554
3.844365  18398.357672
4.011488  18370.024250
4.178611  18340.664122
4.345734  18309.663376
4.512857  18276.378754
4.679980  18240.143259
4.847103  18200.286596
5.014226  18156.162253
5.181349  18107.182711
5.348472  18052.841453
5.515595  17992.734180
5.682718  17926.563186
5.849841  17854.142572
6.016964  17775.402392
6.184087  17690.384602
6.351210  17599.261044
6.518333  17502.352604
6.685455  17400.100450
6.852578  17293.015816
7.019701  17181.661517
7.186824  17066.660576
7.353947  16948.709189
7.521070  16828.588389
7.688193  16707.166077
7.855316  16585.386708
8.022439  16464.252526
8.189562  16344.804172
8.356685  16228.111824
8.523808  16115.270914
8.690931  16007.393531
8.858054  15905.594847
9.025177  15810.968873
9.192300  15724.560364
9.359423  15647.342863
9.526546  15580.215774
9.693669  15524.013853
9.860792  15479.512463
10.027915  15447.422260
10.195038  15428.374727
10.362161  15422.922903
10.529284  15431.561798
10.696407  15454.739065
10.863530  15492.829787
11.030653  15546.118459
11.197776  15614.835397
11.364899  15699.211762
11.532022  15799.493653
11.699145  15915.920758
11.866268  16048.718678
12.033391  16198.161171
12.200514  16364.650953
12.367637  16548.789152
12.534760  16751.385983
12.701883  16973.410073
12.869006  17215.868450
13.036129  17479.678623
13.203252  17765.630698
13.370375  18074.357157
13.537498  18406.323638
13.704621  18761.787251
13.871744  19140.702379
14.038867  19542.641747
14.205990  19966.757049
14.373113  20411.778117
14.540236  20876.015938
14.707359  21357.389649
14.874482  21853.468138
15.041605  22361.533858
15.208728  22878.637369
15.375851  23401.637479
15.542974  23927.229206
15.710097  24451.989133
15.877220  24972.407058
16.044343  25484.921215
16.211466  25985.950735
16.378589  26471.929498
16.545712  26939.336537
16.712835  27384.711101
16.879958  27804.685654
17.047081  28196.015881
17.214204  28555.631228
17.381327  28880.665016
17.548450  29168.485106
17.715573  29416.731529
17.882696  29623.358828
18.049819  29786.691317
18.216942  29905.448642
18.384065  29978.776760
18.551188  30006.253278
18.718311  29987.909075
18.885434  29924.239464
19.052557  29816.203189
19.219680  29665.186458
19.386803  29472.953742
19.553926  29241.666364
19.721049  28973.927291
19.888172  28672.812068
20.055295  28341.756079
20.222418  27984.309605
20.389541  27604.041349
20.556664  27204.646830
20.723787  26789.994069
20.890910  26364.066851
21.058033  25930.863105
21.225156  25494.304987
21.392279  25058.179863
21.559401  24626.071252
21.726524  24201.285709
21.893647  23786.792172
22.060770  23385.172803
22.227893  22998.604171
22.395016  22628.876868
22.562139  22277.390432
22.729262  21945.162298
22.896385  21632.853102
23.063508  21340.779445
23.230631  21068.938350
23.397754  20817.045562
23.564877  20584.596157
23.732000  20370.904495
23.899123  20175.111430
