0.000537  3560.648300
0.167660  3527.296642
0.334783  3496.485378
0.501906  3468.075688
0.669029  3441.940826
0.836152  3417.966670
1.003275  3396.044417
1.170398  3376.062492
1.337521  3357.899284
1.504644  3341.417858
1.671767  3326.461955
1.838890  3312.860283
2.006013  3300.436072
2.173136  3289.018212
2.340259  3278.448934
2.507382  3268.590556
2.674505  3259.328754
2.841628  3250.572862
3.008751  3242.251108
3.175874  3234.301246
3.342997  3226.662547
3.510120  3219.269950
3.677243  3212.053950
3.844366  3204.943783
4.011489  3197.872100
4.178612  3190.772724
4.345735  3183.574269
4.512858  3176.196334
4.679981  3168.547195
4.847104  3160.522966
5.014227  3152.009978
5.181350  3142.893613
5.348473  3133.068072
5.515596  3122.443519
5.682719  3110.948289
5.849842  3098.532047
6.016965  3085.168811
6.184088  3070.855521
6.351211  3055.617648
6.518334  3039.517426
6.685457  3022.646099
6.852579  3005.106383
7.019702  2987.003194
7.186825  2968.444080
7.353948  2949.542595
7.521071  2930.422536
7.688194  2911.220189
7.855317  2892.082982
8.022440  2873.165942
8.189563  2854.628325
8.356686  2836.632966
8.523809  2819.347048
8.690932  2802.941166
8.858055  2787.585830
9.025178  2773.443914
9.192301  2760.661602
9.359424  2749.363608
9.526547  2739.655229
9.693670  2731.628576
9.860793  2725.367173
10.027916  2720.946921
10.195039  2718.434579
10.362162  2717.891627
10.529285  2719.384617
10.696408  2722.991981
10.863531  2728.798760
11.030654  2736.890043
11.197777  2747.359327
11.364900  2760.320740
11.532023  2775.908098
11.699146  2794.265761
11.866269  2815.546612
12.033392  2839.928979
12.200515  2867.637468
12.367638  2898.958548
12.534761  2934.238104
12.701884  2973.859895
12.869007  3018.193664
13.036130  3067.522269
13.203253  3121.981985
13.370376  3181.519778
13.537499  3245.896012
13.704622  3314.719343
13.871745  3387.495099
14.038868  3463.680661
14.205991  3542.730554
14.373114  3624.122118
14.540237  3707.359647
14.707360  3791.972987
14.874483  3877.513758
15.041606  3963.556606
15.208729  4049.697714
15.375852  4135.548310
15.542975  4220.725365
15.710098  4304.846977
15.877221  4387.526765
16.044344  4468.371139
16.211467  4546.978831
16.378590  4622.941035
16.545713  4695.841334
16.712836  4765.253934
16.879959  4830.746173
17.047082  4891.883246
17.214205  4948.237619
17.381328  4999.394638
17.548451  5044.958201
17.715574  5084.559045
17.882697  5117.865148
18.049820  5144.594048
18.216943  5164.518260
18.384066  5177.470864
18.551189  5183.347515
18.718312  5182.113309
18.885435  5173.808839
19.052558  5158.553158
19.219681  5136.534936
19.386804  5108.002174
19.553927  5073.268427
19.721050  5032.719962
19.888173  4986.813840
20.055296  4936.059205
20.222419  4880.989880
20.389542  4822.150640
20.556665  4760.099443
20.723788  4695.406709
20.890911  4628.648895
21.058034  4560.400697
21.225157  4491.226872
21.392280  4421.676140
21.559403  4352.272644
21.726526  4283.506905
21.893648  4215.826824
22.060771  4149.627449
22.227894  4085.246710
22.395017  4022.973217
22.562140  3963.046726
22.729263  3905.657592
22.896386  3850.950683
23.063509  3799.025812
23.230632  3749.941893
23.397755  3703.723787
23.564878  3660.373345
23.732001  3619.873085
23.899124  3582.180982
