0.000205  14736.734750
0.167328  14587.093141
0.334451  14447.547901
0.501574  14318.119609
0.668697  14198.756548
0.835820  14089.314104
1.002943  13989.519430
1.170066  13898.935763
1.337189  13816.943917
1.504312  13742.746494
1.671435  13675.405397
1.838558  13613.914630
2.005681  13557.277037
2.172804  13504.562706
2.339927  13454.944910
2.507050  13407.716888
2.674173  13362.285646
2.841296  13318.150097
3.008419  13274.874217
3.175542  13232.065870
3.342665  13189.369570
3.509788  13146.465574
3.676911  13103.076740
3.844034  13058.979836
4.011157  13014.016763
4.178280  12968.088428
4.345403  12921.132842
4.512526  12873.106871
4.679649  12823.975123
4.846772  12773.705623
5.013895  12722.271052
5.181018  12669.656227
5.348141  12615.864338
5.515264  12560.925056
5.682387  12504.910955
5.849510  12447.958008
6.016633  12390.273204
6.183756  12332.110107
6.350879  12273.743332
6.518002  12215.470676
6.685125  12157.621253
6.852248  12100.532223
7.019371  12044.515717
7.186494  11989.836668
7.353617  11936.705716
7.520740  11885.287389
7.687863  11835.709756
7.854986  11788.072723
8.022109  11742.453866
8.189232  11698.916078
8.356355  11657.519654
8.523478  11618.339878
8.690601  11581.484015
8.857724  11547.101361
9.024847  11515.379019
9.191970  11486.524902
9.359093  11460.753792
9.526216  11438.286958
9.693339  11419.367077
9.860462  11404.271822
10.027585  11393.322894
10.194708  11386.885382
10.361831  11385.370839
10.528954  11389.248037
10.696077  11399.054610
10.863200  11415.399307
11.030323  11438.944178
11.197446  11470.391615
11.364568  11510.496900
11.531691  11560.069999
11.698814  11619.964483
11.865937  11691.068375
12.033060  11774.337295
12.200183  11870.839613
12.367306  11981.788984
12.534429  12108.542352
12.701552  12252.592245
12.868675  12415.533102
13.035798  12598.939523
13.202921  12804.123545
13.370044  13031.759372
13.537167  13281.542112
13.704290  13552.010621
13.871413  13840.626041
14.038536  14144.054955
14.205659  14458.516713
14.372782  14780.107071
14.539905  15105.021241
14.707028  15429.698047
14.874151  15750.907111
15.041274  16065.802554
15.208397  16371.936004
15.375520  16667.245796
15.542643  16950.029568
15.709766  17218.922975
15.876889  17472.873263
16.044012  17711.119332
16.211135  17933.171153
16.378258  18138.781510
16.545381  18327.909560
16.712504  18500.678652
16.879627  18657.336042
17.046750  18798.223003
17.213873  18923.756161
17.380996  19034.404797
17.548119  19130.665205
17.715242  19213.034114
17.882365  19281.982822
18.049488  19337.930927
18.216611  19381.216579
18.383734  19412.082190
18.550857  19430.671123
18.717980  19437.045752
18.885103  19431.196625
19.052226  19413.051488
19.219349  19382.478698
19.386472  19339.321726
19.553595  19283.436511
19.720718  19214.690928
19.887841  19132.949996
20.054964  19038.110343
20.222087  18930.201886
20.389210  18809.425773
20.556333  18676.087001
20.723456  18530.568459
20.890579  18373.356588
21.057702  18205.087006
21.224825  18026.567409
21.391948  17838.779667
21.559071  17642.868064
21.726194  17440.121757
21.893317  17231.939613
22.060440  17019.783812
22.227563  16805.149247
22.394686  16589.559219
22.561809  16374.536932
22.728932  16161.566906
22.896055  15952.058475
23.063178  15747.311902
23.230300  15548.513963
23.397423  15356.741814
23.564546  15172.956727
23.731669  14997.973890
23.898792  14832.418412
