0.000537  2170.653111
0.167660  2150.896661
0.334783  2132.638008
0.501906  2115.773180
0.669029  2100.210664
0.836152  2085.873630
1.003275  2072.694447
1.170398  2060.609915
1.337521  2049.555866
1.504644  2039.462983
1.671767  2030.251470
1.838890  2021.831452
2.006013  2014.107136
2.173136  2006.984354
2.340259  2000.375285
2.507382  1994.203933
2.674505  1988.409631
2.841628  1982.949051
3.008751  1977.793480
3.175874  1972.920908
3.342997  1968.309052
3.510120  1963.929537
3.677243  1959.748291
3.844366  1955.727344
4.011489  1951.827751
4.178612  1948.007957
4.345735  1944.220607
4.512858  1940.410602
4.679981  1936.512168
4.847104  1932.445725
5.014227  1928.118064
5.181350  1923.431180
5.348473  1918.292277
5.515596  1912.621608
5.682719  1906.353715
5.849842  1899.438430
6.016965  1891.842356
6.184088  1883.549241
6.351211  1874.568707
6.518334  1864.943859
6.685457  1854.741865
6.852580  1844.038120
7.019703  1832.910162
7.186826  1821.439240
7.353949  1809.712515
7.521072  1797.825808
7.688195  1785.884568
7.855318  1774.002446
8.022441  1762.297932
8.189564  1750.890705
8.356687  1739.900906
8.523810  1729.449258
8.690933  1719.655456
8.858056  1710.634532
9.025179  1702.490417
9.192302  1695.309166
9.359425  1689.156484
9.526548  1684.080000
9.693671  1680.115032
9.860794  1677.288654
10.027917  1675.621008
10.195040  1675.124510
10.362163  1675.807733
10.529286  1677.685974
10.696409  1680.787091
10.863532  1685.146754
11.030655  1690.804503
11.197778  1697.812090
11.364901  1706.243296
11.532024  1716.188263
11.699147  1727.744982
11.866270  1741.018927
12.033393  1756.140229
12.200516  1773.278159
12.367639  1792.652792
12.534762  1814.531308
12.701885  1839.207765
12.869008  1866.955855
13.036131  1897.958683
13.203253  1932.257888
13.370376  1969.725267
13.537499  2010.088948
13.704622  2052.986782
13.871745  2098.014453
14.038868  2144.770621
14.205991  2192.886102
14.373114  2242.038220
14.540237  2291.945039
14.707360  2342.358460
14.874483  2393.057247
15.041606  2443.845691
15.208729  2494.549898
15.375852  2545.010609
15.542975  2595.073006
15.710098  2644.582350
15.877221  2693.375628
16.044344  2741.276820
16.211467  2788.093637
16.378590  2833.616499
16.545713  2877.618442
16.712836  2919.851215
16.879959  2960.047324
17.047082  2997.922716
17.214205  3033.185632
17.381328  3065.539299
17.548451  3094.685839
17.715574  3120.333695
17.882697  3142.207127
18.049820  3160.059950
18.216943  3173.679437
18.384066  3182.893127
18.551189  3187.570989
18.718312  3187.633794
18.885435  3183.059241
19.052558  3173.886748
19.219681  3160.212329
19.386804  3142.178194
19.553927  3119.979339
19.721050  3093.870847
19.888173  3064.170427
20.055296  3031.241440
20.222419  2995.466176
20.389542  2957.234293
20.556665  2916.945944
20.723788  2875.011674
20.890911  2831.845714
21.058034  2787.858040
21.225157  2743.446079
21.392280  2698.990425
21.559403  2654.848705
21.726526  2611.349483
21.893649  2568.786266
22.060772  2527.408513
22.227895  2487.420020
22.395018  2448.987628
22.562141  2412.235557
22.729264  2377.250044
22.896387  2344.086994
23.063510  2312.773610
23.230633  2283.311248
23.397756  2255.679462
23.564879  2229.846865
23.732002  2205.774809
23.899125  2183.414040
