0.000534  20039.287032
0.167657  19853.795242
0.334780  19681.163664
0.501903  19519.950263
0.669026  19368.902086
0.836149  19227.096468
1.003272  19093.959435
1.170395  18969.194185
1.337518  18852.777975
1.504641  18744.930940
1.671764  18645.789962
1.838887  18555.246863
2.006010  18472.965333
2.173133  18398.195245
2.340256  18329.912660
2.507379  18266.985136
2.674502  18208.284221
2.841625  18152.779326
3.008748  18099.694212
3.175871  18048.420585
3.342994  17998.390186
3.510117  17949.037585
3.677240  17899.868565
3.844363  17850.570308
4.011486  17801.065545
4.178609  17751.596069
4.345732  17702.495786
4.512855  17654.127606
4.679978  17606.660000
4.847100  17559.870523
5.014223  17513.229703
5.181346  17466.190464
5.348469  17418.482107
5.515592  17370.219444
5.682715  17321.676756
5.849838  17273.132337
6.016961  17224.764001
6.184084  17176.585696
6.351207  17128.646350
6.518330  17081.251482
6.685453  17034.777807
6.852576  16989.313068
7.019699  16944.593518
7.186822  16900.207558
7.353945  16855.718105
7.521068  16810.803007
7.688191  16765.306205
7.855314  16719.243463
8.022437  16672.782542
8.189560  16626.194027
8.356683  16579.850145
8.523806  16534.310433
8.690929  16490.416590
8.858052  16449.140330
9.025175  16411.486998
9.192298  16378.395770
9.359421  16350.729977
9.526544  16329.341706
9.693667  16315.047159
9.860790  16308.635916
10.027913  16310.867709
10.195036  16322.302725
10.362159  16343.375753
10.529282  16374.618741
10.696405  16416.715864
10.863528  16470.348098
11.030651  16536.083940
11.197774  16614.620478
11.364897  16706.951120
11.532020  16814.215038
11.699143  16937.352166
11.866266  17077.001686
12.033389  17233.909428
12.200512  17409.507052
12.367635  17606.223425
12.534758  17827.445252
12.701881  18076.809763
12.869004  18356.895195
13.036127  18668.361810
13.203250  19010.061957
13.370373  19379.889003
13.537496  19774.742365
13.704619  20190.581679
13.871742  20623.145858
14.038865  21068.591978
14.205988  21523.500975
14.373111  21985.014386
14.540234  22450.899642
14.707357  22919.496691
14.874480  23389.283095
15.041603  23858.751035
15.208726  24326.168912
15.375849  24789.669459
15.542972  25246.950993
15.710095  25695.269857
15.877218  26131.420347
16.044341  26551.721033
16.211464  26952.645714
16.378587  27330.722595
16.545710  27682.759945
16.712833  28005.986321
16.879956  28298.181891
17.047079  28557.870838
17.214202  28784.087182
17.381325  28976.352197
17.548448  29134.431166
17.715571  29258.345589
17.882694  29348.296173
18.049817  29404.677328
18.216940  29428.147889
18.384063  29419.544257
18.551186  29379.791329
18.718309  29309.763427
18.885432  29210.402163
19.052555  29082.853633
19.219678  28928.221573
19.386801  28747.236554
19.553924  28540.265884
19.721046  28307.647600
19.888169  28049.717554
20.055292  27767.039313
20.222415  27460.898269
20.389538  27133.343898
20.556661  26787.183235
20.723784  26425.370689
20.890907  26050.950339
21.058030  25666.949372
21.225153  25276.381283
21.392276  24882.444950
21.559399  24488.324188
21.726522  24097.130259
21.893645  23711.755178
22.060768  23334.774167
22.227891  22968.737796
22.395014  22615.515113
22.562137  22276.604224
22.729260  21953.408617
22.896383  21646.948928
23.063506  21357.731480
23.230629  21085.699019
23.397752  20830.318115
23.564875  20590.988136
23.731998  20367.249221
23.899121  20158.685937
