0.000207  2528.151230
0.167330  2504.958182
0.334453  2483.507328
0.501576  2463.690828
0.668699  2445.412510
0.835822  2428.589365
1.002945  2413.145716
1.170068  2399.007202
1.337191  2386.094891
1.504314  2374.320860
1.671437  2363.583727
1.838560  2353.770571
2.005683  2344.762989
2.172806  2336.445679
2.339929  2328.712185
2.507052  2321.470851
2.674175  2314.648253
2.841298  2308.190481
3.008421  2302.059569
3.175544  2296.225195
3.342667  2290.657472
3.509790  2285.321337
3.676913  2280.176554
3.844036  2275.179743
4.011159  2270.287734
4.178282  2265.455775
4.345405  2260.633461
4.512528  2255.762391
4.679651  2250.773661
4.846774  2245.585435
5.013897  2240.103571
5.181020  2234.229925
5.348143  2227.872040
5.515266  2220.950435
5.682389  2213.400238
5.849512  2205.173057
6.016635  2196.239035
6.183758  2186.586422
6.350881  2176.228728
6.518004  2165.212349
6.685127  2153.608243
6.852250  2141.496082
7.019373  2128.957135
7.186496  2116.075289
7.353619  2102.939606
7.520742  2089.647546
7.687865  2076.306458
7.854988  2063.032322
8.022111  2049.946574
8.189234  2037.172841
8.356357  2024.836267
8.523480  2013.063873
8.690603  2001.983289
8.857726  1991.719362
9.024849  1982.387574
9.191972  1974.086679
9.359095  1966.895528
9.526217  1960.875252
9.693340  1956.075043
9.860463  1952.536264
10.027586  1950.293682
10.194709  1949.374527
10.361832  1949.802381
10.528955  1951.607182
10.696078  1954.831205
10.863201  1959.524478
11.030324  1965.739924
11.197447  1973.541257
11.364570  1983.012904
11.531693  1994.256394
11.698816  2007.382011
11.865939  2022.508262
12.033062  2039.778298
12.200185  2059.375920
12.367308  2081.537416
12.534431  2106.547968
12.701554  2134.722477
12.868677  2166.358981
13.035800  2201.670251
13.202923  2240.729398
13.370046  2283.434764
13.537169  2329.526756
13.704292  2378.634693
13.871415  2430.327400
14.038538  2484.162955
14.205661  2539.723672
14.372784  2596.632980
14.539907  2654.552068
14.707030  2713.173990
14.874153  2772.217225
15.041276  2831.424890
15.208399  2890.561807
15.375522  2949.407836
15.542645  3007.748449
15.709768  3065.370153
15.876891  3122.053392
16.044014  3177.568479
16.211137  3231.673290
16.378260  3284.112441
16.545383  3334.616829
16.712506  3382.900645
16.879629  3428.663099
17.046752  3471.591677
17.213875  3511.370521
17.380998  3547.684055
17.548121  3580.221486
17.715244  3608.684054
17.882367  3632.794616
18.049490  3652.309923
18.216613  3667.025085
18.383736  3676.779530
18.550859  3681.459200
18.717982  3681.004005
18.885105  3675.413614
19.052228  3664.751646
19.219351  3649.139352
19.386474  3628.745795
19.553597  3603.793522
19.720720  3574.564720
19.887843  3541.400984
20.054966  3504.687789
20.222089  3464.832375
20.389212  3422.252730
20.556335  3377.377687
20.723458  3330.645091
20.890581  3282.495282
21.057703  3233.363905
21.224826  3183.674507
21.391949  3133.834307
21.559072  3084.228079
21.726195  3035.212037
21.893318  2987.107448
22.060441  2940.192004
22.227564  2894.697470
22.394687  2850.818006
22.561810  2808.707263
22.728933  2768.480567
22.896056  2730.220414
23.063179  2693.977432
23.230302  2659.773577
23.397425  2627.606946
23.564548  2597.461958
23.731671  2569.312553
23.898794  2543.118050
