0.000535  4343.877833
0.167658  4301.724878
0.334781  4262.281250
0.501904  4225.369707
0.669027  4190.822596
0.836150  4158.522882
1.003273  4128.504441
1.170396  4100.760146
1.337519  4075.169777
1.504642  4051.586318
1.671765  4029.880172
1.838888  4009.883709
2.006011  3991.422653
2.173134  3974.310572
2.340257  3958.386936
2.507380  3943.492950
2.674503  3929.483969
2.841626  3916.300988
3.008749  3903.811696
3.175872  3891.765875
3.342995  3879.934192
3.510118  3868.216384
3.677241  3856.631938
3.844364  3845.207729
4.011487  3833.812944
4.178610  3822.381351
4.345733  3810.891417
4.512856  3799.337973
4.679978  3787.744124
4.847101  3776.078147
5.014224  3764.263274
5.181347  3752.235705
5.348470  3739.935474
5.515593  3727.328308
5.682716  3714.344844
5.849839  3700.908638
6.016962  3687.005382
6.184085  3672.643400
6.351208  3657.820261
6.518331  3642.586981
6.685454  3627.005913
6.852577  3611.109371
7.019700  3594.910733
7.186823  3578.534474
7.353946  3562.011306
7.521069  3545.390377
7.688192  3528.675209
7.855315  3511.949879
8.022438  3495.325924
8.189561  3478.898179
8.356684  3462.732176
8.523807  3446.920508
8.690930  3431.635481
8.858053  3417.032713
9.025176  3403.299009
9.192299  3390.626530
9.359422  3379.210808
9.526545  3369.251138
9.693668  3360.910439
9.860791  3354.378720
10.027914  3349.817749
10.195037  3347.360978
10.362160  3347.108448
10.529283  3349.168260
10.696406  3353.637680
10.863529  3360.614367
11.030652  3370.215178
11.197775  3382.652663
11.364898  3398.225292
11.532021  3417.199278
11.699144  3439.701723
11.866267  3465.886911
12.033390  3496.001129
12.200513  3530.446324
12.367636  3569.723752
12.534759  3614.389769
12.701882  3665.029338
12.869005  3722.136826
13.036128  3786.059897
13.203251  3856.801176
13.370374  3934.115582
13.537497  4017.326109
13.704620  4105.414526
13.871743  4197.423796
14.038866  4292.712269
14.205989  4390.924947
14.373112  4491.513641
14.540235  4593.954245
14.707358  4697.680819
14.874481  4802.216061
15.041604  4907.336597
15.208727  5012.734802
15.375850  5117.983848
15.542973  5222.589512
15.710096  5325.945853
15.877219  5427.198559
16.044342  5525.419844
16.211465  5619.861511
16.378588  5709.661502
16.545711  5794.243355
16.712834  5873.068154
16.879957  5945.516646
17.047080  6011.286400
17.214203  6070.143052
17.381326  6121.840824
17.548449  6166.162066
17.715572  6203.068798
17.882695  6232.671297
18.049818  6254.813019
18.216941  6269.268101
18.384064  6275.914417
18.551187  6274.896902
18.718310  6266.340044
18.885433  6250.411843
19.052556  6227.344664
19.219679  6197.443656
19.386802  6160.969668
19.553924  6118.232105
19.721047  6069.622140
19.888170  6015.555388
20.055293  5956.478935
20.222416  5892.945055
20.389539  5825.398147
20.556662  5754.437345
20.723785  5680.579372
20.890908  5604.378393
21.058031  5526.390271
21.225154  5447.167539
21.392277  5367.340677
21.559400  5287.474233
21.726523  5208.048527
21.893646  5129.402857
22.060769  5051.911598
22.227892  4976.194769
22.395015  4902.611593
22.562138  4831.549479
22.729261  4763.247400
22.896384  4697.925205
23.063507  4635.738859
23.230630  4576.682733
23.397753  4520.703436
23.564876  4467.770802
23.731999  4417.831300
23.899122  4370.884614
