0.000207  2597.167705
0.167330  2568.880045
0.334453  2542.467889
0.501576  2517.937768
0.668699  2495.284460
0.835822  2474.487578
1.002945  2455.505127
1.170068  2438.265958
1.337191  2422.663263
1.504314  2408.553013
1.671437  2395.759793
1.838560  2384.091095
2.005683  2373.352380
2.172806  2363.359078
2.339929  2353.944979
2.507052  2344.967877
2.674175  2336.309469
2.841298  2327.871337
3.008421  2319.569415
3.175544  2311.328769
3.342667  2303.081968
3.509790  2294.768719
3.676913  2286.338420
3.844036  2277.753921
4.011159  2268.995574
4.178282  2260.060685
4.345405  2250.958748
4.512528  2241.706297
4.679651  2232.321313
4.846774  2222.818505
5.013897  2213.207878
5.181020  2203.498593
5.348143  2193.701876
5.515266  2183.834052
5.682389  2173.919166
5.849512  2163.992060
6.016635  2154.098631
6.183758  2144.289417
6.350881  2134.615739
6.518004  2125.131401
6.685127  2115.893867
6.852250  2106.955750
7.019373  2098.357002
7.186496  2090.120995
7.353619  2082.254575
7.520742  2074.752720
7.687865  2067.602494
7.854988  2060.786636
8.022111  2054.285451
8.189233  2048.078830
8.356356  2042.149825
8.523479  2036.489341
8.690602  2031.099764
8.857725  2025.996426
9.024848  2021.204947
9.191971  2016.755827
9.359094  2012.680569
9.526217  2009.011908
9.693340  2005.788418
9.860463  2003.057762
10.027586  2000.878847
10.194709  1999.321182
10.361832  1998.466422
10.528955  1998.412496
10.696078  1999.277370
10.863201  2001.199471
11.030324  2004.333745
11.197447  2008.847524
11.364570  2014.923150
11.531693  2022.754113
11.698816  2032.541019
11.865939  2044.489528
12.033062  2058.822741
12.200185  2075.794115
12.367308  2095.696091
12.534431  2118.855729
12.701554  2145.628760
12.868677  2176.389387
13.035800  2211.497836
13.202923  2251.236142
13.370046  2295.703825
13.537169  2344.740259
13.704292  2397.902342
13.871415  2454.509995
14.038538  2513.739381
14.205661  2574.715181
14.372784  2636.585119
14.539907  2698.558800
14.707030  2759.925533
14.874153  2820.061803
15.041276  2878.434917
15.208399  2934.598710
15.375522  2988.187080
15.542645  3038.904477
15.709768  3086.522294
15.876891  3130.872220
16.044014  3171.843675
16.211137  3209.381330
16.378260  3243.481678
16.545383  3274.187471
16.712506  3301.579427
16.879629  3325.769494
17.046752  3346.895582
17.213875  3365.119822
17.380998  3380.622638
17.548121  3393.595693
17.715244  3404.234445
17.882367  3412.730689
18.049490  3419.264670
18.216613  3423.992985
18.383736  3427.041017
18.550859  3428.496331
18.717982  3428.410383
18.885105  3426.797189
19.052228  3423.634578
19.219351  3418.862479
19.386474  3412.390721
19.553597  3404.111836
19.720720  3393.907909
19.887842  3381.655703
20.054965  3367.235366
20.222088  3350.547028
20.389211  3331.521492
20.556334  3310.116363
20.723457  3286.318184
20.890580  3260.149456
21.057703  3231.676974
21.224826  3201.014275
21.391949  3168.322228
21.559072  3133.805848
21.726195  3097.710168
21.893318  3060.311327
22.060441  3021.901734
22.227564  2982.780736
22.394687  2943.255491
22.561810  2903.632382
22.728933  2864.210894
22.896056  2825.277848
23.063179  2787.099374
23.230302  2749.919470
23.397425  2713.959889
23.564548  2679.418925
23.731671  2646.466649
23.898794  2615.237253
