0.000207  2971.559928
0.167330  2944.150076
0.334453  2918.810386
0.501576  2895.420657
0.668699  2873.872412
0.835822  2854.069910
1.002945  2835.923781
1.170068  2819.344007
1.337191  2804.233460
1.504314  2790.483152
1.671437  2777.968165
1.838560  2766.550780
2.005683  2756.088158
2.172806  2746.441921
2.339929  2737.484673
2.507052  2729.106199
2.674175  2721.216717
2.841298  2713.747616
3.008421  2706.647321
3.175544  2699.872649
3.342667  2693.381317
3.509790  2687.126326
3.676913  2681.055813
3.844036  2675.115576
4.011159  2669.253064
4.178282  2663.415470
4.345405  2657.544634
4.512528  2651.574005
4.679651  2645.426328
4.846774  2639.012081
5.013897  2632.230898
5.181020  2624.979789
5.348142  2617.162484
5.515265  2608.696443
5.682388  2599.514815
5.849511  2589.569022
6.016634  2578.831335
6.183757  2567.293993
6.350880  2554.975367
6.518003  2541.927667
6.685126  2528.229185
6.852249  2513.968044
7.019372  2499.234184
7.186495  2484.120016
7.353618  2468.723303
7.520741  2453.150790
7.687864  2437.520045
7.854987  2421.958211
8.022110  2406.598768
8.189233  2391.578303
8.356356  2377.035854
8.523479  2363.113441
8.690602  2349.955019
8.857725  2337.703157
9.024848  2326.492175
9.191971  2316.440150
9.359094  2307.644965
9.526217  2300.186356
9.693340  2294.131768
9.860463  2289.540629
10.027586  2286.465494
10.194709  2284.950880
10.361832  2285.037057
10.528955  2286.769845
10.696078  2290.206859
10.863201  2295.412776
11.030324  2302.453767
11.197447  2311.405369
11.364570  2322.363192
11.531693  2335.440872
11.698816  2350.761577
11.865939  2368.456880
12.033062  2388.682967
12.200185  2411.638518
12.367308  2437.577691
12.534431  2466.807025
12.701554  2499.666097
12.868677  2536.480220
13.035800  2577.492231
13.202923  2622.806123
13.370046  2672.347746
13.537169  2725.873691
13.704292  2783.011405
13.871415  2843.308625
14.038538  2906.285374
14.205661  2971.473402
14.372784  3038.436689
14.539907  3106.771525
14.707030  3176.102601
14.874153  3246.077799
15.041276  3316.368300
15.208399  3386.666350
15.375522  3456.678836
15.542645  3526.118168
15.709768  3594.697741
15.876891  3662.125756
16.044014  3728.101836
16.211137  3792.315581
16.378260  3854.446174
16.545383  3914.162057
16.712506  3971.118647
16.879629  4024.960333
17.046751  4075.324340
17.213874  4121.849380
17.380997  4164.180259
17.548120  4201.972991
17.715243  4234.902402
17.882366  4262.671976
18.049489  4285.025768
18.216612  4301.753308
18.383735  4312.695218
18.550858  4317.745258
18.717981  4316.857235
18.885104  4310.050704
19.052227  4297.414472
19.219350  4279.099194
19.386473  4255.307673
19.553596  4226.300779
19.720719  4192.404323
19.887842  4154.008268
20.054965  4111.549476
20.222088  4065.486081
20.389211  4016.284861
20.556334  3964.423475
20.723457  3910.389891
20.890580  3854.676222
21.057703  3797.771351
21.224826  3740.153423
21.391949  3682.284930
21.559072  3624.605615
21.726195  3567.525116
21.893318  3511.415507
22.060441  3456.602202
22.227564  3403.360690
22.394687  3351.924390
22.561810  3302.483639
22.728933  3255.186343
22.896056  3210.142300
23.063179  3167.423842
23.230302  3127.069522
23.397425  3089.089903
23.564548  3053.477818
23.731671  3020.211599
23.898794  2989.250476
