0.000848  2672.834173
0.167971  2649.036387
0.335094  2626.301914
0.502217  2604.637803
0.669340  2584.053512
0.836463  2564.560798
1.003586  2546.164682
1.170709  2528.858180
1.337832  2512.614121
1.504955  2497.381726
1.672078  2483.081011
1.839201  2469.605191
2.006323  2456.827669
2.173446  2444.620953
2.340569  2432.855275
2.507692  2421.402470
2.674815  2410.153407
2.841938  2399.024610
3.009061  2387.949918
3.176184  2376.869670
3.343307  2365.729854
3.510430  2354.487000
3.677553  2343.109654
3.844676  2331.576038
4.011799  2319.897731
4.178922  2308.117897
4.346045  2296.298343
4.513168  2284.513296
4.680291  2272.835171
4.847414  2261.318374
5.014537  2250.001012
5.181660  2238.911400
5.348783  2228.077877
5.515906  2217.533557
5.683029  2207.315883
5.850152  2197.468112
6.017275  2188.037381
6.184398  2179.063061
6.351521  2170.574417
6.518644  2162.599910
6.685767  2155.170813
6.852890  2148.305431
7.020013  2141.992930
7.187136  2136.188533
7.354259  2130.830324
7.521382  2125.841133
7.688505  2121.147414
7.855628  2116.679157
8.022751  2112.367904
8.189874  2108.148238
8.356997  2103.964560
8.524120  2099.775763
8.691243  2095.567629
8.858366  2091.351607
9.025489  2087.159027
9.192612  2083.030532
9.359735  2079.009962
9.526858  2075.146644
9.693981  2071.498164
9.861104  2068.135465
10.028227  2065.137445
10.195350  2062.593853
10.362473  2060.603928
10.529596  2059.281913
10.696719  2058.763922
10.863842  2059.207186
11.030965  2060.773316
11.198088  2063.633710
11.365211  2067.964675
11.532333  2073.944681
11.699456  2081.743548
11.866579  2091.524244
12.033702  2103.466030
12.200825  2117.797588
12.367948  2134.813425
12.535071  2154.874582
12.702194  2178.371990
12.869317  2205.685496
13.036440  2237.128597
13.203563  2272.884343
13.370686  2312.929435
13.537809  2356.950907
13.704932  2404.370259
13.872055  2454.458799
14.039178  2506.462540
14.206301  2559.663631
14.373424  2613.450512
14.540547  2667.326841
14.707670  2720.841852
14.874793  2773.577006
15.041916  2825.125962
15.209039  2875.104762
15.376162  2923.130132
15.543285  2968.851934
15.710408  3011.944903
15.877531  3052.111625
16.044654  3089.101487
16.211777  3122.706889
16.378900  3152.787860
16.546023  3179.278837
16.713146  3202.192324
16.880269  3221.632722
17.047392  3237.784467
17.214515  3250.885657
17.381638  3261.223700
17.548761  3269.103887
17.715884  3274.842549
17.883007  3278.750569
18.050130  3281.121791
18.217253  3282.215727
18.384376  3282.253505
18.551499  3281.400302
18.718622  3279.767785
18.885745  3277.416863
19.052868  3274.358401
19.219991  3270.553871
19.387114  3265.912451
19.554237  3260.320270
19.721360  3253.640567
19.888483  3245.722084
20.055606  3236.417223
20.222729  3225.595066
20.389852  3213.159867
20.556975  3199.032767
20.724098  3183.167786
20.891221  3165.532021
21.058344  3146.130279
21.225467  3125.005786
21.392589  3102.236574
21.559712  3077.949754
21.726835  3052.317993
21.893958  3025.528186
22.061081  2997.800446
22.228204  2969.345648
22.395327  2940.379449
22.562450  2911.098405
22.729573  2881.720959
22.896696  2852.446605
23.063819  2823.455891
23.230942  2794.903204
23.398065  2766.928692
23.565188  2739.667870
23.732311  2713.250573
23.899434  2687.788934
