0.000208  1574.330353
0.167331  1561.054117
0.334454  1548.892221
0.501577  1537.719595
0.668700  1527.428217
0.835823  1517.933873
1.002946  1509.170576
1.170069  1501.089099
1.337192  1493.652774
1.504315  1486.834028
1.671438  1480.604939
1.838561  1474.933327
2.005684  1469.780209
2.172807  1465.103695
2.339930  1460.860573
2.507053  1457.009331
2.674176  1453.513291
2.841299  1450.345104
3.008422  1447.486649
3.175545  1444.922328
3.342668  1442.633284
3.509791  1440.591290
3.676914  1438.761553
3.844037  1437.104196
4.011160  1435.575579
4.178283  1434.127475
4.345406  1432.707730
4.512529  1431.258305
4.679651  1429.710765
4.846774  1427.981271
5.013897  1425.970166
5.181020  1423.573349
5.348143  1420.692732
5.515266  1417.246227
5.682389  1413.167479
5.849512  1408.403817
6.016635  1402.915035
6.183758  1396.676208
6.350881  1389.691380
6.518004  1382.000645
6.685127  1373.667136
6.852250  1364.761915
7.019373  1355.361733
7.186496  1345.552556
7.353619  1335.429665
7.520742  1325.098850
7.687865  1314.675260
7.854988  1304.281839
8.022111  1294.045478
8.189234  1284.091720
8.356357  1274.544088
8.523480  1265.523343
8.690603  1257.145344
8.857726  1249.516272
9.024849  1242.727073
9.191972  1236.848510
9.359095  1231.931263
9.526218  1228.007566
9.693341  1225.096184
9.860464  1223.206113
10.027587  1222.337907
10.194710  1222.483354
10.361833  1223.627660
10.528956  1225.761882
10.696079  1228.886769
10.863202  1233.007505
11.030325  1238.133514
11.197448  1244.287006
11.364571  1251.514455
11.531694  1259.873173
11.698817  1269.424199
11.865940  1280.230375
12.033063  1292.378229
12.200186  1305.987308
12.367309  1321.224236
12.534432  1338.299594
12.701555  1357.443095
12.868678  1378.859911
13.035801  1402.659193
13.202924  1428.823850
13.370047  1457.204015
13.537170  1487.562533
13.704293  1519.635303
13.871416  1553.152896
14.038539  1587.862151
14.205662  1623.533772
14.372785  1659.977510
14.539908  1697.033302
14.707031  1734.564363
14.874154  1772.451183
15.041277  1810.588975
15.208400  1848.883489
15.375523  1887.244502
15.542646  1925.575989
15.709769  1963.777928
15.876892  2001.735855
16.044015  2039.318660
16.211137  2076.374099
16.378260  2112.730741
16.545383  2148.201294
16.712506  2182.574225
16.879629  2215.617492
17.046752  2247.078578
17.213875  2276.696059
17.380998  2304.195697
17.548121  2329.291560
17.715244  2351.692297
17.882367  2371.109257
18.049490  2387.276077
18.216613  2399.947865
18.383736  2408.911288
18.550859  2413.986985
18.717982  2415.043361
18.885105  2412.002605
19.052228  2404.846519
19.219351  2393.617953
19.386474  2378.408289
19.553597  2359.369532
19.720720  2336.720720
19.887843  2310.758431
20.054966  2281.834130
20.222089  2250.316900
20.389212  2216.582339
20.556335  2181.016859
20.723458  2144.024145
20.890581  2106.018389
21.057704  2067.415330
21.224827  2028.619687
21.391950  1990.020172
21.559073  1951.982642
21.726196  1914.841591
21.893319  1878.892924
22.060442  1844.380419
22.227565  1811.497786
22.394688  1780.399751
22.561811  1751.172585
22.728934  1723.857722
22.896057  1698.460747
23.063180  1674.954491
23.230303  1653.280128
23.397426  1633.349193
23.564549  1615.060871
23.731672  1598.308789
23.898795  1582.982930
