0.000535  4449.044028
0.167658  4400.088689
0.334781  4353.898219
0.501904  4310.460482
0.669027  4269.748287
0.836150  4231.760940
1.003273  4196.633544
1.170396  4164.405994
1.337519  4134.926884
1.504642  4107.946270
1.671765  4083.191438
1.838888  4060.347110
2.006011  4039.105866
2.173134  4019.173930
2.340257  4000.311385
2.507380  3982.314006
2.674503  3965.007898
2.841626  3948.307715
3.008749  3932.044239
3.175872  3915.925748
3.342995  3899.701234
3.510118  3883.265712
3.677240  3866.648713
3.844363  3849.900623
4.011486  3832.937369
4.178609  3815.756205
4.345732  3798.418792
4.512855  3781.013492
4.679978  3763.664428
4.847101  3746.449514
5.014224  3729.411300
5.181347  3712.602874
5.348470  3696.064733
5.515593  3679.838385
5.682716  3663.919088
5.849839  3648.297477
6.016962  3633.037157
6.184085  3618.228600
6.351208  3603.922890
6.518331  3590.181097
6.685454  3577.060534
6.852577  3564.586707
7.019700  3552.763807
7.186823  3541.683616
7.353946  3531.319075
7.521069  3521.604595
7.688192  3512.405346
7.855315  3503.658253
8.022438  3495.322277
8.189561  3487.326490
8.356684  3479.560941
8.523807  3471.936971
8.690930  3464.459155
8.858053  3457.133323
9.025176  3450.004621
9.192299  3443.153055
9.359422  3436.691038
9.526545  3430.743990
9.693668  3425.416732
9.860791  3420.873685
10.027914  3417.283865
10.195037  3414.809171
10.362160  3413.603494
10.529283  3413.830371
10.696406  3415.651975
10.863529  3419.260738
11.030652  3424.910504
11.197775  3432.971802
11.364898  3443.894136
11.532021  3458.067907
11.699144  3475.737354
11.866267  3497.182522
12.033390  3522.798623
12.200513  3553.142820
12.367636  3588.857408
12.534759  3630.606754
12.701882  3679.074231
12.869005  3734.923561
13.036128  3798.805546
13.203251  3871.099887
13.370374  3951.852824
13.537497  4040.414527
13.704620  4135.439596
13.871743  4235.366537
14.038866  4338.836244
14.205989  4444.757940
14.373112  4551.889566
14.540235  4659.070837
14.707358  4765.197417
14.874481  4869.377788
15.041604  4971.128671
15.208727  5069.984926
15.375850  5165.441777
15.542973  5257.012803
15.710096  5344.137421
15.877219  5426.039632
16.044342  5501.985716
16.211465  5571.566826
16.378588  5634.374072
16.545711  5690.364110
16.712834  5739.608141
16.879957  5782.176938
17.047080  5818.455220
17.214203  5848.886767
17.381326  5873.882366
17.548449  5893.846999
17.715572  5909.322308
17.882695  5920.926200
18.049818  5928.918378
18.216941  5933.363432
18.384064  5934.344217
18.551186  5932.119950
18.718309  5926.837516
18.885432  5918.590796
19.052555  5907.426481
19.219678  5893.352163
19.386801  5876.294155
19.553924  5856.159395
19.721047  5832.865850
19.888170  5806.311298
20.055293  5776.392038
20.222416  5743.093501
20.389539  5706.325439
20.556662  5666.131729
20.723785  5622.490789
20.890908  5575.439608
21.058031  5525.071977
21.225154  5471.538797
21.392277  5415.137482
21.559400  5356.163284
21.726523  5294.897356
21.893646  5231.557226
22.060769  5166.473410
22.227892  5100.311623
22.395015  5033.552976
22.562138  4966.782987
22.729261  4900.471605
22.896384  4835.101305
23.063507  4771.086827
23.230630  4708.692728
23.397753  4648.152776
23.564876  4589.730882
23.731999  4533.645769
23.899122  4480.141654
