0.000206  8117.901782
0.167329  8045.081392
0.334452  7978.059363
0.501575  7916.476172
0.668698  7859.999385
0.835821  7808.327776
1.002944  7761.179853
1.170067  7718.277603
1.337190  7679.333123
1.504313  7644.038624
1.671436  7612.057113
1.838559  7583.028674
2.005682  7556.586522
2.172805  7532.376054
2.339928  7510.068079
2.507051  7489.368955
2.674174  7470.024495
2.841297  7451.820294
3.008420  7434.574335
3.175543  7418.121735
3.342666  7402.300570
3.509789  7386.940859
3.676912  7371.863117
3.844035  7356.884274
4.011158  7341.827139
4.178281  7326.517943
4.345404  7310.775990
4.512527  7294.406916
4.679650  7277.201284
4.846773  7258.938218
5.013896  7239.393356
5.181019  7218.353839
5.348142  7195.630788
5.515264  7171.070009
5.682387  7144.554900
5.849510  7116.011495
6.016633  7085.412572
6.183756  7052.774080
6.350879  7018.162238
6.518002  6981.705691
6.685125  6943.583322
6.852248  6903.996071
7.019371  6863.152499
7.186494  6821.270256
7.353617  6778.582847
7.520740  6735.347492
7.687863  6691.849308
7.854986  6648.399040
8.022109  6605.326798
8.189232  6562.975917
8.356355  6521.701559
8.523478  6481.871769
8.690601  6443.866051
8.857724  6408.070047
9.024847  6374.863195
9.191970  6344.603718
9.359093  6317.618239
9.526216  6294.203366
9.693339  6274.634016
9.860462  6259.169358
10.027585  6248.052525
10.194708  6241.505526
10.361831  6239.732573
10.528954  6242.933046
10.696077  6251.310278
10.863200  6265.060244
11.030323  6284.359432
11.197446  6309.379328
11.364569  6340.310480
11.531692  6377.366963
11.698815  6420.772206
11.865938  6470.754785
12.033061  6527.578108
12.200184  6591.580389
12.367307  6663.204501
12.534430  6742.997315
12.701553  6831.578288
12.868676  6929.563174
13.035799  7037.466143
13.202922  7155.627670
13.370045  7284.156992
13.537168  7422.918114
13.704291  7571.546032
13.871414  7729.479391
14.038537  7896.008158
14.205660  8070.319897
14.372783  8251.529487
14.539906  8438.687407
14.707029  8630.784972
14.874152  8826.761022
15.041275  9025.518643
15.208398  9225.937857
15.375521  9426.880311
15.542644  9627.188346
15.709767  9825.691847
15.876890  10021.212040
16.044013  10212.568521
16.211136  10398.587109
16.378259  10578.107714
16.545382  10749.990147
16.712505  10913.115286
16.879628  11066.393213
17.046751  11208.772127
17.213873  11339.255757
17.380996  11456.913344
17.548119  11560.889520
17.715242  11650.417221
17.882365  11724.833664
18.049488  11783.599745
18.216611  11826.308000
18.383734  11852.691628
18.550857  11862.625215
18.717980  11856.134201
18.885103  11833.402223
19.052226  11794.772634
19.219349  11740.731058
19.386472  11671.885685
19.553595  11588.977991
19.720718  11492.900790
19.887841  11384.705057
20.054964  11265.561666
20.222087  11136.684610
20.389210  10999.298569
20.556333  10854.667831
20.723456  10704.104112
20.890579  10548.950208
21.057702  10390.553448
21.224825  10230.242499
21.391948  10069.310893
21.559071  9908.995065
21.726194  9750.450503
21.893317  9594.730540
22.060440  9442.766826
22.227563  9295.360680
22.394686  9153.193578
22.561809  9016.827687
22.728932  8886.703918
22.896055  8763.147239
23.063178  8646.368017
23.230301  8536.470971
23.397424  8433.471420
23.564547  8337.318667
23.731670  8247.906551
23.898793  8165.065991
