0.000532  13238.522596
0.167655  13139.364314
0.334778  13049.027465
0.501901  12966.694850
0.669024  12891.703034
0.836147  12823.432299
1.003270  12761.271576
1.170393  12704.702030
1.337516  12653.166293
1.504639  12606.104787
1.671762  12562.929850
1.838885  12523.033262
2.006008  12485.806825
2.173131  12450.687426
2.340254  12417.149812
2.507377  12384.708090
2.674500  12352.938828
2.841623  12321.468269
3.008746  12290.012650
3.175869  12258.312470
3.342992  12226.094169
3.510115  12193.084982
3.677238  12159.008576
3.844361  12123.549677
4.011484  12086.429523
4.178607  12047.404720
4.345730  12006.200896
4.512853  11962.524016
4.679975  11916.091288
4.847098  11866.569402
5.014221  11813.531170
5.181344  11756.673103
5.348467  11695.732357
5.515590  11630.537703
5.682713  11560.968720
5.849836  11486.952525
6.016959  11408.542292
6.184082  11325.839781
6.351205  11239.002530
6.518328  11148.319741
6.685451  11054.154324
6.852574  10956.873351
7.019697  10856.860271
7.186820  10754.526444
7.353943  10650.311675
7.521066  10544.712336
7.688189  10438.276450
7.855312  10331.600320
8.022435  10225.321073
8.189558  10120.095288
8.356681  10016.583794
8.523804  9915.482116
8.690927  9817.508213
8.858050  9723.392062
9.025173  9633.864763
9.192296  9549.611560
9.359419  9471.278183
9.526542  9399.461311
9.693665  9334.724488
9.860788  9277.618132
10.027911  9228.657374
10.195034  9188.323105
10.362157  9157.050606
10.529280  9135.249302
10.696403  9123.343677
10.863526  9121.730719
11.030649  9130.717471
11.197772  9150.555820
11.364895  9181.594733
11.532018  9224.271387
11.699141  9278.912100
11.866264  9345.858114
12.033387  9425.489142
12.200510  9518.290506
12.367633  9624.842359
12.534756  9745.866765
12.701879  9882.294123
12.869002  10035.160220
13.036125  10205.436123
13.203248  10393.994805
13.370371  10601.348141
13.537494  10827.736383
13.704617  11073.003733
13.871740  11336.495535
14.038863  11617.354444
14.205986  11914.491373
14.373109  12226.570263
14.540232  12552.015881
14.707355  12889.077238
14.874478  13235.823202
15.041601  13590.190379
15.208724  13950.033500
15.375847  14313.124480
15.542970  14677.169074
15.710093  15039.838787
15.877216  15398.787611
16.044339  15751.668447
16.211462  16096.157727
16.378585  16429.979984
16.545708  16750.898908
16.712831  17056.736687
16.879954  17345.394946
17.047077  17614.874683
17.214200  17863.328519
17.381323  18089.063597
17.548446  18290.542037
17.715569  18466.395052
17.882692  18615.466813
18.049815  18736.840004
18.216938  18829.838881
18.384061  18894.053518
18.551184  18929.339049
18.718307  18935.826236
18.885430  18913.891435
19.052553  18864.230502
19.219676  18787.828022
19.386799  18685.819981
19.553921  18559.553321
19.721044  18410.646146
19.888167  18241.006791
20.055290  18052.969943
20.222413  17848.805944
20.389536  17630.555403
20.556659  17400.517380
20.723782  17161.029861
20.890905  16914.442077
21.058028  16663.140928
21.225151  16409.480147
21.392274  16155.767125
21.559397  15904.189528
21.726520  15656.725444
21.893643  15415.150178
22.060766  15181.037165
22.227889  14955.688681
22.395012  14739.960858
22.562135  14534.645242
22.729258  14340.402064
22.896381  14157.700970
23.063504  13986.734941
23.230627  13827.497266
23.397750  13679.840950
23.564873  13543.506705
23.731996  13418.154073
23.899119  13303.323514
