0.000535  3664.017984
0.167658  3623.985911
0.334781  3586.207041
0.501904  3550.678748
0.669027  3517.391229
0.836150  3486.343915
1.003273  3457.584650
1.170396  3431.109978
1.337519  3406.820565
1.504642  3384.555092
1.671765  3364.117121
1.838888  3345.268652
2.006011  3327.761364
2.173134  3311.351812
2.340257  3295.822424
2.507380  3280.977700
2.674503  3266.651926
2.841626  3252.737616
3.008749  3239.105827
3.175872  3225.580813
3.342995  3212.008385
3.510118  3198.302566
3.677241  3184.444390
3.844364  3170.432302
4.011487  3156.229957
4.178610  3141.858335
4.345733  3127.380685
4.512856  3112.878302
4.679979  3098.447385
4.847102  3084.155483
5.014225  3070.046582
5.181348  3056.163333
5.348471  3042.543207
5.515594  3029.226239
5.682717  3016.235526
5.849840  3003.597593
6.016962  2991.374373
6.184085  2979.636069
6.351208  2968.430739
6.518331  2957.810837
6.685454  2947.829277
6.852577  2938.515194
7.019700  2929.866662
7.186823  2921.894907
7.353946  2914.545656
7.521069  2907.737548
7.688192  2901.360138
7.855315  2895.335667
8.022438  2889.597311
8.189561  2884.067298
8.356684  2878.658484
8.523807  2873.304319
8.690930  2867.996734
8.858053  2862.747410
9.025176  2857.600558
9.192299  2852.621617
9.359422  2847.891623
9.526545  2843.500555
9.693668  2839.535054
9.860791  2836.115954
10.027914  2833.372143
10.195037  2831.437680
10.362160  2830.449964
10.529283  2830.563574
10.696406  2831.949657
10.863529  2834.806316
11.030652  2839.359791
11.197775  2845.889036
11.364898  2854.711309
11.532021  2866.122528
11.699144  2880.354808
11.866267  2897.653387
12.033390  2918.328640
12.200513  2942.799440
12.367636  2971.568874
12.534759  3005.197572
12.701882  3044.277790
12.869005  3089.388727
13.036128  3141.056119
13.203251  3199.587687
13.370374  3264.986327
13.537497  3336.740033
13.704620  3413.841629
13.871743  3495.074105
14.038866  3579.286016
14.205989  3665.473587
14.373112  3752.645096
14.540235  3839.925957
14.707358  3926.497952
14.874481  4011.653276
15.041604  4094.866522
15.208727  4175.634095
15.375850  4253.442635
15.542973  4327.812760
15.710096  4398.255727
15.877219  4464.215246
16.044342  4525.187858
16.211465  4580.837634
16.378588  4630.876959
16.545711  4675.226411
16.712834  4713.914281
16.879957  4747.034363
17.047080  4774.870606
17.214203  4797.775051
17.381326  4816.122736
17.548449  4830.302538
17.715572  4840.766738
17.882695  4847.995397
18.049818  4852.308346
18.216941  4853.921831
18.384064  4853.032177
18.551187  4849.870134
18.718310  4844.581466
18.885433  4837.257039
19.052556  4827.936037
19.219679  4816.606275
19.386802  4803.185244
19.553925  4787.566687
19.721048  4769.635597
19.888171  4749.259187
20.055294  4726.307112
20.222417  4700.694141
20.389540  4672.325834
20.556663  4641.173739
20.723786  4607.203110
20.890908  4570.413719
21.058031  4530.854845
21.225154  4488.629985
21.392277  4443.930601
21.559400  4396.985539
21.726523  4348.053400
21.893646  4297.382723
22.060769  4245.294603
22.227892  4192.249953
22.395015  4138.633416
22.562138  4084.868922
22.729261  4031.344731
22.896384  3978.441462
23.063507  3926.494916
23.230630  3875.757581
23.397753  3826.457765
23.564876  3778.831276
23.731999  3733.085978
23.899122  3689.423544
