0.000848  1970.340791
0.167971  1951.753743
0.335094  1933.958613
0.502217  1916.943674
0.669340  1900.705794
0.836463  1885.256363
1.003586  1870.612964
1.170709  1856.793998
1.337832  1843.808453
1.504955  1831.651481
1.672078  1820.290215
1.839201  1809.663245
2.006324  1799.684524
2.173447  1790.257296
2.340570  1781.269432
2.507693  1772.601044
2.674816  1764.144994
2.841939  1755.819748
3.009062  1747.558476
3.176185  1739.300934
3.343308  1730.988778
3.510431  1722.570262
3.677554  1714.001342
3.844677  1705.245688
4.011800  1696.302641
4.178923  1687.207905
4.346046  1678.021564
4.513169  1668.830090
4.680292  1659.729862
4.847415  1650.798517
5.014538  1642.088650
5.181661  1633.634234
5.348784  1625.466348
5.515907  1617.620861
5.683030  1610.136741
5.850153  1603.055467
6.017276  1596.416081
6.184399  1590.244174
6.351522  1584.555713
6.518645  1579.373120
6.685768  1574.727623
6.852891  1570.637368
7.020014  1567.086458
7.187137  1564.021794
7.354260  1561.374221
7.521383  1559.060561
7.688506  1557.006428
7.855629  1555.144492
8.022752  1553.410656
8.189875  1551.742777
8.356998  1550.087234
8.524121  1548.404148
8.691244  1546.682272
8.858367  1544.932023
9.025489  1543.176374
9.192612  1541.438541
9.359735  1539.737763
9.526858  1538.096474
9.693981  1536.542262
9.861104  1535.120037
10.028227  1533.881402
10.195350  1532.886345
10.362473  1532.201165
10.529596  1531.907898
10.696719  1532.114550
10.863842  1532.953437
11.030965  1534.559524
11.198088  1537.081272
11.365211  1540.669803
11.532334  1545.470782
11.699457  1551.611182
11.866580  1559.209227
12.033703  1568.409146
12.200826  1579.421710
12.367949  1592.542039
12.535072  1608.152724
12.702195  1626.670088
12.869318  1648.480673
13.036441  1673.856801
13.203564  1702.876545
13.370687  1735.355063
13.537810  1770.776654
13.704933  1808.376021
13.872056  1847.319208
14.039179  1886.874724
14.206302  1926.448668
14.373425  1965.628012
14.540548  2004.161904
14.707671  2041.844940
14.874794  2078.488375
15.041917  2113.883042
15.209040  2147.816742
15.376163  2180.046890
15.543286  2210.344313
15.710409  2238.488982
15.877532  2264.273052
16.044655  2287.528239
16.211778  2308.125239
16.378901  2325.998035
16.546024  2341.142072
16.713147  2353.611729
16.880270  2363.544287
17.047393  2371.145520
17.214516  2376.658226
17.381639  2380.367368
17.548762  2382.561452
17.715885  2383.540040
17.883008  2383.591617
18.050131  2382.992563
18.217254  2381.987610
18.384377  2380.786811
18.551500  2379.546216
18.718622  2378.362483
18.885745  2377.281040
19.052868  2376.293641
19.219991  2375.335236
19.387114  2374.274102
19.554237  2372.944735
19.721360  2371.152190
19.888483  2368.683295
20.055606  2365.325724
20.222729  2360.885725
20.389852  2355.210542
20.556975  2348.165251
20.724098  2339.655072
20.891221  2329.598523
21.058344  2317.952444
21.225467  2304.712030
21.392590  2289.908785
21.559713  2273.623009
21.726836  2255.988084
21.893959  2237.150101
22.061082  2217.302630
22.228205  2196.628137
22.395328  2175.311654
22.562451  2153.510521
22.729574  2131.422189
22.896697  2109.226684
23.063820  2087.090511
23.230943  2065.155068
23.398066  2043.548688
23.565189  2022.402834
23.732312  2001.850957
23.899435  1982.008302
