0.000532  7458.618190
0.167655  7399.793495
0.334778  7345.956682
0.501901  7296.673145
0.669024  7251.597098
0.836147  7210.396695
1.003270  7172.739308
1.170393  7138.340291
1.337516  7106.880471
1.504639  7078.033321
1.671762  7051.447865
1.838885  7026.760448
2.006008  7003.608695
2.173131  6981.657707
2.340254  6960.593997
2.507377  6940.131142
2.674500  6920.027575
2.841623  6900.078596
3.008746  6880.137358
3.175869  6860.073739
3.342992  6839.751325
3.510115  6819.037680
3.677238  6797.800901
3.844361  6775.891084
4.011484  6753.184085
4.178607  6729.577182
4.345730  6704.949095
4.512853  6679.164312
4.679976  6652.093887
4.847099  6623.563186
5.014222  6593.332869
5.181345  6561.231115
5.348468  6527.102525
5.515591  6490.842404
5.682714  6452.372657
5.849837  6411.642865
6.016960  6368.679414
6.184083  6323.535650
6.351206  6276.287881
6.518329  6227.090014
6.685452  6176.142400
6.852575  6123.646853
7.019698  6069.809704
7.186821  6014.847207
7.353944  5958.987429
7.521067  5902.487560
7.688190  5845.633184
7.855313  5788.735430
8.022436  5732.125051
8.189559  5676.143863
8.356682  5621.135059
8.523805  5567.460967
8.690928  5515.498020
8.858051  5465.632412
9.025174  5418.252712
9.192297  5373.721152
9.359420  5332.375333
9.526543  5294.526209
9.693665  5260.466755
9.860788  5230.485969
10.027911  5204.857885
10.195034  5183.839611
10.362157  5167.666622
10.529280  5156.565842
10.696403  5150.780741
10.863526  5150.548183
11.030649  5156.059941
11.197772  5167.483822
11.364895  5185.052040
11.532018  5209.060443
11.699141  5239.737616
11.866264  5277.325586
12.033387  5322.096363
12.200510  5374.391997
12.367633  5434.613764
12.534756  5503.245736
12.701879  5580.907367
12.869002  5668.296754
13.036125  5766.081819
13.203248  5874.859767
13.370371  5994.934154
13.537494  6126.345322
13.704617  6268.824121
13.871740  6421.736764
14.038863  6584.323394
14.205986  6755.725032
14.373109  6934.991809
14.540232  7121.088137
14.707355  7312.930491
14.874478  7509.377776
15.041601  7709.253259
15.208724  7911.368403
15.375847  8114.515411
15.542970  8317.469745
15.710093  8519.003029
15.877216  8717.887818
16.044339  8912.902211
16.211462  9102.842709
16.378585  9286.534246
16.545708  9462.820702
16.712831  9630.572107
16.879954  9788.695733
17.047077  9936.146743
17.214200  10071.957671
17.381323  10195.240438
17.548446  10305.183933
17.715569  10401.064807
17.882692  10482.270668
18.049815  10548.314070
18.216938  10598.835424
18.384061  10633.615681
18.551184  10652.576265
18.718307  10655.786120
18.885430  10643.446334
19.052553  10615.935093
19.219676  10573.788522
19.386799  10517.616589
19.553922  10448.148484
19.721045  10366.260349
19.888168  10272.972813
20.055291  10169.503349
20.222414  10057.057243
20.389537  9936.760140
20.556660  9809.856921
20.723783  9677.603836
20.890906  9541.253940
21.058029  9402.076658
21.225152  9261.331418
21.392275  9120.258366
21.559398  8980.039531
21.726521  8841.756890
21.893644  8706.391122
22.060767  8574.817368
22.227890  8447.755259
22.395013  8325.672199
22.562136  8209.032812
22.729259  8098.243750
22.896382  7993.605966
23.063505  7895.261481
23.230628  7803.246806
23.397751  7717.526006
23.564874  7638.003912
23.731997  7564.539753
23.899120  7496.920953
