0.000845  14676.714949
0.167968  14572.269113
0.335091  14473.984281
0.502214  14381.218233
0.669337  14293.436113
0.836460  14210.260047
1.003583  14131.469564
1.170706  14056.961147
1.337829  13986.708406
1.504952  13920.750212
1.672075  13859.054080
1.839198  13801.472918
2.006321  13747.784159
2.173444  13697.575834
2.340567  13650.317288
2.507690  13605.434856
2.674813  13562.368243
2.841936  13520.598974
3.009059  13479.730424
3.176182  13439.455934
3.343305  13399.483016
3.510428  13359.514629
3.677551  13319.285017
3.844674  13278.625571
4.011797  13237.488637
4.178920  13195.984845
4.346043  13154.268619
4.513166  13112.527586
4.680289  13070.851008
4.847412  13029.142259
5.014535  12987.161655
5.181658  12944.648936
5.348780  12901.434229
5.515903  12857.503327
5.683026  12812.913411
5.850149  12767.730730
6.017272  12722.011184
6.184395  12675.766115
6.351518  12629.045606
6.518641  12582.031400
6.685764  12534.954619
6.852887  12487.944736
7.020010  12440.988434
7.187133  12394.028487
7.354256  12346.987566
7.521379  12299.852359
7.688502  12252.685924
7.855625  12205.628291
8.022748  12158.892611
8.189871  12112.735937
8.356994  12067.445573
8.524117  12023.389050
8.691240  11981.056411
8.858363  11940.988495
9.025486  11903.737871
9.192609  11869.823043
9.359732  11839.717812
9.526855  11813.874440
9.693978  11792.726339
9.861101  11776.691505
10.028224  11766.188446
10.195347  11761.562330
10.362470  11763.107032
10.529593  11771.173365
10.696716  11786.164638
10.863839  11808.486295
11.030962  11838.497746
11.198085  11876.595389
11.365208  11923.288610
11.532331  11979.119351
11.699454  12044.511858
11.866577  12119.744602
12.033700  12205.149773
12.200823  12301.377032
12.367946  12409.519431
12.535069  12531.100527
12.702192  12667.824401
12.869315  12821.041568
13.036438  12991.316888
13.203561  13178.290011
13.370684  13380.931379
13.537807  13597.579845
13.704930  13826.122315
13.872053  14064.462605
14.039176  14310.872977
14.206299  14563.952755
14.373422  14822.585269
14.540545  15085.846434
14.707668  15352.959355
14.874791  15623.063932
15.041914  15895.179833
15.209036  16168.113428
15.376159  16440.545867
15.543282  16710.921677
15.710405  16977.500775
15.877528  17238.347047
16.044651  17491.366957
16.211774  17734.585940
16.378897  17966.115438
16.546020  18184.239538
16.713143  18387.462823
16.880266  18574.579177
17.047389  18744.732683
17.214512  18897.309307
17.381635  19031.902172
17.548758  19148.182015
17.715881  19245.902887
17.883004  19324.880866
18.050127  19385.019277
18.217250  19426.342834
18.384373  19448.989650
18.551496  19453.189851
18.718619  19439.213252
18.885742  19407.416874
19.052865  19358.308339
19.219988  19292.431131
19.387111  19210.243782
19.554234  19112.134756
19.721357  18998.574615
19.888480  18870.110311
20.055603  18727.437350
20.222726  18571.559511
20.389849  18403.758579
20.556972  18225.647324
20.724095  18038.909017
20.891218  17845.275568
21.058341  17646.453128
21.225464  17444.113878
21.392587  17239.953322
21.559710  17035.605292
21.726833  16832.626880
21.893956  16632.444684
22.061079  16436.306028
22.228202  16245.422860
22.395325  16060.679380
22.562448  15882.789094
22.729571  15712.417733
22.896694  15550.045744
23.063817  15395.897472
23.230940  15249.945777
23.398063  15111.947732
23.565186  14981.648605
23.732309  14858.856938
23.899432  14743.364797
