0.000207  3644.634383
0.167330  3605.419305
0.334453  3568.865119
0.501576  3534.970983
0.668699  3503.720348
0.835822  3475.075733
1.002945  3448.969753
1.170068  3425.294914
1.337191  3403.895821
1.504314  3384.567825
1.671437  3367.065637
1.838560  3351.122735
2.005682  3336.471925
2.172805  3322.861647
2.339928  3310.066948
2.507051  3297.895775
2.674174  3286.187961
2.841297  3274.809421
3.008420  3263.644629
3.175543  3252.590047
3.342666  3241.551848
3.509789  3230.445488
3.676912  3219.198330
3.844035  3207.754182
4.011158  3196.078134
4.178281  3184.155254
4.345404  3171.983571
4.512527  3159.566896
4.679650  3146.908611
4.846773  3134.008116
5.013896  3120.861095
5.181019  3107.463865
5.348142  3093.816506
5.515265  3079.925988
5.682388  3065.810376
5.849511  3051.503939
6.016634  3037.058628
6.183757  3022.536610
6.350880  3008.004159
6.518003  2993.533322
6.685126  2979.203778
6.852249  2965.094023
7.019372  2951.271209
7.186495  2937.785454
7.353618  2924.669332
7.520741  2911.942515
7.687864  2899.616249
7.854987  2887.696859
8.022110  2876.187685
8.189233  2865.091342
8.356356  2854.413646
8.523479  2844.169056
8.690602  2834.385169
8.857725  2825.104627
9.024848  2816.382174
9.191971  2808.278158
9.359094  2800.853379
9.526217  2794.169212
9.693340  2788.292855
9.860463  2783.301581
10.027586  2779.285470
10.194709  2776.347226
10.361832  2774.604043
10.528955  2774.191835
10.696078  2775.269654
10.863201  2778.020360
11.030324  2782.645189
11.197447  2789.359433
11.364570  2798.395453
11.531693  2810.000734
11.698816  2824.432846
11.865939  2841.956329
12.033062  2862.855016
12.200185  2887.447862
12.367308  2916.099782
12.534431  2949.218704
12.701554  2987.250294
12.868677  3030.665714
13.035800  3079.923398
13.202923  3135.391864
13.370046  3197.228734
13.537168  3265.280586
13.704291  3339.042139
13.871414  3417.699056
14.038537  3500.233645
14.205660  3585.539518
14.372783  3672.517186
14.539906  3760.129516
14.707029  3847.430647
14.874152  3933.579382
15.041275  4017.845622
15.208398  4099.606543
15.375521  4178.338852
15.542644  4253.607680
15.709767  4325.060623
15.876890  4392.420385
16.044013  4455.481016
16.211136  4514.104531
16.378259  4568.215632
16.545382  4617.793749
16.712505  4662.862794
16.879628  4703.482304
17.046751  4739.741012
17.213874  4771.754186
17.380997  4799.657861
17.548120  4823.601948
17.715243  4843.743136
17.882366  4860.237917
18.049489  4873.235226
18.216612  4882.865755
18.383735  4889.235992
18.550858  4892.423810
18.717981  4892.482217
18.885104  4889.439530
19.052227  4883.300388
19.219350  4874.043643
19.386473  4861.630540
19.553596  4846.017107
19.720719  4827.159098
19.887842  4805.013883
20.054965  4779.547077
20.222088  4750.747779
20.389211  4718.637250
20.556334  4683.263799
20.723457  4644.703975
20.890580  4603.070613
21.057703  4558.523004
21.224826  4511.270967
21.391949  4461.575336
21.559072  4409.744138
21.726195  4356.127138
21.893318  4301.105236
22.060441  4245.074314
22.227564  4188.433970
22.394687  4131.587545
22.561810  4074.934803
22.728933  4018.863220
22.896056  3963.740382
23.063179  3909.904852
23.230302  3857.664837
23.397425  3807.298696
23.564548  3759.053640
23.731671  3713.139617
23.898794  3669.719176
