0.000533  1634.696767
0.167656  1621.160425
0.334779  1608.767775
0.501902  1597.380676
0.669025  1586.906005
0.836148  1577.272773
1.003271  1568.385955
1.170394  1560.191205
1.337517  1552.621992
1.504640  1545.613261
1.671763  1539.098904
1.838886  1533.008365
2.006009  1527.262322
2.173132  1521.792836
2.340255  1516.541542
2.507378  1511.439802
2.674501  1506.437747
2.841624  1501.498211
3.008747  1496.608059
3.175870  1491.762225
3.342993  1486.948120
3.510116  1482.147893
3.677239  1477.347352
3.844362  1472.521198
4.011485  1467.650813
4.178608  1462.723277
4.345731  1457.715609
4.512854  1452.594081
4.679977  1447.335525
4.847100  1441.913669
5.014223  1436.217267
5.181346  1430.164061
5.348469  1423.674537
5.515592  1416.691749
5.682715  1409.163662
5.849838  1401.045737
6.016961  1392.322038
6.184084  1382.970309
6.351207  1372.993306
6.518330  1362.438110
6.685453  1351.371063
6.852576  1339.857380
7.019699  1327.965840
7.186822  1315.771648
7.353945  1303.351245
7.521068  1290.789082
7.688191  1278.179935
7.855314  1265.625050
8.022437  1253.229691
8.189560  1241.094858
8.356683  1229.315711
8.523806  1217.990695
8.690929  1207.216482
8.858052  1197.087172
9.025175  1187.688760
9.192298  1179.087134
9.359421  1171.333178
9.526544  1164.462240
9.693667  1158.500261
9.860790  1153.471898
10.027913  1149.391602
10.195036  1146.274547
10.362159  1144.128568
10.529282  1142.967331
10.696405  1142.823998
10.863528  1143.735678
11.030651  1145.734129
11.197774  1148.861856
11.364897  1153.220493
11.532020  1158.918083
11.699143  1166.014709
11.866266  1174.610000
12.033389  1184.819563
12.200512  1196.789766
12.367635  1210.681607
12.534758  1226.703327
12.701881  1245.148079
12.869004  1266.350188
13.036127  1290.590709
13.203250  1318.002874
13.370373  1348.462466
13.537496  1381.700614
13.704619  1417.289117
13.871742  1454.728912
14.038865  1493.614477
14.205988  1533.609498
14.373111  1574.426690
14.540233  1615.816825
14.707356  1657.575622
14.874479  1699.526599
15.041602  1741.518444
15.208725  1783.425568
15.375848  1825.135712
15.542971  1866.541920
15.710094  1907.536983
15.877217  1948.008067
16.044340  1987.833193
16.211463  2026.875894
16.378586  2064.987342
16.545709  2101.996662
16.712832  2137.711527
16.879955  2171.915530
17.047078  2204.378808
17.214201  2234.868145
17.381324  2263.142229
17.548447  2288.956800
17.715570  2312.063427
17.882693  2332.227383
18.049816  2349.229257
18.216939  2362.879099
18.384062  2373.014443
18.551185  2379.510389
18.718308  2382.283756
18.885431  2381.285751
19.052554  2376.529730
19.219677  2368.092417
19.386800  2356.076153
19.553923  2340.609903
19.721046  2321.890638
19.888169  2300.173484
20.055292  2275.783222
20.222415  2249.041147
20.389538  2220.250369
20.556661  2189.757142
20.723784  2157.904917
20.890907  2125.030847
21.058030  2091.471267
21.225153  2057.559864
21.392276  2023.631476
21.559399  1990.002143
21.726522  1956.945783
21.893645  1924.714911
22.060768  1893.537290
22.227891  1863.620572
22.395014  1835.026744
22.562137  1807.820861
22.729260  1782.066833
22.896383  1757.830157
23.063506  1735.123700
23.230629  1713.929149
23.397752  1694.208033
23.564875  1675.924753
23.731998  1659.041532
23.899121  1643.506388
