0.000536  14294.181220
0.167659  14172.974208
0.334782  14061.658316
0.501905  13959.544395
0.669028  13865.992931
0.836151  13780.426268
1.003274  13702.315412
1.170397  13631.156410
1.337520  13566.449168
1.504643  13507.681289
1.671766  13454.310303
1.838889  13405.768560
2.006012  13361.482513
2.173135  13320.897945
2.340258  13283.496980
2.507381  13248.812523
2.674504  13216.434469
2.841627  13186.011447
3.008750  13157.240813
3.175873  13129.845361
3.342996  13103.550588
3.510119  13078.065936
3.677242  13053.081631
3.844365  13028.276956
4.011488  13003.334715
4.178611  12977.938882
4.345734  12951.761138
4.512857  12924.452987
4.679980  12895.646289
4.847103  12864.961632
5.014226  12832.021707
5.181349  12796.474062
5.348472  12758.007644
5.515595  12716.369571
5.682718  12671.370275
5.849841  12622.890958
6.016964  12570.888845
6.184087  12515.392311
6.351210  12456.513601
6.518333  12394.466020
6.685456  12329.542608
6.852579  12262.073749
7.019702  12192.408661
7.186825  12120.919729
7.353948  12048.012948
7.521071  11974.138926
7.688194  11899.798102
7.855317  11825.536657
8.022440  11751.935827
8.189563  11679.600946
8.356686  11609.157990
8.523809  11541.253834
8.690932  11476.552680
8.858054  11415.727441
9.025177  11359.441269
9.192300  11308.325691
9.359423  11262.963845
9.526546  11223.890727
9.693669  11191.603875
9.860792  11166.570512
10.027915  11149.225922
10.195038  11139.964267
10.362161  11139.141185
10.529284  11147.090867
10.696407  11164.136875
10.863530  11190.573709
11.030653  11226.650059
11.197776  11272.592807
11.364899  11328.645637
11.532022  11395.077192
11.699145  11472.162471
11.866268  11560.179860
12.033391  11659.460451
12.200514  11770.447584
12.367637  11893.740982
12.534760  12030.099456
12.701883  12180.404907
12.869006  12345.565291
13.036129  12526.383671
13.203252  12723.458413
13.370375  12937.097085
13.537498  13167.301781
13.704621  13413.791359
13.871744  13676.020837
14.038867  13953.207702
14.205990  14244.358445
14.373113  14548.287415
14.540236  14863.617000
14.707359  15188.785254
14.874482  15522.063585
15.041605  15861.593478
15.208728  16205.416895
15.375851  16551.495384
15.542974  16897.719915
15.710097  17241.933932
15.877220  17581.948342
16.044343  17915.560107
16.211466  18240.569950
16.378589  18554.801059
16.545712  18856.115673
16.712835  19142.421222
16.879958  19411.688061
17.047081  19661.965280
17.214204  19891.412166
17.381327  20098.316241
17.548450  20281.110969
17.715573  20438.398415
17.882696  20568.975602
18.049819  20671.868549
18.216942  20746.345018
18.384065  20791.930871
18.551188  20808.410233
18.718311  20795.839865
18.885434  20754.558317
19.052557  20685.186773
19.219680  20588.601851
19.386803  20465.901759
19.553926  20318.424358
19.721049  20147.783208
19.888172  19955.890928
20.055295  19744.883994
20.222418  19516.957341
20.389541  19274.300516
20.556664  19019.173712
20.723787  18753.935155
20.890910  18481.008204
21.058033  18202.823864
21.225156  17921.772695
21.392279  17640.173259
21.559402  17360.231989
21.726525  17084.000200
21.893648  16813.337996
22.060771  16549.881555
22.227894  16295.029105
22.395017  16049.956876
22.562140  15815.617893
22.729263  15592.739504
22.896386  15381.834049
23.063509  15183.203237
23.230632  14996.954978
23.397755  14823.031455
23.564878  14661.249115
23.732000  14511.319062
23.899123  14372.841541
