0.000531  1493.952199
0.167654  1475.703598
0.334777  1458.412350
0.501900  1441.891089
0.669023  1426.244478
0.836146  1411.372212
1.003269  1397.324298
1.170392  1384.136790
1.337515  1371.828962
1.504638  1360.384828
1.671761  1349.774176
1.838884  1340.017519
2.006007  1330.949023
2.173130  1322.530431
2.340253  1314.665827
2.507376  1307.133291
2.674499  1299.781618
2.841622  1292.504801
3.008745  1285.222995
3.175868  1277.790581
3.342991  1270.229339
3.510114  1262.477150
3.677237  1254.385499
3.844360  1245.885234
4.011483  1237.037764
4.178606  1227.933438
4.345729  1218.524693
4.512852  1208.976971
4.679975  1199.469352
4.847098  1190.257426
5.014221  1181.256961
5.181344  1172.555358
5.348467  1164.177132
5.515590  1156.195446
5.682713  1148.667944
5.849836  1141.626604
6.016959  1135.119135
6.184082  1129.220294
6.351205  1123.847013
6.518328  1118.958908
6.685451  1114.592237
6.852574  1110.856153
7.019697  1107.683249
7.186820  1105.017987
7.353943  1102.746993
7.521066  1100.737157
7.688189  1098.925445
7.855312  1097.272646
8.022435  1095.708840
8.189558  1094.176086
8.356681  1092.614296
8.523804  1090.918684
8.690927  1089.096845
8.858050  1087.200527
9.025173  1085.280228
9.192296  1083.345937
9.359419  1081.404652
9.526542  1079.484733
9.693665  1077.596929
9.860788  1075.777636
10.027911  1074.087318
10.195034  1072.592416
10.362157  1071.325784
10.529280  1070.373379
10.696403  1069.867090
10.863526  1069.924628
11.030649  1070.660133
11.197772  1072.227242
11.364895  1074.896156
11.532018  1078.917061
11.699141  1084.267749
11.866264  1091.051496
12.033387  1099.458105
12.200510  1109.646376
12.367633  1121.841410
12.534756  1136.518503
12.701879  1154.318119
12.869001  1175.943856
13.036124  1201.867128
13.203247  1232.631623
13.370370  1267.866422
13.537493  1306.494197
13.704616  1347.019621
13.871739  1387.736459
14.038862  1427.675175
14.205985  1466.176054
14.373108  1503.001308
14.540231  1538.203520
14.707354  1571.947067
14.874477  1604.208359
15.041600  1634.891436
15.208723  1663.940956
15.375846  1691.086160
15.542969  1716.097176
15.710092  1738.854651
15.877215  1759.032436
16.044338  1776.581470
16.211461  1791.308989
16.378584  1803.275725
16.545707  1812.472558
16.712830  1818.932794
16.879953  1822.983650
17.047076  1824.804613
17.214199  1824.706532
17.381322  1823.189042
17.548445  1820.627598
17.715568  1817.416460
17.882691  1814.007430
18.049814  1810.806619
18.216937  1808.103260
18.384060  1806.219985
18.551183  1805.395346
18.718306  1805.720749
18.885429  1807.189624
19.052552  1809.798797
19.219675  1813.372630
19.386798  1817.568173
19.553921  1822.050885
19.721044  1826.514182
19.888167  1830.505438
20.055290  1833.608457
20.222413  1835.475163
20.389536  1835.897767
20.556659  1834.612021
20.723782  1831.460282
20.890905  1826.290373
21.058028  1819.062762
21.225151  1809.754105
21.392274  1798.372737
21.559397  1784.994281
21.726520  1769.840677
21.893643  1753.111851
22.060766  1735.093534
22.227889  1716.097040
22.395012  1696.095039
22.562135  1675.230833
22.729258  1653.729097
22.896381  1631.982534
23.063504  1610.108754
23.230627  1588.277652
23.397750  1566.758141
23.564873  1545.638140
23.731996  1525.137267
23.899119  1505.492724
