   2.0000000e+01   2.1526774e+00   1.0263379e-02  -3.9174741e+01   1.4764673e+00
   2.0200401e+01   2.1064082e+00   1.2855659e-02  -3.8319103e+01   1.4630935e+00
   2.0400802e+01   2.0616857e+00   1.9547753e-02  -3.7474066e+01   1.4655190e+00
   2.0601202e+01   2.0244909e+00   2.6513345e-02  -3.6628032e+01   1.4671020e+00
   2.0801603e+01   1.9937638e+00   2.7408922e-02  -3.5783636e+01   1.4622374e+00
   2.1002004e+01   1.9696156e+00   1.7977153e-02  -3.4948625e+01   1.4441060e+00
   2.1202405e+01   1.9647853e+00   1.1235244e-02  -3.4126349e+01   1.4238940e+00
   2.1402806e+01   1.9527151e+00   1.1004238e-02  -3.3318377e+01   1.4076907e+00
   2.1603206e+01   1.9140778e+00   1.1767144e-02  -3.2503405e+01   1.3983686e+00
   2.1803607e+01   1.8827452e+00   1.7022432e-02  -3.1697894e+01   1.3987132e+00
   2.2004008e+01   1.8603295e+00   1.3602203e-02  -3.0902083e+01   1.3893155e+00
   2.2204409e+01   1.8397542e+00   1.2632955e-02  -3.0116436e+01   1.3791623e+00
   2.2404810e+01   1.8233069e+00   1.6139485e-02  -2.9337051e+01   1.3694402e+00
   2.2605210e+01   1.8120331e+00   2.1658087e-02  -2.8549503e+01   1.3559616e+00
   2.2805611e+01   1.8010211e+00   3.0121914e-02  -2.7769919e+01   1.3503082e+00
   2.3006012e+01   1.7929995e+00   3.5632171e-02  -2.7013264e+01   1.3447306e+00
   2.3206413e+01   1.7917193e+00   3.5146617e-02  -2.6263726e+01   1.3395112e+00
   2.3406814e+01   1.7881525e+00   4.0784569e-02  -2.5514183e+01   1.3297454e+00
   2.3607214e+01   1.7938696e+00   3.9486862e-02  -2.4759130e+01   1.3224057e+00
   2.3807615e+01   1.8026179e+00   3.8393222e-02  -2.4011635e+01   1.3208012e+00
   2.4008016e+01   1.8026497e+00   3.2716109e-02  -2.3272634e+01   1.3179267e+00
   2.4208417e+01   1.7999717e+00   3.1902335e-02  -2.2534824e+01   1.3157014e+00
   2.4408818e+01   1.8045805e+00   3.7545939e-02  -2.1797093e+01   1.3097354e+00
   2.4609218e+01   1.8177212e+00   4.2562919e-02  -2.1061199e+01   1.2972133e+00
   2.4809619e+01   1.8285196e+00   4.7786582e-02  -2.0327978e+01   1.2877786e+00
   2.5010020e+01   1.8406515e+00   5.3471161e-02  -1.9596192e+01   1.2776816e+00
   2.5210421e+01   1.8601010e+00   5.8110898e-02  -1.8867379e+01   1.2762075e+00
   2.5410822e+01   1.8788979e+00   6.1339053e-02  -1.8144191e+01   1.2756774e+00
   2.5611222e+01   1.9014840e+00   6.3742993e-02  -1.7425325e+01   1.2750795e+00
   2.5811623e+01   1.9246809e+00   7.2283383e-02  -1.6705018e+01   1.2735044e+00
   2.6012024e+01   1.9512648e+00   8.0274574e-02  -1.5979106e+01   1.2719230e+00
   2.6212425e+01   1.9847801e+00   8.2075324e-02  -1.5252858e+01   1.2706555e+00
   2.6412826e+01   2.0247326e+00   8.1673681e-02  -1.4533866e+01   1.2695510e+00
   2.6613226e+01   2.0611809e+00   8.1815469e-02  -1.3822276e+01   1.2691470e+00
   2.6813627e+01   2.1002286e+00   8.1546343e-02  -1.3109655e+01   1.2668819e+00
   2.7014028e+01   2.1348557e+00   8.7422166e-02  -1.2395119e+01   1.2697449e+00
   2.7214429e+01   2.1706103e+00   9.3650382e-02  -1.1680415e+01   1.2750854e+00
   2.7414830e+01   2.2126457e+00   9.7916663e-02  -1.0962026e+01   1.2803355e+00
   2.7615230e+01   2.2611869e+00   1.0150004e-01  -1.0240614e+01   1.2863962e+00
   2.7815631e+01   2.3130171e+00   1.0296358e-01  -9.5175701e+00   1.2873311e+00
   2.8016032e+01   2.3670220e+00   1.0488649e-01  -8.8018506e+00   1.2873152e+00
   2.8216433e+01   2.4223761e+00   1.0926537e-01  -8.0842378e+00   1.2855507e+00
   2.8416834e+01   2.4849440e+00   1.1285231e-01  -7.3667088e+00   1.2842544e+00
   2.8617234e+01   2.5505306e+00   1.2058735e-01  -6.6405598e+00   1.2856687e+00
   2.8817635e+01   2.6193172e+00   1.2704608e-01  -5.9105299e+00   1.2905857e+00
   2.9018036e+01   2.6936492e+00   1.3274070e-01  -5.1806270e+00   1.2862594e+00
   2.9218437e+01   2.7692712e+00   1.3764039e-01  -4.4472611e+00   1.2836389e+00
   2.9418838e+01   2.8433829e+00   1.4172171e-01  -3.7115365e+00   1.2866004e+00
   2.9619238e+01   2.9174761e+00   1.4826711e-01  -2.9815858e+00   1.2949755e+00
   2.9819639e+01   2.9977291e+00   1.5790756e-01  -2.2515851e+00   1.3067352e+00
   3.0020040e+01   3.0843352e+00   1.6374529e-01  -1.5164124e+00   1.3154623e+00
   3.0220441e+01   3.1790340e+00   1.6893306e-01  -7.7662934e-01   1.3257473e+00
   3.0420842e+01   3.2848188e+00   1.7580824e-01  -3.7474549e-02   1.3305957e+00
   3.0621242e+01   3.3902692e+00   1.7270004e-01   7.0407670e-01   1.3280108e+00
   3.0821643e+01   3.5041531e+00   1.7950798e-01   1.4605463e+00   1.3251653e+00
   3.1022044e+01   3.6191774e+00   1.8745689e-01   2.2360551e+00   1.3220846e+00
   3.1222445e+01   3.7270102e+00   2.1348815e-01   3.0091127e+00   1.3193534e+00
   3.1422846e+01   3.8479162e+00   2.2151248e-01   3.7847546e+00   1.3196710e+00
   3.1623246e+01   3.9734213e+00   2.3293826e-01   4.5643478e+00   1.3242987e+00
   3.1823647e+01   4.0998180e+00   2.6492289e-01   5.3377433e+00   1.3398581e+00
   3.2024048e+01   4.2340543e+00   2.9241590e-01   6.1197903e+00   1.3608266e+00
   3.2224449e+01   4.3745106e+00   3.1548754e-01   6.9042997e+00   1.3852872e+00
   3.2424850e+01   4.5254502e+00   3.3472701e-01   7.6977412e+00   1.4155411e+00
   3.2625251e+01   4.6808325e+00   3.4556148e-01   8.5017549e+00   1.4447659e+00
   3.2825651e+01   4.8520882e+00   3.4967304e-01   9.3086266e+00   1.4698170e+00
   3.3026052e+01   5.0369253e+00   3.5314663e-01   1.0123055e+01   1.4879049e+00
   3.3226453e+01   5.2269285e+00   3.5978112e-01   1.0939234e+01   1.5096548e+00
   3.3426854e+01   5.4271786e+00   3.6331863e-01   1.1774371e+01   1.5230662e+00
   3.3627255e+01   5.6305783e+00   3.7281515e-01   1.2617992e+01   1.5350819e+00
   3.3827655e+01   5.8448775e+00   3.8574745e-01   1.3475319e+01   1.5416185e+00
   3.4028056e+01   6.0708628e+00   3.9457406e-01   1.4338896e+01   1.5524251e+00
   3.4228457e+01   6.3003416e+00   4.0509398e-01   1.5217301e+01   1.5594130e+00
   3.4428858e+01   6.5397558e+00   4.3615490e-01   1.6094986e+01   1.5739877e+00
   3.4629259e+01   6.7888590e+00   4.7080669e-01   1.6982009e+01   1.5832966e+00
   3.4829659e+01   7.0427328e+00   5.0426784e-01   1.7872803e+01   1.6052238e+00
   3.5030060e+01   7.3121594e+00   5.4245435e-01   1.8772067e+01   1.6439710e+00
   3.5230461e+01   7.6010346e+00   5.6002393e-01   1.9676633e+01   1.6840677e+00
   3.5430862e+01   7.9096499e+00   5.7694801e-01   2.0583537e+01   1.7206086e+00
   3.5631263e+01   8.2334817e+00   5.8544045e-01   2.1504518e+01   1.7568864e+00
   3.5831663e+01   8.5780580e+00   5.9283833e-01   2.2447467e+01   1.7856730e+00
   3.6032064e+01   8.9320909e+00   6.0802157e-01   2.3412925e+01   1.7968607e+00
   3.6232465e+01   9.3006213e+00   6.2532141e-01   2.4393635e+01   1.8052761e+00
   3.6432866e+01   9.6940544e+00   6.4953626e-01   2.5389343e+01   1.8032230e+00
   3.6633267e+01   1.0091957e+01   6.8275461e-01   2.6387258e+01   1.8062196e+00
   3.6833667e+01   1.0506353e+01   7.2941769e-01   2.7405198e+01   1.8091867e+00
   3.7034068e+01   1.0940846e+01   7.8111468e-01   2.8445789e+01   1.8147144e+00
   3.7234469e+01   1.1389243e+01   8.4422482e-01   2.9495109e+01   1.8341209e+00
   3.7434870e+01   1.1861814e+01   9.1473855e-01   3.0536701e+01   1.8701359e+00
   3.7635271e+01   1.2360043e+01   9.8400080e-01   3.1587902e+01   1.9063320e+00
   3.7835671e+01   1.2888527e+01   1.0595616e+00   3.2655000e+01   1.9526642e+00
   3.8036072e+01   1.3446253e+01   1.1341940e+00   3.3746894e+01   1.9878286e+00
   3.8236473e+01   1.4044666e+01   1.1796158e+00   3.4864293e+01   2.0273914e+00
   3.8436874e+01   1.4676848e+01   1.2202358e+00   3.5990518e+01   2.0629054e+00
   3.8637275e+01   1.5338661e+01   1.2609636e+00   3.7132073e+01   2.1000434e+00
   3.8837675e+01   1.6031949e+01   1.3098388e+00   3.8291817e+01   2.1238047e+00
   3.9038076e+01   1.6760552e+01   1.3585958e+00   3.9485788e+01   2.1196761e+00
   3.9238477e+01   1.7521085e+01   1.4349971e+00   4.0693474e+01   2.1334343e+00
   3.9438878e+01   1.8299477e+01   1.5296159e+00   4.1905010e+01   2.1420999e+00
   3.9639279e+01   1.9120532e+01   1.6424130e+00   4.3129352e+01   2.1615460e+00
   3.9839679e+01   1.9968150e+01   1.7595122e+00   4.4355401e+01   2.1886798e+00
   4.0040080e+01   2.0861302e+01   1.8891851e+00   4.5594711e+01   2.2397239e+00
   4.0240481e+01   2.1814872e+01   2.0021977e+00   4.6850646e+01   2.2825006e+00
   4.0440882e+01   2.2838708e+01   2.1040932e+00   4.8092315e+01   2.3168344e+00
   4.0641283e+01   2.3928266e+01   2.2064936e+00   4.9356909e+01   2.3442421e+00
   4.0841683e+01   2.5063143e+01   2.3142552e+00   5.0644118e+01   2.3726484e+00
   4.1042084e+01   2.6264784e+01   2.4214264e+00   5.1944083e+01   2.3950350e+00
   4.1242485e+01   2.7533547e+01   2.5452596e+00   5.3271878e+01   2.4230248e+00
   4.1442886e+01   2.8856500e+01   2.6720628e+00   5.4595805e+01   2.4201560e+00
   4.1643287e+01   3.0252145e+01   2.8046079e+00   5.5934192e+01   2.4122298e+00
   4.1843687e+01   3.1725067e+01   2.9509380e+00   5.7276743e+01   2.3859206e+00
   4.2044088e+01   3.3290126e+01   3.1224504e+00   5.8610554e+01   2.3575107e+00
   4.2244489e+01   3.4922922e+01   3.3038328e+00   5.9948342e+01   2.3195615e+00
   4.2444890e+01   3.6644517e+01   3.5069722e+00   6.1271059e+01   2.3088089e+00
   4.2645291e+01   3.8479798e+01   3.7081844e+00   6.2587892e+01   2.3118824e+00
   4.2845691e+01   4.0381159e+01   3.9156951e+00   6.3896298e+01   2.3088010e+00
   4.3046092e+01   4.2377711e+01   4.1517296e+00   6.5174909e+01   2.2999792e+00
   4.3246493e+01   4.4503465e+01   4.3696197e+00   6.6430941e+01   2.2809116e+00
   4.3446894e+01   4.6738615e+01   4.6119983e+00   6.7647269e+01   2.2477646e+00
   4.3647295e+01   4.9113524e+01   4.8503232e+00   6.8819172e+01   2.1971175e+00
   4.3847695e+01   5.1576619e+01   5.1011352e+00   6.9933852e+01   2.1492695e+00
   4.4048096e+01   5.4190202e+01   5.3473579e+00   7.1020997e+01   2.0847889e+00
   4.4248497e+01   5.6905668e+01   5.6011487e+00   7.2033917e+01   2.0095108e+00
   4.4448898e+01   5.9760756e+01   5.8865925e+00   7.2995734e+01   1.9195018e+00
   4.4649299e+01   6.2716441e+01   6.1941317e+00   7.3841661e+01   1.8168523e+00
   4.4849699e+01   6.5841081e+01   6.4877348e+00   7.4586574e+01   1.6765371e+00
   4.5050100e+01   6.9109363e+01   6.7912033e+00   7.5210398e+01   1.5249696e+00
   4.5250501e+01   7.2501261e+01   7.0509731e+00   7.5701259e+01   1.3807187e+00
   4.5450902e+01   7.6040681e+01   7.2982207e+00   7.6021921e+01   1.5536678e+00
   4.5651303e+01   7.9690345e+01   7.5183017e+00   7.6165868e+01   1.7148586e+00
   4.5851703e+01   8.3450185e+01   7.7025305e+00   7.6154827e+01   1.9514461e+00
   4.6052104e+01   8.7333341e+01   7.8612385e+00   7.5919430e+01   2.1335422e+00
   4.6252505e+01   9.1304628e+01   7.9882889e+00   7.5495050e+01   2.4197694e+00
   4.6452906e+01   9.5361078e+01   8.1397363e+00   7.4811482e+01   3.0241811e+00
   4.6653307e+01   9.9498099e+01   8.2019316e+00   7.3867246e+01   3.6419231e+00
   4.6853707e+01   1.0370339e+02   8.1682795e+00   7.2635920e+01   4.2779164e+00
   4.7054108e+01   1.0795202e+02   8.0854541e+00   7.1110681e+01   4.9691541e+00
   4.7254509e+01   1.1219538e+02   7.8813534e+00   6.9317801e+01   5.7062751e+00
   4.7454910e+01   1.1640690e+02   7.6005321e+00   6.7193544e+01   6.3856125e+00
   4.7655311e+01   1.2054792e+02   7.5143591e+00   6.4735605e+01   7.1270649e+00
   4.7855711e+01   1.2458508e+02   7.4349390e+00   6.1976778e+01   7.8278066e+00
   4.8056112e+01   1.2853714e+02   7.3114134e+00   5.8881212e+01   8.4657841e+00
   4.8256513e+01   1.3230847e+02   7.1246783e+00   5.5463104e+01   9.1405643e+00
   4.8456914e+01   1.3597335e+02   6.8248542e+00   5.1701522e+01   9.7178057e+00
   4.8657315e+01   1.3938946e+02   6.4444626e+00   4.7674879e+01   1.0216781e+01
   4.8857715e+01   1.4251063e+02   5.9610252e+00   4.3394313e+01   1.0721976e+01
   4.9058116e+01   1.4529416e+02   5.4042063e+00   3.8865323e+01   1.1114553e+01
   4.9258517e+01   1.4773679e+02   4.8051243e+00   3.4185037e+01   1.1440954e+01
   4.9458918e+01   1.4987168e+02   4.1615003e+00   2.9303148e+01   1.1656563e+01
   4.9659319e+01   1.5162870e+02   4.0168086e+00   2.4169640e+01   1.1704889e+01
   4.9859719e+01   1.5298049e+02   4.2782957e+00   1.8916921e+01   1.1701770e+01
   5.0060120e+01   1.5393077e+02   4.4379413e+00   1.3570959e+01   1.1421255e+01
   5.0260521e+01   1.5452255e+02   4.5426070e+00   8.2249279e+00   1.1158802e+01
   5.0460922e+01   1.5473131e+02   4.5705837e+00   2.8404819e+00   1.0711479e+01
   5.0661323e+01   1.5456918e+02   4.8343272e+00  -2.4743806e+00   1.0163098e+01
   5.0861723e+01   1.5405800e+02   5.6037587e+00  -7.6829414e+00   9.4971366e+00
   5.1062124e+01   1.5317255e+02   6.2599632e+00  -1.2786100e+01   9.1164603e+00
   5.1262525e+01   1.5199244e+02   6.8667845e+00  -1.7654928e+01   8.8671266e+00
   5.1462926e+01   1.5050961e+02   7.3375265e+00  -2.2359902e+01   8.5677099e+00
   5.1663327e+01   1.4868300e+02   7.6535025e+00  -2.6868157e+01   8.2147183e+00
   5.1863727e+01   1.4665272e+02   7.8998971e+00  -3.1171137e+01   7.7801161e+00
   5.2064128e+01   1.4434367e+02   8.0450567e+00  -3.5196603e+01   7.2897196e+00
   5.2264529e+01   1.4188672e+02   8.1167823e+00  -3.8965431e+01   6.7842012e+00
   5.2464930e+01   1.3927222e+02   8.1548360e+00  -4.2512602e+01   6.2837465e+00
   5.2665331e+01   1.3654662e+02   8.0484736e+00  -4.5762833e+01   5.7752931e+00
   5.2865731e+01   1.3368154e+02   7.9764484e+00  -4.8777537e+01   5.2853210e+00
   5.3066132e+01   1.3076032e+02   7.8084515e+00  -5.1554148e+01   4.8299282e+00
   5.3266533e+01   1.2776382e+02   7.6011662e+00  -5.4111684e+01   4.3462353e+00
   5.3466934e+01   1.2465275e+02   7.3587640e+00  -5.6417867e+01   3.8944081e+00
   5.3667335e+01   1.2158924e+02   7.1132920e+00  -5.8524775e+01   3.4087357e+00
   5.3867735e+01   1.1857010e+02   6.8882350e+00  -6.0473461e+01   2.9409809e+00
   5.4068136e+01   1.1557610e+02   6.6921051e+00  -6.2146021e+01   2.8311745e+00
   5.4268537e+01   1.1258617e+02   6.4265710e+00  -6.3541992e+01   2.7889675e+00
   5.4468938e+01   1.0970116e+02   6.2174114e+00  -6.4760976e+01   2.6956610e+00
   5.4669339e+01   1.0684440e+02   5.9791519e+00  -6.5785657e+01   2.5846966e+00
   5.4869739e+01   1.0399010e+02   5.7041753e+00  -6.6663620e+01   2.4577196e+00
   5.5070140e+01   1.0116042e+02   5.4067159e+00  -6.7391732e+01   2.3365453e+00
   5.5270541e+01   9.8417704e+01   5.1604020e+00  -6.8047333e+01   2.2144262e+00
   5.5470942e+01   9.5713052e+01   4.8566493e+00  -6.8574185e+01   2.1147447e+00
   5.5671343e+01   9.3117240e+01   4.5648528e+00  -6.9005669e+01   1.9504539e+00
   5.5871743e+01   9.0592672e+01   4.3100365e+00  -6.9364776e+01   1.9127004e+00
   5.6072144e+01   8.8150414e+01   4.0217557e+00  -6.9591631e+01   2.0030665e+00
   5.6272545e+01   8.5772130e+01   3.8295087e+00  -6.9671580e+01   2.0650019e+00
   5.6472946e+01   8.3499624e+01   3.6700941e+00  -6.9690157e+01   2.1223543e+00
   5.6673347e+01   8.1279284e+01   3.5299747e+00  -6.9650148e+01   2.1488882e+00
   5.6873747e+01   7.9139020e+01   3.3777527e+00  -6.9559859e+01   2.1544783e+00
   5.7074148e+01   7.7078423e+01   3.1983256e+00  -6.9432197e+01   2.1831347e+00
   5.7274549e+01   7.5079990e+01   3.0553039e+00  -6.9233773e+01   2.1679770e+00
   5.7474950e+01   7.3146586e+01   2.9095573e+00  -6.8990682e+01   2.1347271e+00
   5.7675351e+01   7.1293277e+01   2.7411629e+00  -6.8652704e+01   2.1102913e+00
   5.7875752e+01   6.9495199e+01   2.6075866e+00  -6.8258615e+01   2.0372962e+00
   5.8076152e+01   6.7758038e+01   2.4652163e+00  -6.7837938e+01   2.0017017e+00
   5.8276553e+01   6.6054285e+01   2.3531991e+00  -6.7451218e+01   1.9722324e+00
   5.8476954e+01   6.4419520e+01   2.2612201e+00  -6.7029873e+01   1.9049911e+00
   5.8677355e+01   6.2847637e+01   2.1393716e+00  -6.6612054e+01   1.8887572e+00
   5.8877756e+01   6.1351048e+01   2.0315121e+00  -6.6156168e+01   1.8561282e+00
   5.9078156e+01   5.9917391e+01   1.9290510e+00  -6.5671738e+01   1.8575147e+00
   5.9278557e+01   5.8553637e+01   1.8447731e+00  -6.5157489e+01   1.8276259e+00
   5.9478958e+01   5.7251812e+01   1.7489589e+00  -6.4599571e+01   1.8063816e+00
   5.9679359e+01   5.5959460e+01   1.6554934e+00  -6.4065833e+01   1.7707417e+00
   5.9879760e+01   5.4698924e+01   1.5860436e+00  -6.3535534e+01   1.7523598e+00
   6.0080160e+01   5.3537793e+01   1.5247928e+00  -6.2968484e+01   1.7172108e+00
   6.0280561e+01   5.2407352e+01   1.4521712e+00  -6.2378064e+01   1.6609644e+00
   6.0480962e+01   5.1308127e+01   1.3962667e+00  -6.1785631e+01   1.6177948e+00
   6.0681363e+01   5.0245521e+01   1.3394318e+00  -6.1201802e+01   1.5793905e+00
   6.0881764e+01   4.9215438e+01   1.2731259e+00  -6.0620344e+01   1.5513081e+00
   6.1082164e+01   4.8224922e+01   1.2087357e+00  -6.0034827e+01   1.5241006e+00
   6.1282565e+01   4.7279095e+01   1.1499334e+00  -5.9450475e+01   1.5012961e+00
   6.1482966e+01   4.6367695e+01   1.1091255e+00  -5.8880616e+01   1.4922337e+00
   6.1683367e+01   4.5495156e+01   1.0635897e+00  -5.8265696e+01   1.4762017e+00
   6.1883768e+01   4.4659267e+01   1.0216656e+00  -5.7685689e+01   1.4211429e+00
   6.2084168e+01   4.3831401e+01   9.9129784e-01  -5.7091633e+01   1.4129030e+00
   6.2284569e+01   4.3014540e+01   9.5405147e-01  -5.6518466e+01   1.4089247e+00
   6.2484970e+01   4.2246793e+01   9.1064711e-01  -5.5970751e+01   1.4286196e+00
   6.2685371e+01   4.1515836e+01   8.8200391e-01  -5.5366915e+01   1.4235258e+00
   6.2885772e+01   4.0808134e+01   8.6582947e-01  -5.4783091e+01   1.3930198e+00
   6.3086172e+01   4.0111404e+01   8.2588164e-01  -5.4200734e+01   1.3472730e+00
   6.3286573e+01   3.9427906e+01   7.8568665e-01  -5.3643116e+01   1.3392489e+00
   6.3486974e+01   3.8768229e+01   7.6596211e-01  -5.3081356e+01   1.3225171e+00
   6.3687375e+01   3.8126568e+01   7.3797490e-01  -5.2526373e+01   1.3174390e+00
   6.3887776e+01   3.7501489e+01   7.0858776e-01  -5.1959181e+01   1.3147750e+00
   6.4088176e+01   3.6921989e+01   6.8290707e-01  -5.1382732e+01   1.2998306e+00
   6.4288577e+01   3.6376585e+01   6.6563328e-01  -5.0791896e+01   1.3002048e+00
   6.4488978e+01   3.5833952e+01   6.3756664e-01  -5.0231358e+01   1.2910333e+00
   6.4689379e+01   3.5302016e+01   6.1625877e-01  -4.9697704e+01   1.2765221e+00
   6.4889780e+01   3.4786954e+01   5.9237534e-01  -4.9167140e+01   1.2619902e+00
   6.5090180e+01   3.4295157e+01   5.7611065e-01  -4.8632854e+01   1.2503582e+00
   6.5290581e+01   3.3812544e+01   5.6624986e-01  -4.8096406e+01   1.2447144e+00
   6.5490982e+01   3.3343651e+01   5.5102558e-01  -4.7579839e+01   1.2345513e+00
   6.5691383e+01   3.2894092e+01   5.2841871e-01  -4.7063475e+01   1.2118664e+00
   6.5891784e+01   3.2472896e+01   5.1451174e-01  -4.6560052e+01   1.2036556e+00
   6.6092184e+01   3.2047473e+01   5.0228948e-01  -4.6050729e+01   1.1966677e+00
   6.6292585e+01   3.1643901e+01   4.8279049e-01  -4.5531370e+01   1.1764081e+00
   6.6492986e+01   3.1240900e+01   4.4880199e-01  -4.5022270e+01   1.1588266e+00
   6.6693387e+01   3.0857666e+01   4.3797570e-01  -4.4529396e+01   1.1579937e+00
   6.6893788e+01   3.0476747e+01   4.1309914e-01  -4.4035414e+01   1.1443706e+00
   6.7094188e+01   3.0126062e+01   4.0797191e-01  -4.3549418e+01   1.1338355e+00
   6.7294589e+01   2.9778481e+01   3.9095410e-01  -4.3068374e+01   1.1312262e+00
   6.7494990e+01   2.9436021e+01   3.7305685e-01  -4.2590897e+01   1.1417977e+00
   6.7695391e+01   2.9113537e+01   3.5392863e-01  -4.2144096e+01   1.1396915e+00
   6.7895792e+01   2.8793486e+01   3.3104730e-01  -4.1689259e+01   1.1315618e+00
   6.8096192e+01   2.8502404e+01   3.2308434e-01  -4.1214985e+01   1.1271430e+00
   6.8296593e+01   2.8214415e+01   3.1662058e-01  -4.0747385e+01   1.1167222e+00
   6.8496994e+01   2.7921798e+01   3.1157581e-01  -4.0286575e+01   1.1171065e+00
   6.8697395e+01   2.7627642e+01   2.9467695e-01  -3.9852692e+01   1.1071786e+00
   6.8897796e+01   2.7339627e+01   2.8148142e-01  -3.9413446e+01   1.1114728e+00
   6.9098196e+01   2.7078221e+01   2.7885254e-01  -3.8974282e+01   1.1137232e+00
   6.9298597e+01   2.6814397e+01   2.5261439e-01  -3.8543244e+01   1.1144162e+00
   6.9498998e+01   2.6576667e+01   2.5344182e-01  -3.8115643e+01   1.1058260e+00
   6.9699399e+01   2.6348399e+01   2.4541785e-01  -3.7696738e+01   1.1031078e+00
   6.9899800e+01   2.6121669e+01   2.4062490e-01  -3.7277238e+01   1.0895589e+00
   7.0100200e+01   2.5897602e+01   2.3340375e-01  -3.6860981e+01   1.0893634e+00
   7.0300601e+01   2.5692043e+01   2.2811789e-01  -3.6447285e+01   1.0739072e+00
   7.0501002e+01   2.5474096e+01   2.1309014e-01  -3.6048617e+01   1.0702309e+00
   7.0701403e+01   2.5280015e+01   2.0974254e-01  -3.5658748e+01   1.0620471e+00
   7.0901804e+01   2.5074378e+01   1.9615882e-01  -3.5266531e+01   1.0592682e+00
   7.1102204e+01   2.4880404e+01   1.8232185e-01  -3.4858347e+01   1.0402773e+00
   7.1302605e+01   2.4692292e+01   1.7133214e-01  -3.4457330e+01   1.0349552e+00
   7.1503006e+01   2.4516376e+01   1.5942981e-01  -3.4076578e+01   1.0243479e+00
   7.1703407e+01   2.4350445e+01   1.5539260e-01  -3.3705562e+01   1.0059160e+00
   7.1903808e+01   2.4185505e+01   1.4673320e-01  -3.3332231e+01   9.8770365e-01
   7.2104208e+01   2.4018892e+01   1.3532907e-01  -3.2941589e+01   9.6929804e-01
   7.2304609e+01   2.3854030e+01   1.2930329e-01  -3.2563636e+01   9.7133757e-01
   7.2505010e+01   2.3694659e+01   1.1631827e-01  -3.2204440e+01   9.6788941e-01
   7.2705411e+01   2.3546719e+01   1.0741460e-01  -3.1838425e+01   9.6054592e-01
   7.2905812e+01   2.3414211e+01   9.2726387e-02  -3.1472694e+01   9.4687039e-01
   7.3106212e+01   2.3278035e+01   8.0036657e-02  -3.1111946e+01   9.3500980e-01
   7.3306613e+01   2.3151245e+01   7.7675641e-02  -3.0746957e+01   9.3149296e-01
   7.3507014e+01   2.3024403e+01   6.6303037e-02  -3.0406025e+01   9.2007316e-01
   7.3707415e+01   2.2894225e+01   5.2263122e-02  -3.0057831e+01   9.1406098e-01
   7.3907816e+01   2.2771082e+01   5.0796920e-02  -2.9719438e+01   9.1577876e-01
   7.4108216e+01   2.2645851e+01   6.3559702e-02  -2.9375648e+01   9.1703393e-01
   7.4308617e+01   2.2524375e+01   6.4910588e-02  -2.9024758e+01   9.1307391e-01
   7.4509018e+01   2.2417764e+01   5.6985613e-02  -2.8695427e+01   9.1149416e-01
   7.4709419e+01   2.2304980e+01   4.6923799e-02  -2.8358489e+01   9.0717286e-01
   7.4909820e+01   2.2199097e+01   6.0809625e-02  -2.8029741e+01   8.9855779e-01
   7.5110220e+01   2.2093235e+01   5.9761310e-02  -2.7706858e+01   9.0457790e-01
   7.5310621e+01   2.1994543e+01   5.8677705e-02  -2.7376823e+01   8.9291415e-01
   7.5511022e+01   2.1904254e+01   6.5402897e-02  -2.7047519e+01   8.9155884e-01
   7.5711423e+01   2.1821537e+01   6.7946583e-02  -2.6715065e+01   8.9264699e-01
   7.5911824e+01   2.1733036e+01   6.8862671e-02  -2.6388064e+01   8.8754698e-01
   7.6112224e+01   2.1638198e+01   8.2593666e-02  -2.6080517e+01   8.9004442e-01
   7.6312625e+01   2.1558466e+01   8.7110512e-02  -2.5773068e+01   8.8547348e-01
   7.6513026e+01   2.1479880e+01   8.3189941e-02  -2.5467915e+01   8.7708008e-01
   7.6713427e+01   2.1393444e+01   9.8138077e-02  -2.5158636e+01   8.6729359e-01
   7.6913828e+01   2.1321879e+01   9.4233956e-02  -2.4863625e+01   8.5986511e-01
   7.7114228e+01   2.1256659e+01   9.4045043e-02  -2.4559018e+01   8.5769287e-01
   7.7314629e+01   2.1198510e+01   9.6788331e-02  -2.4264135e+01   8.5135370e-01
   7.7515030e+01   2.1130358e+01   9.9151008e-02  -2.3969832e+01   8.5005987e-01
   7.7715431e+01   2.1072715e+01   9.3160017e-02  -2.3678672e+01   8.5003550e-01
   7.7915832e+01   2.1006141e+01   1.0099738e-01  -2.3384840e+01   8.4271133e-01
   7.8116232e+01   2.0952345e+01   9.4476847e-02  -2.3082479e+01   8.3382252e-01
   7.8316633e+01   2.0903763e+01   1.0321957e-01  -2.2790267e+01   8.2404127e-01
   7.8517034e+01   2.0865031e+01   1.0964699e-01  -2.2508987e+01   7.9919968e-01
   7.8717435e+01   2.0821753e+01   1.2518188e-01  -2.2228836e+01   7.9044397e-01
   7.8917836e+01   2.0787563e+01   1.3038899e-01  -2.1959358e+01   7.9602340e-01
   7.9118236e+01   2.0742586e+01   1.3583084e-01  -2.1679659e+01   7.7892848e-01
   7.9318637e+01   2.0701947e+01   1.4648805e-01  -2.1414331e+01   7.7515841e-01
   7.9519038e+01   2.0671913e+01   1.5210323e-01  -2.1133667e+01   7.6869191e-01
   7.9719439e+01   2.0654277e+01   1.6023798e-01  -2.0850951e+01   7.5682010e-01
   7.9919840e+01   2.0625529e+01   1.6280983e-01  -2.0587909e+01   7.5171664e-01
   8.0120240e+01   2.0599271e+01   1.7273771e-01  -2.0324408e+01   7.4671338e-01
   8.0320641e+01   2.0583140e+01   1.7571758e-01  -2.0058873e+01   7.4083288e-01
   8.0521042e+01   2.0571297e+01   1.8341821e-01  -1.9794511e+01   7.2332337e-01
   8.0721443e+01   2.0558598e+01   1.8840526e-01  -1.9534580e+01   7.1952403e-01
   8.0921844e+01   2.0546185e+01   1.9727873e-01  -1.9263365e+01   7.0768697e-01
   8.1122244e+01   2.0529019e+01   2.1095510e-01  -1.8999796e+01   6.9883648e-01
   8.1322645e+01   2.0516470e+01   2.1283166e-01  -1.8740280e+01   6.9418062e-01
   8.1523046e+01   2.0513738e+01   2.2409912e-01  -1.8485796e+01   6.7871390e-01
   8.1723447e+01   2.0503719e+01   2.3665724e-01  -1.8238175e+01   6.8281215e-01
   8.1923848e+01   2.0503334e+01   2.4153487e-01  -1.7991854e+01   6.7478879e-01
   8.2124248e+01   2.0501489e+01   2.4489859e-01  -1.7754248e+01   6.7375051e-01
   8.2324649e+01   2.0492591e+01   2.5785928e-01  -1.7513300e+01   6.6666661e-01
   8.2525050e+01   2.0501623e+01   2.6662114e-01  -1.7274066e+01   6.6522348e-01
   8.2725451e+01   2.0512710e+01   2.6483455e-01  -1.7037000e+01   6.6147315e-01
   8.2925852e+01   2.0518038e+01   2.5815438e-01  -1.6805602e+01   6.6324128e-01
   8.3126253e+01   2.0526097e+01   2.5661831e-01  -1.6570887e+01   6.5981420e-01
   8.3326653e+01   2.0536408e+01   2.5643923e-01  -1.6342692e+01   6.5772358e-01
   8.3527054e+01   2.0545497e+01   2.6426365e-01  -1.6106224e+01   6.4147356e-01
   8.3727455e+01   2.0558354e+01   2.6205149e-01  -1.5881478e+01   6.3324090e-01
   8.3927856e+01   2.0572062e+01   2.6846646e-01  -1.5651775e+01   6.1658388e-01
   8.4128257e+01   2.0591375e+01   2.7518871e-01  -1.5430384e+01   6.1812975e-01
   8.4328657e+01   2.0615797e+01   2.7062774e-01  -1.5210686e+01   6.1232656e-01
   8.4529058e+01   2.0629297e+01   2.6732489e-01  -1.5002906e+01   6.0872982e-01
   8.4729459e+01   2.0648699e+01   2.6752391e-01  -1.4793280e+01   6.0105666e-01
   8.4929860e+01   2.0671447e+01   2.6263525e-01  -1.4581167e+01   5.9554394e-01
   8.5130261e+01   2.0689674e+01   2.6400710e-01  -1.4374757e+01   5.9173123e-01
   8.5330661e+01   2.0710227e+01   2.5614296e-01  -1.4172474e+01   5.7216054e-01
   8.5531062e+01   2.0735305e+01   2.5482902e-01  -1.3973838e+01   5.6479227e-01
   8.5731463e+01   2.0763631e+01   2.5300828e-01  -1.3778122e+01   5.5701752e-01
   8.5931864e+01   2.0800067e+01   2.4810634e-01  -1.3566980e+01   5.3775330e-01
   8.6132265e+01   2.0829606e+01   2.4802917e-01  -1.3368335e+01   5.2310487e-01
   8.6332665e+01   2.0859615e+01   2.4850049e-01  -1.3168377e+01   5.1150999e-01
   8.6533066e+01   2.0885669e+01   2.5011065e-01  -1.2972395e+01   4.9282751e-01
   8.6733467e+01   2.0912577e+01   2.5669439e-01  -1.2781101e+01   4.7950837e-01
   8.6933868e+01   2.0946752e+01   2.6090324e-01  -1.2590995e+01   4.7691554e-01
   8.7134269e+01   2.0982794e+01   2.6613962e-01  -1.2402261e+01   4.6341756e-01
   8.7334669e+01   2.1012882e+01   2.7370351e-01  -1.2221069e+01   4.6157157e-01
   8.7535070e+01   2.1044941e+01   2.7537342e-01  -1.2044437e+01   4.5392245e-01
   8.7735471e+01   2.1079573e+01   2.7806269e-01  -1.1867537e+01   4.4699351e-01
   8.7935872e+01   2.1120958e+01   2.7817105e-01  -1.1687902e+01   4.4997874e-01
   8.8136273e+01   2.1167825e+01   2.7380590e-01  -1.1509204e+01   4.4178869e-01
   8.8336673e+01   2.1215980e+01   2.6249814e-01  -1.1333532e+01   4.5255360e-01
   8.8537074e+01   2.1251939e+01   2.6648833e-01  -1.1150457e+01   4.3907276e-01
   8.8737475e+01   2.1294467e+01   2.7135645e-01  -1.0971906e+01   4.3119230e-01
   8.8937876e+01   2.1344251e+01   2.6511659e-01  -1.0796583e+01   4.1644184e-01
   8.9138277e+01   2.1401466e+01   2.6895212e-01  -1.0629095e+01   4.1355613e-01
   8.9338677e+01   2.1444585e+01   2.6907652e-01  -1.0466328e+01   4.0325069e-01
   8.9539078e+01   2.1494245e+01   2.6023846e-01  -1.0303102e+01   3.9867777e-01
   8.9739479e+01   2.1540752e+01   2.6455762e-01  -1.0150517e+01   3.9426380e-01
   8.9939880e+01   2.1590003e+01   2.6703425e-01  -9.9879155e+00   3.8731173e-01
   9.0140281e+01   2.1648750e+01   2.6246666e-01  -9.8384031e+00   3.8473945e-01
   9.0340681e+01   2.1697587e+01   2.6320739e-01  -9.6828178e+00   3.7601770e-01
   9.0541082e+01   2.1748124e+01   2.6082633e-01  -9.5419811e+00   3.7011539e-01
   9.0741483e+01   2.1800204e+01   2.5163693e-01  -9.3952860e+00   3.7032006e-01
   9.0941884e+01   2.1860634e+01   2.4777603e-01  -9.2443614e+00   3.6075004e-01
   9.1142285e+01   2.1914302e+01   2.3739576e-01  -9.0933789e+00   3.5493886e-01
   9.1342685e+01   2.1974617e+01   2.3356624e-01  -8.9433818e+00   3.4676155e-01
   9.1543086e+01   2.2028888e+01   2.2813105e-01  -8.8000056e+00   3.3657935e-01
   9.1743487e+01   2.2080920e+01   2.2846733e-01  -8.6603978e+00   3.2418065e-01
   9.1943888e+01   2.2131829e+01   2.2786117e-01  -8.5204264e+00   3.1496645e-01
   9.2144289e+01   2.2185699e+01   2.2848033e-01  -8.3852574e+00   3.0652086e-01
   9.2344689e+01   2.2241920e+01   2.3267949e-01  -8.2645589e+00   3.0212394e-01
   9.2545090e+01   2.2295046e+01   2.3235291e-01  -8.1409824e+00   2.8836596e-01
   9.2745491e+01   2.2354664e+01   2.3215949e-01  -8.0233690e+00   2.7813642e-01
   9.2945892e+01   2.2403075e+01   2.2701125e-01  -7.9048836e+00   2.7856701e-01
   9.3146293e+01   2.2449635e+01   2.2314894e-01  -7.7881634e+00   2.6853733e-01
   9.3346693e+01   2.2509625e+01   2.0882589e-01  -7.6839289e+00   2.7264026e-01
   9.3547094e+01   2.2561668e+01   2.1117194e-01  -7.5746367e+00   2.6809415e-01
   9.3747495e+01   2.2618477e+01   2.0483745e-01  -7.4672675e+00   2.6390932e-01
   9.3947896e+01   2.2675758e+01   2.0695022e-01  -7.3572366e+00   2.4456539e-01
   9.4148297e+01   2.2731500e+01   2.0578975e-01  -7.2526716e+00   2.3740900e-01
   9.4348697e+01   2.2792166e+01   1.9738764e-01  -7.1499709e+00   2.2565106e-01
   9.4549098e+01   2.2848077e+01   1.9958640e-01  -7.0552098e+00   2.1974797e-01
   9.4749499e+01   2.2897486e+01   1.9294305e-01  -6.9578400e+00   2.1775658e-01
   9.4949900e+01   2.2941273e+01   1.9644970e-01  -6.8572600e+00   2.1314753e-01
   9.5150301e+01   2.2981082e+01   1.9833873e-01  -6.7613927e+00   2.0722051e-01
   9.5350701e+01   2.3028420e+01   1.9508456e-01  -6.6711307e+00   1.9890240e-01
   9.5551102e+01   2.3077680e+01   1.9530067e-01  -6.5932209e+00   1.9816902e-01
   9.5751503e+01   2.3121446e+01   1.9103456e-01  -6.5079450e+00   1.8850427e-01
   9.5951904e+01   2.3161449e+01   1.9410839e-01  -6.4205463e+00   1.8346620e-01
   9.6152305e+01   2.3200694e+01   1.8328638e-01  -6.3430162e+00   1.8538341e-01
   9.6352705e+01   2.3242743e+01   1.8090745e-01  -6.2554056e+00   1.6771101e-01
   9.6553106e+01   2.3280354e+01   1.8000382e-01  -6.1737967e+00   1.6675578e-01
   9.6753507e+01   2.3326413e+01   1.8042790e-01  -6.0896493e+00   1.5122121e-01
   9.6953908e+01   2.3363894e+01   1.7768066e-01  -6.0178444e+00   1.4642938e-01
   9.7154309e+01   2.3404114e+01   1.7139601e-01  -5.9436534e+00   1.4762488e-01
   9.7354709e+01   2.3427093e+01   1.7233046e-01  -5.8661939e+00   1.4052165e-01
   9.7555110e+01   2.3458170e+01   1.6209692e-01  -5.7928692e+00   1.3204206e-01
   9.7755511e+01   2.3489241e+01   1.5429038e-01  -5.7242142e+00   1.2902743e-01
   9.7955912e+01   2.3512840e+01   1.5386879e-01  -5.6551575e+00   1.2233374e-01
   9.8156313e+01   2.3539947e+01   1.5009936e-01  -5.5897544e+00   1.2309689e-01
   9.8356713e+01   2.3561273e+01   1.4402279e-01  -5.5203453e+00   1.2696585e-01
   9.8557114e+01   2.3577103e+01   1.3732236e-01  -5.4520499e+00   1.2753098e-01
   9.8757515e+01   2.3587205e+01   1.4646991e-01  -5.3806068e+00   1.2806241e-01
   9.8957916e+01   2.3607923e+01   1.5532901e-01  -5.3124809e+00   1.2683100e-01
   9.9158317e+01   2.3621381e+01   1.6506736e-01  -5.2434357e+00   1.1754271e-01
   9.9358717e+01   2.3634608e+01   1.6984437e-01  -5.1793840e+00   1.1679061e-01
   9.9559118e+01   2.3649304e+01   1.8270194e-01  -5.1114145e+00   1.1394616e-01
   9.9759519e+01   2.3655314e+01   1.8360294e-01  -5.0409543e+00   1.1874669e-01
   9.9959920e+01   2.3645524e+01   1.9307854e-01  -4.9754658e+00   1.1993627e-01
   1.0016032e+02   2.3653108e+01   2.1457109e-01  -4.9004330e+00   1.1076102e-01
   1.0036072e+02   2.3640854e+01   1.9112175e-01  -4.8306119e+00   1.2023439e-01
   1.0056112e+02   2.3643289e+01   2.1054004e-01  -4.7515329e+00   1.1991591e-01
   1.0076152e+02   2.3625596e+01   2.2086894e-01  -4.6882770e+00   1.3144488e-01
   1.0096192e+02   2.3632095e+01   2.3752853e-01  -4.6274849e+00   1.1917028e-01
   1.0116232e+02   2.3623618e+01   2.5056732e-01  -4.5492860e+00   1.2457082e-01
   1.0136272e+02   2.3608408e+01   2.4959559e-01  -4.4811346e+00   1.1844396e-01
   1.0156313e+02   2.3609551e+01   2.5923789e-01  -4.3971331e+00   1.3554003e-01
   1.0176353e+02   2.3588355e+01   2.6417997e-01  -4.3235640e+00   1.5072392e-01
   1.0196393e+02   2.3574737e+01   2.6575996e-01  -4.2408438e+00   1.4353847e-01
   1.0216433e+02   2.3558255e+01   2.8532236e-01  -4.1597519e+00   1.5973360e-01
   1.0236473e+02   2.3537753e+01   2.8851775e-01  -4.0892807e+00   1.7162133e-01
   1.0256513e+02   2.3505053e+01   2.9934123e-01  -3.9946415e+00   1.7510969e-01
   1.0276553e+02   2.3484486e+01   2.9883171e-01  -3.9161439e+00   1.7105239e-01
   1.0296593e+02   2.3465656e+01   3.0487979e-01  -3.8281945e+00   1.8264828e-01
   1.0316633e+02   2.3433328e+01   3.0311056e-01  -3.7408717e+00   1.8935627e-01
   1.0336673e+02   2.3410946e+01   3.1115215e-01  -3.6538459e+00   2.0450914e-01
   1.0356713e+02   2.3386141e+01   3.1774644e-01  -3.5575475e+00   2.2156027e-01
   1.0376753e+02   2.3358989e+01   3.1703303e-01  -3.4618394e+00   2.3598454e-01
   1.0396794e+02   2.3319706e+01   3.1420402e-01  -3.3665468e+00   2.5153907e-01
   1.0416834e+02   2.3301280e+01   3.3245924e-01  -3.2692654e+00   2.6332272e-01
   1.0436874e+02   2.3254725e+01   3.2479454e-01  -3.1755932e+00   2.7856202e-01
   1.0456914e+02   2.3216541e+01   3.3008486e-01  -3.0811826e+00   2.9537226e-01
   1.0476954e+02   2.3185632e+01   3.5037522e-01  -2.9608607e+00   2.9693994e-01
   1.0496994e+02   2.3165692e+01   3.4623876e-01  -2.8535041e+00   3.0946898e-01
   1.0517034e+02   2.3129848e+01   3.6200075e-01  -2.7324646e+00   3.3133642e-01
   1.0537074e+02   2.3094794e+01   3.4478524e-01  -2.6209222e+00   3.4211091e-01
   1.0557114e+02   2.3065984e+01   3.5298368e-01  -2.4960884e+00   3.5393178e-01
   1.0577154e+02   2.3027879e+01   3.4565424e-01  -2.3862594e+00   3.7312241e-01
   1.0597194e+02   2.2995542e+01   3.4288997e-01  -2.2615193e+00   3.9360773e-01
   1.0617235e+02   2.2961847e+01   3.4276751e-01  -2.1286692e+00   4.1118609e-01
   1.0637275e+02   2.2927201e+01   3.4773768e-01  -2.0090679e+00   4.2036189e-01
   1.0657315e+02   2.2895156e+01   3.4973073e-01  -1.8726644e+00   4.4536893e-01
   1.0677355e+02   2.2854598e+01   3.4064679e-01  -1.7363614e+00   4.6080548e-01
   1.0697395e+02   2.2826207e+01   3.3801476e-01  -1.5958273e+00   4.7260307e-01
   1.0717435e+02   2.2788443e+01   3.2971585e-01  -1.4650865e+00   4.9346967e-01
   1.0737475e+02   2.2761791e+01   3.2618998e-01  -1.3194410e+00   5.1080842e-01
   1.0757515e+02   2.2729039e+01   3.3214337e-01  -1.1796711e+00   5.2243343e-01
   1.0777555e+02   2.2697638e+01   3.1732104e-01  -1.0334773e+00   5.3871497e-01
   1.0797595e+02   2.2673549e+01   3.3575976e-01  -8.8112063e-01   5.5150490e-01
   1.0817635e+02   2.2647719e+01   3.1193393e-01  -7.1791749e-01   5.7311017e-01
   1.0837675e+02   2.2628752e+01   3.1851861e-01  -5.6145829e-01   5.9913367e-01
   1.0857715e+02   2.2598130e+01   3.1378973e-01  -3.8916259e-01   6.0658786e-01
   1.0877755e+02   2.2577209e+01   3.0301527e-01  -2.2571855e-01   6.2957697e-01
   1.0897796e+02   2.2546515e+01   3.0351917e-01  -5.0593579e-02   6.4920155e-01
   1.0917836e+02   2.2538794e+01   3.0412253e-01   1.2103020e-01   6.4726937e-01
   1.0937876e+02   2.2520815e+01   2.9512070e-01   3.0101072e-01   6.7419158e-01
   1.0957916e+02   2.2503527e+01   3.0481434e-01   4.8001324e-01   6.8664012e-01
   1.0977956e+02   2.2493727e+01   2.9743694e-01   6.6747748e-01   6.9903143e-01
   1.0997996e+02   2.2477973e+01   2.9956684e-01   8.5471523e-01   7.1172645e-01
   1.1018036e+02   2.2479376e+01   2.9840767e-01   1.0496561e+00   7.2404274e-01
   1.1038076e+02   2.2485406e+01   2.9620807e-01   1.2473671e+00   7.3085015e-01
   1.1058116e+02   2.2481671e+01   2.8662431e-01   1.4423121e+00   7.2797940e-01
   1.1078156e+02   2.2474647e+01   2.8940621e-01   1.6489259e+00   7.4469009e-01
   1.1098196e+02   2.2487794e+01   2.8810227e-01   1.8441945e+00   7.4898172e-01
   1.1118237e+02   2.2501794e+01   2.7676664e-01   2.0527734e+00   7.5945452e-01
   1.1138277e+02   2.2505140e+01   2.7798597e-01   2.2579284e+00   7.8190015e-01
   1.1158317e+02   2.2521613e+01   2.5716622e-01   2.4712338e+00   7.9213274e-01
   1.1178357e+02   2.2545564e+01   2.5643959e-01   2.6931241e+00   7.8461283e-01
   1.1198397e+02   2.2568860e+01   2.5079815e-01   2.9129444e+00   7.9726946e-01
   1.1218437e+02   2.2592161e+01   2.2826799e-01   3.1243162e+00   8.1111469e-01
   1.1238477e+02   2.2620685e+01   2.2797157e-01   3.3569173e+00   8.1243228e-01
   1.1258517e+02   2.2653136e+01   2.2551713e-01   3.5683652e+00   8.2725567e-01
   1.1278557e+02   2.2699482e+01   2.1004156e-01   3.7989585e+00   8.3154531e-01
   1.1298597e+02   2.2739740e+01   2.1156341e-01   4.0371899e+00   8.2889293e-01
   1.1318637e+02   2.2798829e+01   2.1351327e-01   4.2663023e+00   8.5199699e-01
   1.1338677e+02   2.2846333e+01   1.8683152e-01   4.5030587e+00   8.6956758e-01
   1.1358717e+02   2.2905734e+01   1.9039658e-01   4.7485324e+00   8.6813839e-01
   1.1378758e+02   2.2967360e+01   1.7931645e-01   4.9883042e+00   8.8938594e-01
   1.1398798e+02   2.3036495e+01   1.8437424e-01   5.2202649e+00   8.9409402e-01
   1.1418838e+02   2.3116282e+01   1.8965964e-01   5.4806915e+00   8.9402934e-01
   1.1438878e+02   2.3197798e+01   2.0550055e-01   5.7206133e+00   9.1154139e-01
   1.1458918e+02   2.3284324e+01   2.1744415e-01   5.9729908e+00   9.2628491e-01
   1.1478958e+02   2.3372161e+01   2.3255059e-01   6.2375643e+00   9.3896939e-01
   1.1498998e+02   2.3480975e+01   2.4565835e-01   6.4851831e+00   9.5246125e-01
   1.1519038e+02   2.3590672e+01   2.5325098e-01   6.7518885e+00   9.5978911e-01
   1.1539078e+02   2.3706332e+01   2.7256681e-01   7.0174080e+00   9.6130932e-01
   1.1559118e+02   2.3819804e+01   2.8290142e-01   7.2813520e+00   9.6862455e-01
   1.1579158e+02   2.3944583e+01   2.9843628e-01   7.5436703e+00   9.7201071e-01
   1.1599198e+02   2.4084218e+01   3.1591861e-01   7.8186631e+00   9.7540172e-01
   1.1619239e+02   2.4224465e+01   3.3790685e-01   8.0914021e+00   9.9501743e-01
   1.1639279e+02   2.4372516e+01   3.4700455e-01   8.3662234e+00   9.9997713e-01
   1.1659319e+02   2.4536028e+01   3.5963684e-01   8.6562358e+00   9.9946601e-01
   1.1679359e+02   2.4699032e+01   3.7262097e-01   8.9270181e+00   1.0036887e+00
   1.1699399e+02   2.4874753e+01   3.9133270e-01   9.2083851e+00   1.0075792e+00
   1.1719439e+02   2.5063128e+01   3.9968794e-01   9.4854573e+00   1.0118529e+00
   1.1739479e+02   2.5260139e+01   4.1884706e-01   9.7725188e+00   1.0185043e+00
   1.1759519e+02   1.6903765e+01   1.2439991e+01   1.4282881e+01   7.3666986e+00
   1.1779559e+02   1.7039658e+01   1.2537124e+01   1.4432298e+01   7.1622466e+00
   1.1799599e+02   1.7179234e+01   1.2637339e+01   1.4580783e+01   6.9558746e+00
   1.1819639e+02   1.7322477e+01   1.2745357e+01   1.4732529e+01   6.7498469e+00
   1.1839679e+02   1.7480692e+01   1.2872848e+01   1.4878521e+01   6.5492260e+00
   1.1859719e+02   1.7644362e+01   1.3003586e+01   1.5029180e+01   6.3468762e+00
   1.1879760e+02   1.7810861e+01   1.3134744e+01   1.5172857e+01   6.1417891e+00
   1.1899800e+02   9.1370332e+00   1.3233222e+01   1.8957543e+01   5.9246612e+00
   1.1919840e+02   9.2255645e+00   1.3371722e+01   1.8969473e+01   5.7225981e+00
   1.1939880e+02   9.3182480e+00   1.3516445e+01   1.8978567e+01   5.5251506e+00
   1.1959920e+02   9.4156082e+00   1.3668178e+01   1.8993095e+01   5.3199146e+00
   1.1979960e+02   9.5234472e+00   1.3835625e+01   1.9007618e+01   5.1150435e+00
   1.2000000e+02   9.6338079e+00   1.4006849e+01   1.9021912e+01   4.9108700e+00
