   2.0000000e+01   2.2172193e+00   6.6756553e-02  -4.0234183e+01   6.3786828e-02
   2.0200401e+01   2.1739398e+00   6.3782556e-02  -3.9379676e+01   7.3765946e-02
   2.0400802e+01   2.1301561e+00   6.3059793e-02  -3.8542505e+01   7.4784547e-02
   2.0601202e+01   2.0965728e+00   6.3277442e-02  -3.7699373e+01   5.7699160e-02
   2.0801603e+01   2.0661870e+00   6.2327287e-02  -3.6851731e+01   4.4478316e-02
   2.1002004e+01   2.0458267e+00   5.5788599e-02  -3.6011389e+01   4.2110904e-02
   2.1202405e+01   2.0390258e+00   5.4247893e-02  -3.5187355e+01   4.4807401e-02
   2.1402806e+01   2.0245699e+00   5.6233580e-02  -3.4377208e+01   4.6019893e-02
   2.1603206e+01   1.9880966e+00   5.4907236e-02  -3.3568148e+01   4.8022147e-02
   2.1803607e+01   1.9580723e+00   5.2481299e-02  -3.2775586e+01   5.2120043e-02
   2.2004008e+01   1.9404373e+00   5.0702615e-02  -3.1990307e+01   5.5902882e-02
   2.2204409e+01   1.9264514e+00   4.7666723e-02  -3.1215832e+01   6.3889054e-02
   2.2404810e+01   1.9097171e+00   5.3981823e-02  -3.0437188e+01   6.2488534e-02
   2.2605210e+01   1.9003969e+00   4.2829076e-02  -2.9649320e+01   5.3420155e-02
   2.2805611e+01   1.8854156e+00   4.1700891e-02  -2.8873664e+01   4.7431140e-02
   2.3006012e+01   1.8745300e+00   3.9072133e-02  -2.8123736e+01   3.9032657e-02
   2.3206413e+01   1.8653151e+00   3.9665290e-02  -2.7382729e+01   3.6907835e-02
   2.3406814e+01   1.8608167e+00   4.0778076e-02  -2.6649071e+01   4.4043543e-02
   2.3607214e+01   1.8640659e+00   3.9543787e-02  -2.5908520e+01   4.6139895e-02
   2.3807615e+01   1.8730862e+00   3.1251024e-02  -2.5169378e+01   4.4143015e-02
   2.4008016e+01   1.8672012e+00   3.2619949e-02  -2.4434804e+01   3.3115051e-02
   2.4208417e+01   1.8603667e+00   3.2397522e-02  -2.3699585e+01   2.6373275e-02
   2.4408818e+01   1.8557579e+00   3.2997148e-02  -2.2966570e+01   2.6306649e-02
   2.4609218e+01   1.8620818e+00   3.8031155e-02  -2.2235359e+01   2.3997448e-02
   2.4809619e+01   1.8672653e+00   3.3911937e-02  -2.1506275e+01   2.7197734e-02
   2.5010020e+01   1.8728595e+00   2.7774594e-02  -2.0777943e+01   2.7842439e-02
   2.5210421e+01   1.8856407e+00   2.7185203e-02  -2.0053710e+01   2.8363812e-02
   2.5410822e+01   1.9016899e+00   2.4362216e-02  -1.9333675e+01   2.8483657e-02
   2.5611222e+01   1.9181222e+00   2.5328098e-02  -1.8618811e+01   2.5581897e-02
   2.5811623e+01   1.9363930e+00   2.3130748e-02  -1.7903142e+01   2.6844210e-02
   2.6012024e+01   1.9556897e+00   2.4174073e-02  -1.7179981e+01   2.8418629e-02
   2.6212425e+01   1.9792478e+00   2.4029379e-02  -1.6457554e+01   3.1119480e-02
   2.6412826e+01   2.0134651e+00   2.2203923e-02  -1.5742099e+01   3.3252511e-02
   2.6613226e+01   2.0475222e+00   2.4389722e-02  -1.5033454e+01   3.5194126e-02
   2.6813627e+01   2.0817228e+00   2.5902694e-02  -1.4325455e+01   3.8099280e-02
   2.7014028e+01   2.1141564e+00   2.4883050e-02  -1.3614919e+01   4.2845814e-02
   2.7214429e+01   2.1463203e+00   2.3061334e-02  -1.2909271e+01   4.7686946e-02
   2.7414830e+01   2.1844235e+00   2.1344729e-02  -1.2199319e+01   5.2674653e-02
   2.7615230e+01   2.2262757e+00   2.0998850e-02  -1.1485789e+01   5.8984155e-02
   2.7815631e+01   2.2753796e+00   2.2376300e-02  -1.0772700e+01   6.3134826e-02
   2.8016032e+01   2.3264051e+00   2.2322977e-02  -1.0063175e+01   6.5568956e-02
   2.8216433e+01   2.3814739e+00   1.9000191e-02  -9.3556479e+00   6.6317534e-02
   2.8416834e+01   2.4423445e+00   1.7524262e-02  -8.6431471e+00   6.8982650e-02
   2.8617234e+01   2.5050318e+00   1.9198228e-02  -7.9276729e+00   7.4080883e-02
   2.8817635e+01   2.5731785e+00   2.2010570e-02  -7.2123514e+00   7.4931758e-02
   2.9018036e+01   2.6480732e+00   2.3277499e-02  -6.4976812e+00   7.0177941e-02
   2.9218437e+01   2.7241237e+00   1.9498295e-02  -5.7760539e+00   6.4343848e-02
   2.9418838e+01   2.8013221e+00   1.1763228e-02  -5.0544285e+00   6.5118906e-02
   2.9619238e+01   2.8793071e+00   5.1909623e-03  -4.3365321e+00   7.3932496e-02
   2.9819639e+01   2.9611700e+00   8.2184954e-03  -3.6178897e+00   8.1534303e-02
   3.0020040e+01   3.0457372e+00   1.3320528e-02  -2.8937823e+00   9.1474415e-02
   3.0220441e+01   3.1370754e+00   1.1285478e-02  -2.1742887e+00   1.0110529e-01
   3.0420842e+01   3.2382006e+00   4.8247352e-03  -1.4576227e+00   1.0366577e-01
   3.0621242e+01   3.3503820e+00   9.5184722e-03  -7.4194504e-01   9.8350821e-02
   3.0821643e+01   3.4630530e+00   1.4108552e-02  -1.5829573e-02   8.7146647e-02
   3.1022044e+01   3.5740999e+00   1.4968211e-02   7.3054220e-01   7.3794481e-02
   3.1222445e+01   3.6694887e+00   9.8426867e-03   1.4721247e+00   7.3705214e-02
   3.1422846e+01   3.7805892e+00   4.6239784e-03   2.2232433e+00   7.2061086e-02
   3.1623246e+01   3.8922393e+00   1.4376170e-02   2.9731997e+00   7.8588192e-02
   3.1823647e+01   3.9968282e+00   3.0603275e-02   3.7224433e+00   7.9278841e-02
   3.2024048e+01   4.1125834e+00   4.9939697e-02   4.4701090e+00   8.1658037e-02
   3.2224449e+01   4.2338571e+00   6.2706153e-02   5.2192128e+00   8.6034007e-02
   3.2424850e+01   4.3558054e+00   7.2382265e-02   5.9807626e+00   8.9362776e-02
   3.2625251e+01   4.4850390e+00   7.1345919e-02   6.7514588e+00   8.9759163e-02
   3.2825651e+01   4.6252476e+00   6.6934484e-02   7.5350412e+00   8.6328020e-02
   3.3026052e+01   4.7775117e+00   5.4826764e-02   8.3164691e+00   9.3101039e-02
   3.3226453e+01   4.9389923e+00   4.6147037e-02   9.1148044e+00   9.5831512e-02
   3.3426854e+01   5.1013421e+00   3.0787837e-02   9.9196640e+00   9.7103056e-02
   3.3627255e+01   5.2774609e+00   2.2866391e-02   1.0736383e+01   9.3285775e-02
   3.3827655e+01   5.4580089e+00   1.5373272e-02   1.1562514e+01   9.1015424e-02
   3.4028056e+01   5.6465788e+00   6.1731420e-03   1.2400956e+01   9.5190518e-02
   3.4228457e+01   5.8470802e+00   9.0566652e-03   1.3253532e+01   9.0444928e-02
   3.4428858e+01   6.0557959e+00   1.1590067e-02   1.4111525e+01   9.2152664e-02
   3.4629259e+01   6.2675930e+00   8.1966962e-03   1.4980038e+01   9.5958331e-02
   3.4829659e+01   6.4887092e+00   1.1563631e-02   1.5856048e+01   9.4865761e-02
   3.5030060e+01   6.7229710e+00   2.3740495e-02   1.6742350e+01   9.8551905e-02
   3.5230461e+01   6.9725974e+00   3.1340426e-02   1.7630240e+01   1.0092551e-01
   3.5430862e+01   7.2410189e+00   2.5449337e-02   1.8524527e+01   1.0365554e-01
   3.5631263e+01   7.5276380e+00   1.3432095e-02   1.9421023e+01   1.1660846e-01
   3.5831663e+01   7.8288270e+00   1.7668939e-02   2.0345048e+01   1.2884271e-01
   3.6032064e+01   8.1461947e+00   3.3559573e-02   2.1290820e+01   1.2987836e-01
   3.6232465e+01   8.4752965e+00   5.5158077e-02   2.2263391e+01   1.1329508e-01
   3.6432866e+01   8.8218099e+00   7.0819096e-02   2.3236613e+01   1.1278435e-01
   3.6633267e+01   9.1805580e+00   7.2752025e-02   2.4226851e+01   1.1622363e-01
   3.6833667e+01   9.5494447e+00   7.2051294e-02   2.5238574e+01   1.1249220e-01
   3.7034068e+01   9.9400893e+00   6.3010514e-02   2.6268006e+01   1.2252109e-01
   3.7234469e+01   1.0341336e+01   4.8386479e-02   2.7313729e+01   1.1952828e-01
   3.7434870e+01   1.0759457e+01   3.1498994e-02   2.8345607e+01   1.2305420e-01
   3.7635271e+01   1.1206480e+01   2.4959399e-02   2.9382787e+01   1.2786766e-01
   3.7835671e+01   1.1698925e+01   1.9898200e-02   3.0453501e+01   1.1909128e-01
   3.8036072e+01   1.2222636e+01   4.2551151e-02   3.1524640e+01   1.1637308e-01
   3.8236473e+01   1.2771001e+01   6.4601400e-02   3.2584780e+01   1.0978570e-01
   3.8436874e+01   1.3319038e+01   6.4036009e-02   3.3673360e+01   1.1855892e-01
   3.8637275e+01   1.3902541e+01   4.5298158e-02   3.4796931e+01   1.2613437e-01
   3.8837675e+01   1.4515664e+01   1.8531475e-02   3.5952235e+01   1.2584268e-01
   3.9038076e+01   1.5155664e+01   1.8983871e-02   3.7126884e+01   1.3338105e-01
   3.9238477e+01   1.5827990e+01   4.0479370e-02   3.8319094e+01   1.3347625e-01
   3.9438878e+01   1.6534384e+01   4.0121085e-02   3.9520270e+01   1.3914347e-01
   3.9639279e+01   1.7269241e+01   2.9292122e-02   4.0734879e+01   1.3326649e-01
   3.9839679e+01   1.8033485e+01   2.0223770e-03   4.1975001e+01   1.4031313e-01
   4.0040080e+01   1.8836078e+01   3.0620277e-02   4.3223502e+01   1.4053000e-01
   4.0240481e+01   1.9692682e+01   3.5214717e-02   4.4483720e+01   1.4201745e-01
   4.0440882e+01   2.0609736e+01   2.8333166e-02   4.5739784e+01   1.4083930e-01
   4.0641283e+01   2.1581755e+01   1.8423830e-02   4.7013945e+01   1.3577605e-01
   4.0841683e+01   2.2610796e+01   1.6696224e-02   4.8312867e+01   1.4169706e-01
   4.1042084e+01   2.3692346e+01   4.9790920e-02   4.9621792e+01   1.3674273e-01
   4.1242485e+01   2.4843125e+01   6.5013051e-02   5.0961203e+01   1.3058524e-01
   4.1442886e+01   2.6044989e+01   9.3308020e-02   5.2310382e+01   1.2463487e-01
   4.1643287e+01   2.7316254e+01   1.1030460e-01   5.3686089e+01   1.1395764e-01
   4.1843687e+01   2.8667570e+01   1.3081538e-01   5.5077372e+01   1.4450165e-01
   4.2044088e+01   3.0085519e+01   1.4780529e-01   5.6468772e+01   1.5206251e-01
   4.2244489e+01   3.1586728e+01   1.5080417e-01   5.7861694e+01   1.7417713e-01
   4.2444890e+01   3.3166533e+01   1.5734563e-01   5.9255768e+01   1.8529701e-01
   4.2645291e+01   3.4844004e+01   1.5935143e-01   6.0637807e+01   2.0379967e-01
   4.2845691e+01   3.6590426e+01   1.6337428e-01   6.2018650e+01   2.1255361e-01
   4.3046092e+01   3.8443061e+01   1.7570934e-01   6.3396890e+01   2.3262945e-01
   4.3246493e+01   4.0411570e+01   1.6811540e-01   6.4764490e+01   2.3922604e-01
   4.3446894e+01   4.2488245e+01   1.8501371e-01   6.6113305e+01   2.3627765e-01
   4.3647295e+01   4.4691273e+01   2.1303528e-01   6.7431836e+01   2.2801425e-01
   4.3847695e+01   4.7016258e+01   2.3411252e-01   6.8719958e+01   2.3441537e-01
   4.4048096e+01   4.9452173e+01   2.6496032e-01   6.9965887e+01   2.2918029e-01
   4.4248497e+01   5.2022376e+01   2.9797527e-01   7.1175018e+01   2.6423640e-01
   4.4448898e+01   5.4701089e+01   3.3874768e-01   7.2337287e+01   2.9479431e-01
   4.4649299e+01   5.7529411e+01   3.5844025e-01   7.3444462e+01   3.3579325e-01
   4.4849699e+01   6.0503351e+01   3.9040959e-01   7.4450303e+01   3.4394459e-01
   4.5050100e+01   6.3635827e+01   4.2330123e-01   7.5369391e+01   3.5964671e-01
   4.5250501e+01   6.6914824e+01   4.6316817e-01   7.6157890e+01   3.8286803e-01
   4.5450902e+01   7.0322716e+01   5.1240674e-01   7.6830189e+01   3.9473522e-01
   4.5651303e+01   7.3923605e+01   5.7112223e-01   7.7357744e+01   4.3108010e-01
   4.5851703e+01   7.7617311e+01   6.4865807e-01   7.7760598e+01   4.4914523e-01
   4.6052104e+01   8.1460446e+01   7.2754417e-01   7.7982440e+01   4.6477480e-01
   4.6252505e+01   8.5429497e+01   8.0865898e-01   7.8002824e+01   5.0441768e-01
   4.6452906e+01   8.9524523e+01   9.0365432e-01   7.7811136e+01   5.0509405e-01
   4.6653307e+01   9.3745797e+01   9.6159661e-01   7.7383434e+01   5.0852733e-01
   4.6853707e+01   9.8096089e+01   1.0301801e+00   7.6713726e+01   4.8430225e-01
   4.7054108e+01   1.0257083e+02   1.0898821e+00   7.5730981e+01   4.4882735e-01
   4.7254509e+01   1.0711720e+02   1.1593371e+00   7.4466529e+01   4.8814554e-01
   4.7454910e+01   1.1169514e+02   1.2456866e+00   7.2923496e+01   5.2112412e-01
   4.7655311e+01   1.1629081e+02   1.2907687e+00   7.1001261e+01   5.5840020e-01
   4.7855711e+01   1.2080958e+02   1.3891127e+00   6.8736310e+01   5.8887538e-01
   4.8056112e+01   1.2530775e+02   1.4819287e+00   6.6063406e+01   6.0672682e-01
   4.8256513e+01   1.2973230e+02   1.5651787e+00   6.3010272e+01   6.3770995e-01
   4.8456914e+01   1.3406126e+02   1.6713179e+00   5.9586258e+01   6.6746923e-01
   4.8657315e+01   1.3823291e+02   1.7604681e+00   5.5805670e+01   8.2227483e-01
   4.8857715e+01   1.4217732e+02   1.8173654e+00   5.1614118e+01   9.5143538e-01
   4.9058116e+01   1.4585289e+02   1.8677899e+00   4.7102999e+01   1.0443613e+00
   4.9258517e+01   1.4916845e+02   1.9071601e+00   4.2340989e+01   1.1569270e+00
   4.9458918e+01   1.5213463e+02   1.8709643e+00   3.7294189e+01   1.2514965e+00
   4.9659319e+01   1.5463897e+02   1.8967991e+00   3.1948322e+01   1.3851583e+00
   4.9859719e+01   1.5672651e+02   1.8527726e+00   2.6296995e+01   1.5569254e+00
   5.0060120e+01   1.5836505e+02   1.7246218e+00   2.0495837e+01   1.7536273e+00
   5.0260521e+01   1.5957826e+02   1.5973932e+00   1.4591700e+01   1.9386204e+00
   5.0460922e+01   1.6034364e+02   1.4065470e+00   8.5570067e+00   2.1097336e+00
   5.0661323e+01   1.6065887e+02   1.2514716e+00   2.5931085e+00   2.2824719e+00
   5.0861723e+01   1.6050491e+02   1.1261983e+00  -3.3361143e+00   2.4965844e+00
   5.1062124e+01   1.5987416e+02   1.0535832e+00  -9.1536286e+00   2.6429116e+00
   5.1262525e+01   1.5880959e+02   9.6913772e-01  -1.4767250e+01   2.7609719e+00
   5.1462926e+01   1.5738551e+02   8.0940048e-01  -2.0179038e+01   2.8453766e+00
   5.1663327e+01   1.5557177e+02   6.3920676e-01  -2.5367175e+01   2.8590048e+00
   5.1863727e+01   1.5337423e+02   4.5929840e-01  -3.0299697e+01   2.8173105e+00
   5.2064128e+01   1.5093010e+02   4.4286549e-01  -3.4966437e+01   2.7649766e+00
   5.2264529e+01   1.4830021e+02   4.4613858e-01  -3.9323097e+01   2.7186844e+00
   5.2464930e+01   1.4542714e+02   6.4579456e-01  -4.3380386e+01   2.6748058e+00
   5.2665331e+01   1.4236151e+02   8.0248504e-01  -4.7111895e+01   2.6158962e+00
   5.2865731e+01   1.3920146e+02   9.5253675e-01  -5.0523130e+01   2.5622716e+00
   5.3066132e+01   1.3590270e+02   1.1409779e+00  -5.3646032e+01   2.4795483e+00
   5.3266533e+01   1.3247996e+02   1.2989834e+00  -5.6501914e+01   2.4227138e+00
   5.3466934e+01   1.2898442e+02   1.4050756e+00  -5.9017124e+01   2.3748756e+00
   5.3667335e+01   1.2552458e+02   1.4942097e+00  -6.1351158e+01   2.3125642e+00
   5.3867735e+01   1.2212976e+02   1.5472231e+00  -6.3456552e+01   2.2594495e+00
   5.4068136e+01   1.1870544e+02   1.5632973e+00  -6.5258123e+01   2.1219572e+00
   5.4268537e+01   1.1541947e+02   1.5781508e+00  -6.6790131e+01   2.0076218e+00
   5.4468938e+01   1.1221468e+02   1.5632054e+00  -6.8054808e+01   1.9004403e+00
   5.4669339e+01   1.0902922e+02   1.5277026e+00  -6.9125802e+01   1.8081838e+00
   5.4869739e+01   1.0589714e+02   1.5179874e+00  -6.9977346e+01   1.6767747e+00
   5.5070140e+01   1.0284064e+02   1.5558747e+00  -7.0670954e+01   1.5593028e+00
   5.5270541e+01   9.9847177e+01   1.5782809e+00  -7.1264432e+01   1.4442850e+00
   5.5470942e+01   9.6966572e+01   1.6109558e+00  -7.1751622e+01   1.3379203e+00
   5.5671343e+01   9.4166261e+01   1.6605305e+00  -7.2152375e+01   1.2248268e+00
   5.5871743e+01   9.1511749e+01   1.6921325e+00  -7.2435648e+01   1.1002842e+00
   5.6072144e+01   8.8926083e+01   1.7393882e+00  -7.2585952e+01   1.0393824e+00
   5.6272545e+01   8.6433630e+01   1.7982733e+00  -7.2618044e+01   1.0055969e+00
   5.6472946e+01   8.4031559e+01   1.8169303e+00  -7.2560697e+01   9.4963779e-01
   5.6673347e+01   8.1751974e+01   1.8456326e+00  -7.2449867e+01   8.7292482e-01
   5.6873747e+01   7.9532285e+01   1.8680219e+00  -7.2311397e+01   8.1734602e-01
   5.7074148e+01   7.7423648e+01   1.8451301e+00  -7.2109612e+01   7.4202368e-01
   5.7274549e+01   7.5378258e+01   1.8208832e+00  -7.1878316e+01   6.6156199e-01
   5.7474950e+01   7.3405052e+01   1.8131380e+00  -7.1597724e+01   5.4851364e-01
   5.7675351e+01   7.1511115e+01   1.8055485e+00  -7.1205319e+01   4.6942686e-01
   5.7875752e+01   6.9661917e+01   1.8132274e+00  -7.0760391e+01   3.7575270e-01
   5.8076152e+01   6.7890203e+01   1.7939306e+00  -7.0303310e+01   2.8694556e-01
   5.8276553e+01   6.6158587e+01   1.8102871e+00  -6.9885573e+01   1.9724700e-01
   5.8476954e+01   6.4482031e+01   1.8235935e+00  -6.9422252e+01   1.3371866e-01
   5.8677355e+01   6.2871246e+01   1.8182357e+00  -6.8961049e+01   7.5723102e-02
   5.8877756e+01   6.1334269e+01   1.7870003e+00  -6.8477287e+01   4.1956834e-02
   5.9078156e+01   5.9856680e+01   1.7720438e+00  -6.7972463e+01   2.6536927e-02
   5.9278557e+01   5.8429865e+01   1.7176367e+00  -6.7420992e+01   7.3562732e-02
   5.9478958e+01   5.7076617e+01   1.6592377e+00  -6.6843439e+01   9.9903277e-02
   5.9679359e+01   5.5730920e+01   1.5970084e+00  -6.6283344e+01   1.2300335e-01
   5.9879760e+01   5.4431376e+01   1.5378460e+00  -6.5725327e+01   1.6612700e-01
   6.0080160e+01   5.3210481e+01   1.4935837e+00  -6.5134247e+01   1.9653450e-01
   6.0280561e+01   5.2037877e+01   1.4402851e+00  -6.4519268e+01   2.2186549e-01
   6.0480962e+01   5.0898037e+01   1.3957743e+00  -6.3893476e+01   2.5005524e-01
   6.0681363e+01   4.9793298e+01   1.3488646e+00  -6.3294354e+01   2.7966913e-01
   6.0881764e+01   4.8719512e+01   1.3093554e+00  -6.2684778e+01   3.1375447e-01
   6.1082164e+01   4.7674127e+01   1.2625813e+00  -6.2079609e+01   3.2301763e-01
   6.1282565e+01   4.6687411e+01   1.2241277e+00  -6.1464627e+01   3.2912947e-01
   6.1482966e+01   4.5725569e+01   1.1955374e+00  -6.0868120e+01   3.3373822e-01
   6.1683367e+01   4.4817418e+01   1.1656685e+00  -6.0226129e+01   3.3968165e-01
   6.1883768e+01   4.3948140e+01   1.1372259e+00  -5.9591782e+01   3.3719483e-01
   6.2084168e+01   4.3092956e+01   1.0991905e+00  -5.8978626e+01   3.3833453e-01
   6.2284569e+01   4.2253846e+01   1.0570134e+00  -5.8383269e+01   3.2800399e-01
   6.2484970e+01   4.1443132e+01   1.0143721e+00  -5.7842863e+01   3.1755826e-01
   6.2685371e+01   4.0689173e+01   9.6426157e-01  -5.7219310e+01   2.9925145e-01
   6.2885772e+01   3.9961819e+01   9.2242343e-01  -5.6603062e+01   3.0174755e-01
   6.3086172e+01   3.9254594e+01   8.8442485e-01  -5.5989501e+01   3.1950941e-01
   6.3286573e+01   3.8541048e+01   8.5472096e-01  -5.5398762e+01   3.3282635e-01
   6.3486974e+01   3.7867862e+01   8.4089251e-01  -5.4828842e+01   3.4151194e-01
   6.3687375e+01   3.7228027e+01   8.1902448e-01  -5.4264294e+01   3.5376253e-01
   6.3887776e+01   3.6587065e+01   8.1088161e-01  -5.3692398e+01   3.4936747e-01
   6.4088176e+01   3.5986555e+01   7.8207106e-01  -5.3091569e+01   3.4124166e-01
   6.4288577e+01   3.5425290e+01   7.4866007e-01  -5.2476515e+01   3.5125964e-01
   6.4488978e+01   3.4875883e+01   7.3058098e-01  -5.1883082e+01   3.3179798e-01
   6.4689379e+01   3.4343164e+01   7.1575109e-01  -5.1340557e+01   3.2416441e-01
   6.4889780e+01   3.3817313e+01   6.9384420e-01  -5.0786486e+01   3.0919518e-01
   6.5090180e+01   3.3312325e+01   6.8166218e-01  -5.0245481e+01   3.1596064e-01
   6.5290581e+01   3.2829642e+01   6.5973268e-01  -4.9684711e+01   3.1418451e-01
   6.5490982e+01   3.2362240e+01   6.4929885e-01  -4.9140940e+01   3.1167404e-01
   6.5691383e+01   3.1909280e+01   6.2476677e-01  -4.8607740e+01   3.0728992e-01
   6.5891784e+01   3.1467594e+01   6.1350790e-01  -4.8078721e+01   3.0648894e-01
   6.6092184e+01   3.1050636e+01   6.0029979e-01  -4.7549628e+01   2.9601503e-01
   6.6292585e+01   3.0640558e+01   5.9422788e-01  -4.7011014e+01   2.9908834e-01
   6.6492986e+01   3.0231161e+01   5.8379815e-01  -4.6489809e+01   2.9259444e-01
   6.6693387e+01   2.9841823e+01   5.7793220e-01  -4.5974178e+01   2.8056246e-01
   6.6893788e+01   2.9468384e+01   5.7403988e-01  -4.5454279e+01   2.7929615e-01
   6.7094188e+01   2.9101979e+01   5.6646721e-01  -4.4960703e+01   2.7921678e-01
   6.7294589e+01   2.8763924e+01   5.5418950e-01  -4.4456229e+01   2.6665913e-01
   6.7494990e+01   2.8420286e+01   5.4906589e-01  -4.3970684e+01   2.6093377e-01
   6.7695391e+01   2.8089324e+01   5.3668039e-01  -4.3504826e+01   2.4452992e-01
   6.7895792e+01   2.7774398e+01   5.3518769e-01  -4.3038974e+01   2.3600785e-01
   6.8096192e+01   2.7468026e+01   5.2786826e-01  -4.2546928e+01   2.2161715e-01
   6.8296593e+01   2.7188514e+01   5.0988886e-01  -4.2067182e+01   2.1374721e-01
   6.8496994e+01   2.6897393e+01   5.0192732e-01  -4.1603460e+01   2.1367100e-01
   6.8697395e+01   2.6607403e+01   5.0017918e-01  -4.1146050e+01   1.9938013e-01
   6.8897796e+01   2.6311120e+01   5.0020678e-01  -4.0697269e+01   1.9591643e-01
   6.9098196e+01   2.6038134e+01   4.9008749e-01  -4.0257249e+01   1.9552929e-01
   6.9298597e+01   2.5785646e+01   4.8107607e-01  -3.9818386e+01   1.9299204e-01
   6.9498998e+01   2.5538720e+01   4.6147258e-01  -3.9374261e+01   1.9070491e-01
   6.9699399e+01   2.5304971e+01   4.5729662e-01  -3.8944922e+01   1.7412764e-01
   6.9899800e+01   2.5074441e+01   4.4912092e-01  -3.8520977e+01   1.7243461e-01
   7.0100200e+01   2.4850272e+01   4.4702416e-01  -3.8093268e+01   1.7300951e-01
   7.0300601e+01   2.4636148e+01   4.3666484e-01  -3.7671138e+01   1.6721556e-01
   7.0501002e+01   2.4419840e+01   4.2837145e-01  -3.7262788e+01   1.7308713e-01
   7.0701403e+01   2.4213064e+01   4.2666171e-01  -3.6863357e+01   1.7274288e-01
   7.0901804e+01   2.4012822e+01   4.2048166e-01  -3.6469919e+01   1.7028353e-01
   7.1102204e+01   2.3812408e+01   4.1589011e-01  -3.6047387e+01   1.6838875e-01
   7.1302605e+01   2.3619015e+01   4.1122797e-01  -3.5640275e+01   1.6352504e-01
   7.1503006e+01   2.3436367e+01   4.1133110e-01  -3.5246196e+01   1.5591096e-01
   7.1703407e+01   2.3271064e+01   4.2033940e-01  -3.4864538e+01   1.5206108e-01
   7.1903808e+01   2.3101763e+01   4.1887565e-01  -3.4485914e+01   1.4855862e-01
   7.2104208e+01   2.2923318e+01   4.0799889e-01  -3.4088395e+01   1.4708032e-01
   7.2304609e+01   2.2755686e+01   4.0510349e-01  -3.3693554e+01   1.4483681e-01
   7.2505010e+01   2.2602820e+01   4.0142005e-01  -3.3326105e+01   1.3452638e-01
   7.2705411e+01   2.2446128e+01   3.9990147e-01  -3.2955134e+01   1.2764828e-01
   7.2905812e+01   2.2301371e+01   3.9854169e-01  -3.2585756e+01   1.1615220e-01
   7.3106212e+01   2.2166931e+01   3.9761122e-01  -3.2211950e+01   1.0980916e-01
   7.3306613e+01   2.2039046e+01   3.9428626e-01  -3.1842211e+01   1.0563746e-01
   7.3507014e+01   2.1908525e+01   3.9011688e-01  -3.1479147e+01   9.8078960e-02
   7.3707415e+01   2.1777160e+01   3.8961150e-01  -3.1130487e+01   8.7299826e-02
   7.3907816e+01   2.1644899e+01   3.9086353e-01  -3.0784711e+01   7.8595931e-02
   7.4108216e+01   2.1518935e+01   3.8739023e-01  -3.0438864e+01   6.6201723e-02
   7.4308617e+01   2.1392768e+01   3.8395102e-01  -3.0084761e+01   6.7728651e-02
   7.4509018e+01   2.1274114e+01   3.7044855e-01  -2.9737003e+01   6.1684539e-02
   7.4709419e+01   2.1167381e+01   3.6501528e-01  -2.9404446e+01   6.0796807e-02
   7.4909820e+01   2.1057317e+01   3.5754911e-01  -2.9061069e+01   6.3696745e-02
   7.5110220e+01   2.0952667e+01   3.5386518e-01  -2.8727749e+01   6.1072335e-02
   7.5310621e+01   2.0844622e+01   3.4322425e-01  -2.8399071e+01   6.6421836e-02
   7.5511022e+01   2.0755428e+01   3.3767982e-01  -2.8063428e+01   7.3198411e-02
   7.5711423e+01   2.0664072e+01   3.3764917e-01  -2.7734078e+01   7.6993818e-02
   7.5911824e+01   2.0582389e+01   3.3009836e-01  -2.7410210e+01   8.1585525e-02
   7.6112224e+01   2.0488632e+01   3.2917040e-01  -2.7096795e+01   8.3592385e-02
   7.6312625e+01   2.0402948e+01   3.2904835e-01  -2.6786403e+01   8.8721024e-02
   7.6513026e+01   2.0316130e+01   3.3332662e-01  -2.6473026e+01   8.5203082e-02
   7.6713427e+01   2.0235713e+01   3.3140339e-01  -2.6164796e+01   8.7107308e-02
   7.6913828e+01   2.0161470e+01   3.3378888e-01  -2.5853584e+01   8.6459803e-02
   7.7114228e+01   2.0092998e+01   3.3396332e-01  -2.5560235e+01   8.7838451e-02
   7.7314629e+01   2.0030447e+01   3.3428492e-01  -2.5264428e+01   9.6918101e-02
   7.7515030e+01   1.9957288e+01   3.3283008e-01  -2.4973041e+01   9.1736180e-02
   7.7715431e+01   1.9894066e+01   3.3150532e-01  -2.4686248e+01   8.7564390e-02
   7.7915832e+01   1.9831385e+01   3.2794074e-01  -2.4389169e+01   7.8771281e-02
   7.8116232e+01   1.9780936e+01   3.2242806e-01  -2.4086238e+01   8.1766094e-02
   7.8316633e+01   1.9724871e+01   3.2632880e-01  -2.3785036e+01   7.2224922e-02
   7.8517034e+01   1.9687117e+01   3.2576221e-01  -2.3495834e+01   7.3461025e-02
   7.8717435e+01   1.9645878e+01   3.3136872e-01  -2.3213403e+01   7.2131083e-02
   7.8917836e+01   1.9596699e+01   3.3701783e-01  -2.2935075e+01   6.3512018e-02
   7.9118236e+01   1.9546583e+01   3.4127933e-01  -2.2662152e+01   5.5896566e-02
   7.9318637e+01   1.9507327e+01   3.3878521e-01  -2.2383029e+01   5.0216314e-02
   7.9519038e+01   1.9471003e+01   3.4201149e-01  -2.2105802e+01   4.3205056e-02
   7.9719439e+01   1.9443591e+01   3.3922260e-01  -2.1822940e+01   3.9275380e-02
   7.9919840e+01   1.9409175e+01   3.3555843e-01  -2.1541921e+01   3.2234103e-02
   8.0120240e+01   1.9376299e+01   3.2982070e-01  -2.1266636e+01   2.3518438e-02
   8.0320641e+01   1.9346815e+01   3.2713150e-01  -2.1000311e+01   1.9776370e-02
   8.0521042e+01   1.9320301e+01   3.2433963e-01  -2.0728830e+01   2.1454467e-02
   8.0721443e+01   1.9303874e+01   3.2013100e-01  -2.0458346e+01   1.7532258e-02
   8.0921844e+01   1.9278461e+01   3.1386433e-01  -2.0183991e+01   2.4935542e-02
   8.1122244e+01   1.9251917e+01   3.1960037e-01  -1.9918903e+01   3.2181888e-02
   8.1322645e+01   1.9226853e+01   3.2002529e-01  -1.9650949e+01   3.3043108e-02
   8.1523046e+01   1.9209195e+01   3.1672879e-01  -1.9393688e+01   3.8174873e-02
   8.1723447e+01   1.9190049e+01   3.1291011e-01  -1.9130313e+01   3.5277739e-02
   8.1923848e+01   1.9169980e+01   3.0748218e-01  -1.8875921e+01   4.1214163e-02
   8.2124248e+01   1.9148075e+01   3.0835909e-01  -1.8629424e+01   4.7325860e-02
   8.2324649e+01   1.9133737e+01   3.0826633e-01  -1.8382504e+01   5.2117544e-02
   8.2525050e+01   1.9126209e+01   3.0957272e-01  -1.8140044e+01   5.4740981e-02
   8.2725451e+01   1.9117654e+01   3.1146393e-01  -1.7903412e+01   6.0558674e-02
   8.2925852e+01   1.9112737e+01   3.0561152e-01  -1.7664546e+01   5.9590477e-02
   8.3126253e+01   1.9119195e+01   3.0071838e-01  -1.7430405e+01   6.6294737e-02
   8.3326653e+01   1.9114238e+01   2.9215527e-01  -1.7194710e+01   6.5764619e-02
   8.3527054e+01   1.9112044e+01   2.8889411e-01  -1.6952566e+01   6.4807218e-02
   8.3727455e+01   1.9108579e+01   2.8777855e-01  -1.6719163e+01   6.6903635e-02
   8.3927856e+01   1.9120088e+01   2.9344534e-01  -1.6484405e+01   6.8074977e-02
   8.4128257e+01   1.9132646e+01   2.9315428e-01  -1.6251623e+01   7.0829689e-02
   8.4328657e+01   1.9150629e+01   2.9723913e-01  -1.6027364e+01   6.9551812e-02
   8.4529058e+01   1.9166269e+01   2.9567904e-01  -1.5814021e+01   6.8200084e-02
   8.4729459e+01   1.9188043e+01   2.9781797e-01  -1.5594719e+01   6.0265901e-02
   8.4929860e+01   1.9198629e+01   2.9651277e-01  -1.5373918e+01   6.6916875e-02
   8.5130261e+01   1.9217493e+01   2.9707064e-01  -1.5155196e+01   6.6626814e-02
   8.5330661e+01   1.9236200e+01   2.9112868e-01  -1.4935832e+01   6.3897463e-02
   8.5531062e+01   1.9264031e+01   2.8688521e-01  -1.4720054e+01   6.3802718e-02
   8.5731463e+01   1.9286785e+01   2.8167388e-01  -1.4503754e+01   6.4426489e-02
   8.5931864e+01   1.9319878e+01   2.7333083e-01  -1.4289659e+01   6.2130492e-02
   8.6132265e+01   1.9352391e+01   2.7698224e-01  -1.4073519e+01   5.5362012e-02
   8.6332665e+01   1.9381452e+01   2.8014663e-01  -1.3858320e+01   5.8254528e-02
   8.6533066e+01   1.9410316e+01   2.7978521e-01  -1.3642269e+01   5.0480983e-02
   8.6733467e+01   1.9437133e+01   2.8531062e-01  -1.3429759e+01   5.0667597e-02
   8.6933868e+01   1.9464635e+01   2.8412230e-01  -1.3220367e+01   5.7704942e-02
   8.7134269e+01   1.9497679e+01   2.8397964e-01  -1.3007833e+01   5.0586171e-02
   8.7334669e+01   1.9527683e+01   2.9079858e-01  -1.2810640e+01   5.4693819e-02
   8.7535070e+01   1.9558544e+01   2.9844710e-01  -1.2615033e+01   5.6539353e-02
   8.7735471e+01   1.9586356e+01   3.0600730e-01  -1.2416457e+01   5.9883064e-02
   8.7935872e+01   1.9627902e+01   3.1263656e-01  -1.2218497e+01   5.7609951e-02
   8.8136273e+01   1.9672109e+01   3.0726522e-01  -1.2020747e+01   6.4075807e-02
   8.8336673e+01   1.9715196e+01   3.0278902e-01  -1.1827265e+01   7.3221587e-02
   8.8537074e+01   1.9752789e+01   2.9479190e-01  -1.1631493e+01   7.8596774e-02
   8.8737475e+01   1.9790011e+01   2.9335788e-01  -1.1439473e+01   7.9511470e-02
   8.8937876e+01   1.9839520e+01   2.8580525e-01  -1.1249153e+01   8.8393940e-02
   8.9138277e+01   1.9886320e+01   2.9347911e-01  -1.1060530e+01   8.7478655e-02
   8.9338677e+01   1.9937184e+01   2.9073879e-01  -1.0887772e+01   8.7965922e-02
   8.9539078e+01   1.9988002e+01   2.9419605e-01  -1.0711281e+01   8.6152559e-02
   8.9739479e+01   2.0043626e+01   2.9267813e-01  -1.0539573e+01   8.8434833e-02
   8.9939880e+01   2.0100856e+01   2.9232824e-01  -1.0373463e+01   8.6446396e-02
   9.0140281e+01   2.0160776e+01   2.9895885e-01  -1.0207193e+01   9.4453921e-02
   9.0340681e+01   2.0203859e+01   2.9689603e-01  -1.0043455e+01   8.9277001e-02
   9.0541082e+01   2.0265718e+01   2.9989583e-01  -9.8842693e+00   9.5513604e-02
   9.0741483e+01   2.0321434e+01   2.9437591e-01  -9.7289225e+00   9.6136168e-02
   9.0941884e+01   2.0386659e+01   2.9110806e-01  -9.5686671e+00   9.5195001e-02
   9.1142285e+01   2.0457221e+01   2.9750230e-01  -9.4027539e+00   9.1262037e-02
   9.1342685e+01   2.0528302e+01   2.9669710e-01  -9.2474136e+00   8.5670837e-02
   9.1543086e+01   2.0595064e+01   2.9851499e-01  -9.0888135e+00   8.2454817e-02
   9.1743487e+01   2.0662671e+01   2.9761304e-01  -8.9322729e+00   7.2251610e-02
   9.1943888e+01   2.0733797e+01   3.0246093e-01  -8.7815834e+00   7.1081288e-02
   9.2144289e+01   2.0800651e+01   2.9770865e-01  -8.6231243e+00   7.2585205e-02
   9.2344689e+01   2.0867409e+01   3.0914890e-01  -8.4806342e+00   7.2864808e-02
   9.2545090e+01   2.0938062e+01   3.1252201e-01  -8.3450868e+00   7.3453074e-02
   9.2745491e+01   2.1006633e+01   3.2262220e-01  -8.2083018e+00   7.4386093e-02
   9.2945892e+01   2.1069621e+01   3.2631659e-01  -8.0712039e+00   6.8740932e-02
   9.3146293e+01   2.1137602e+01   3.3440872e-01  -7.9377708e+00   7.5588059e-02
   9.3346693e+01   2.1209280e+01   3.3002957e-01  -7.8115378e+00   8.3277194e-02
   9.3547094e+01   2.1286088e+01   3.3110074e-01  -7.6905162e+00   8.3586912e-02
   9.3747495e+01   2.1353938e+01   3.3284798e-01  -7.5631379e+00   8.9759864e-02
   9.3947896e+01   2.1425306e+01   3.3166662e-01  -7.4356124e+00   9.3380824e-02
   9.4148297e+01   2.1497324e+01   3.3504530e-01  -7.3117965e+00   9.2567780e-02
   9.4348697e+01   2.1571555e+01   3.3248126e-01  -7.1910377e+00   9.2876536e-02
   9.4549098e+01   2.1649947e+01   3.3919408e-01  -7.0779295e+00   9.3360786e-02
   9.4749499e+01   2.1720287e+01   3.3269052e-01  -6.9607695e+00   9.6431561e-02
   9.4949900e+01   2.1780207e+01   3.3837301e-01  -6.8510456e+00   9.9195639e-02
   9.5150301e+01   2.1841869e+01   3.4070820e-01  -6.7400107e+00   1.0464284e-01
   9.5350701e+01   2.1906242e+01   3.4166837e-01  -6.6373896e+00   1.0767868e-01
   9.5551102e+01   2.1972161e+01   3.4344642e-01  -6.5348649e+00   1.1112568e-01
   9.5751503e+01   2.2034799e+01   3.4119037e-01  -6.4364971e+00   1.1552200e-01
   9.5951904e+01   2.2095669e+01   3.3975742e-01  -6.3406850e+00   1.1677000e-01
   9.6152305e+01   2.2156528e+01   3.3290815e-01  -6.2507392e+00   1.1756785e-01
   9.6352705e+01   2.2223380e+01   3.3357171e-01  -6.1584726e+00   1.2429776e-01
   9.6553106e+01   2.2286607e+01   3.2695515e-01  -6.0697011e+00   1.1950821e-01
   9.6753507e+01   2.2349739e+01   3.2450515e-01  -5.9821527e+00   1.1564839e-01
   9.6953908e+01   2.2412007e+01   3.2298196e-01  -5.8974606e+00   1.1387426e-01
   9.7154309e+01   2.2473965e+01   3.2447850e-01  -5.8177438e+00   1.1458602e-01
   9.7354709e+01   2.2529166e+01   3.2377569e-01  -5.7397081e+00   1.1599865e-01
   9.7555110e+01   2.2579669e+01   3.2856117e-01  -5.6604891e+00   1.1180794e-01
   9.7755511e+01   2.2636487e+01   3.3540490e-01  -5.5870308e+00   1.1411068e-01
   9.7955912e+01   2.2691207e+01   3.3869274e-01  -5.5171564e+00   1.1279336e-01
   9.8156313e+01   2.2745293e+01   3.4306561e-01  -5.4510574e+00   1.1654538e-01
   9.8356713e+01   2.2789980e+01   3.4313798e-01  -5.3819420e+00   1.1817835e-01
   9.8557114e+01   2.2836788e+01   3.4677540e-01  -5.3214215e+00   1.1899851e-01
   9.8757515e+01   2.2881362e+01   3.4560616e-01  -5.2503060e+00   1.3469694e-01
   9.8957916e+01   2.2919849e+01   3.5278339e-01  -5.1867243e+00   1.4333436e-01
   9.9158317e+01   2.2966902e+01   3.5095908e-01  -5.1120520e+00   1.4485976e-01
   9.9358717e+01   2.3011336e+01   3.4599364e-01  -5.0506950e+00   1.4711770e-01
   9.9559118e+01   2.3056334e+01   3.5324458e-01  -4.9893979e+00   1.5086309e-01
   9.9759519e+01   2.3092363e+01   3.5230680e-01  -4.9266080e+00   1.5280916e-01
   9.9959920e+01   2.3111881e+01   3.4821567e-01  -4.8649081e+00   1.5624631e-01
   1.0016032e+02   2.3144530e+01   3.4952142e-01  -4.8127656e+00   1.5985869e-01
   1.0036072e+02   2.3173932e+01   3.5886076e-01  -4.7452056e+00   1.6670622e-01
   1.0056112e+02   2.3201316e+01   3.5362209e-01  -4.6683885e+00   1.6495438e-01
   1.0076152e+02   2.3217748e+01   3.6232085e-01  -4.6061286e+00   1.6208303e-01
   1.0096192e+02   2.3241087e+01   3.6294194e-01  -4.5619758e+00   1.7135936e-01
   1.0116232e+02   2.3258503e+01   3.5499087e-01  -4.5002651e+00   1.6447115e-01
   1.0136272e+02   2.3275965e+01   3.6309072e-01  -4.4361355e+00   1.7721847e-01
   1.0156313e+02   2.3287590e+01   3.6333047e-01  -4.3860905e+00   1.6163483e-01
   1.0176353e+02   2.3298202e+01   3.6546965e-01  -4.3171518e+00   1.6482255e-01
   1.0196393e+02   2.3311229e+01   3.5603120e-01  -4.2661065e+00   1.6972433e-01
   1.0216433e+02   2.3317680e+01   3.7430298e-01  -4.1909045e+00   1.6257023e-01
   1.0236473e+02   2.3316735e+01   3.6745424e-01  -4.1251001e+00   1.6640325e-01
   1.0256513e+02   2.3320652e+01   3.6585268e-01  -4.0673451e+00   1.6196000e-01
   1.0276553e+02   2.3316561e+01   3.7374958e-01  -3.9990392e+00   1.5107613e-01
   1.0296593e+02   2.3321893e+01   3.6308161e-01  -3.9312958e+00   1.4065655e-01
   1.0316633e+02   2.3308809e+01   3.6714595e-01  -3.8718580e+00   1.4438653e-01
   1.0336673e+02   2.3303771e+01   3.7011511e-01  -3.8055712e+00   1.3592707e-01
   1.0356713e+02   2.3291398e+01   3.7849030e-01  -3.7401115e+00   1.3968001e-01
   1.0376753e+02   2.3290005e+01   3.7966063e-01  -3.6689617e+00   1.4038711e-01
   1.0396794e+02   2.3280862e+01   3.8333436e-01  -3.5966499e+00   1.3619071e-01
   1.0416834e+02   2.3266341e+01   3.7823911e-01  -3.5268515e+00   1.2395021e-01
   1.0436874e+02   2.3256104e+01   3.6743880e-01  -3.4570628e+00   1.2941828e-01
   1.0456914e+02   2.3239002e+01   3.7151631e-01  -3.3849513e+00   1.2311066e-01
   1.0476954e+02   2.3231454e+01   3.7024181e-01  -3.3002938e+00   1.2392281e-01
   1.0496994e+02   2.3230532e+01   3.7477957e-01  -3.2123811e+00   1.2520425e-01
   1.0517034e+02   2.3210805e+01   3.6555192e-01  -3.1255798e+00   1.1811057e-01
   1.0537074e+02   2.3196273e+01   3.6035674e-01  -3.0358954e+00   1.2355956e-01
   1.0557114e+02   2.3181524e+01   3.5444694e-01  -2.9451174e+00   1.1789091e-01
   1.0577154e+02   2.3163420e+01   3.5629168e-01  -2.8507215e+00   1.2356352e-01
   1.0597194e+02   2.3155480e+01   3.5355585e-01  -2.7597372e+00   1.2206576e-01
   1.0617235e+02   2.3140134e+01   3.5205385e-01  -2.6660826e+00   1.1718671e-01
   1.0637275e+02   2.3129104e+01   3.4629933e-01  -2.5604944e+00   1.1759399e-01
   1.0657315e+02   2.3113316e+01   3.4837309e-01  -2.4483056e+00   1.2500271e-01
   1.0677355e+02   2.3096074e+01   3.4804806e-01  -2.3468199e+00   1.3296187e-01
   1.0697395e+02   2.3080941e+01   3.4669936e-01  -2.2328919e+00   1.2463780e-01
   1.0717435e+02   2.3062292e+01   3.4833514e-01  -2.1268863e+00   1.2933058e-01
   1.0737475e+02   2.3051008e+01   3.5481719e-01  -2.0081632e+00   1.4020551e-01
   1.0757515e+02   2.3031988e+01   3.4600816e-01  -1.8974772e+00   1.3912453e-01
   1.0777555e+02   2.3020779e+01   3.4921472e-01  -1.7862430e+00   1.5455966e-01
   1.0797595e+02   2.3005379e+01   3.4274907e-01  -1.6692528e+00   1.5715000e-01
   1.0817635e+02   2.2994826e+01   3.4243215e-01  -1.5487066e+00   1.4950362e-01
   1.0837675e+02   2.2979706e+01   3.4493438e-01  -1.4280752e+00   1.6065431e-01
   1.0857715e+02   2.2967396e+01   3.5235770e-01  -1.3092109e+00   1.5741488e-01
   1.0877755e+02   2.2956154e+01   3.5636297e-01  -1.1792340e+00   1.7164224e-01
   1.0897796e+02   2.2942084e+01   3.5961179e-01  -1.0537442e+00   1.8492744e-01
   1.0917836e+02   2.2931725e+01   3.6031036e-01  -9.2960642e-01   1.8117955e-01
   1.0937876e+02   2.2916683e+01   3.6338098e-01  -7.9367709e-01   1.8323184e-01
   1.0957916e+02   2.2902516e+01   3.6168627e-01  -6.7058154e-01   1.8341629e-01
   1.0977956e+02   2.2899151e+01   3.6523983e-01  -5.4079797e-01   1.8602712e-01
   1.0997996e+02   2.2882732e+01   3.6906635e-01  -4.1256733e-01   1.9646036e-01
   1.1018036e+02   2.2880300e+01   3.5951779e-01  -2.6897687e-01   1.9257698e-01
   1.1038076e+02   2.2864841e+01   3.6534041e-01  -1.3165811e-01   1.9320082e-01
   1.1058116e+02   2.2858762e+01   3.6627078e-01   9.1917681e-03   1.8538580e-01
   1.1078156e+02   2.2855158e+01   3.6161815e-01   1.5344945e-01   1.8068049e-01
   1.1098196e+02   2.2855311e+01   3.7425140e-01   3.0562694e-01   1.8029118e-01
   1.1118237e+02   2.2843082e+01   3.7931083e-01   4.5578320e-01   1.8469252e-01
   1.1138277e+02   2.2832420e+01   3.7560709e-01   6.1169131e-01   1.7481492e-01
   1.1158317e+02   2.2833167e+01   3.7848854e-01   7.6627721e-01   1.7781325e-01
   1.1178357e+02   2.2831783e+01   3.8105004e-01   9.3022033e-01   1.7354133e-01
   1.1198397e+02   2.2828557e+01   3.8226139e-01   1.1056124e+00   1.7602423e-01
   1.1218437e+02   2.2832809e+01   3.8629533e-01   1.2694865e+00   1.6593556e-01
   1.1238477e+02   2.2836185e+01   3.9162218e-01   1.4445288e+00   1.7222207e-01
   1.1258517e+02   2.2845726e+01   3.9427750e-01   1.6307772e+00   1.7117797e-01
   1.1278557e+02   2.2851496e+01   4.0173380e-01   1.8073190e+00   1.7418546e-01
   1.1298597e+02   2.2861963e+01   3.9720618e-01   1.9966169e+00   1.7335278e-01
   1.1318637e+02   2.2874851e+01   4.0818651e-01   2.1927587e+00   1.6694225e-01
   1.1338677e+02   2.2892599e+01   4.0767061e-01   2.3827609e+00   1.6763955e-01
   1.1358717e+02   2.2911293e+01   4.1142322e-01   2.5880708e+00   1.7507697e-01
   1.1378758e+02   2.2940396e+01   4.1076029e-01   2.7960694e+00   1.7371855e-01
   1.1398798e+02   2.2962675e+01   4.1331711e-01   3.0036562e+00   1.7990347e-01
   1.1418838e+02   2.2990804e+01   4.1589784e-01   3.2123558e+00   1.7967535e-01
   1.1438878e+02   2.3034101e+01   4.1937191e-01   3.4337565e+00   1.8222896e-01
   1.1458918e+02   2.3064405e+01   4.1803763e-01   3.6493162e+00   1.7859610e-01
   1.1478958e+02   2.3114874e+01   4.1645399e-01   3.8695213e+00   1.6965256e-01
   1.1498998e+02   2.3158381e+01   4.2085208e-01   4.0952945e+00   1.7626827e-01
   1.1519038e+02   2.3217463e+01   4.1868690e-01   4.3274249e+00   1.8228163e-01
   1.1539078e+02   2.3283589e+01   4.1975909e-01   4.5604714e+00   1.7490553e-01
   1.1559118e+02   2.3345711e+01   4.1062180e-01   4.8038624e+00   1.7681531e-01
   1.1579158e+02   2.3428418e+01   4.1382102e-01   5.0380567e+00   1.7053205e-01
   1.1599198e+02   2.3506403e+01   4.1408518e-01   5.2756986e+00   1.6415680e-01
   1.1619239e+02   2.3590951e+01   4.1397346e-01   5.5222686e+00   1.6199012e-01
   1.1639279e+02   2.3685075e+01   4.1556790e-01   5.7729455e+00   1.5632513e-01
   1.1659319e+02   2.3790620e+01   4.1309397e-01   6.0280830e+00   1.6312206e-01
   1.1679359e+02   2.3899430e+01   4.1819148e-01   6.2856959e+00   1.5099516e-01
   1.1699399e+02   2.4018402e+01   4.1624877e-01   6.5468418e+00   1.5492527e-01
   1.1719439e+02   2.4142486e+01   4.2398807e-01   6.8070100e+00   1.4743687e-01
   1.1739479e+02   2.4284247e+01   4.3211870e-01   7.0751803e+00   1.4433391e-01
   1.1759519e+02   2.4429925e+01   4.3518318e-01   7.3346737e+00   1.4421247e-01
   1.1779559e+02   2.4587116e+01   4.3606775e-01   7.6035882e+00   1.4536679e-01
   1.1799599e+02   2.4752937e+01   4.4471568e-01   7.8825354e+00   1.3821235e-01
   1.1819639e+02   1.6575939e+01   1.2295947e+01   1.3221300e+01   7.7031487e+00
   1.1839679e+02   1.6697066e+01   1.2391790e+01   1.3364587e+01   7.5060724e+00
   1.1859719e+02   1.6827719e+01   1.2495912e+01   1.3514332e+01   7.3027162e+00
   1.1879760e+02   1.6960198e+01   1.2597798e+01   1.3658982e+01   7.1016208e+00
   1.1899800e+02   8.6324876e+00   1.2476404e+01   1.8309585e+01   6.8965995e+00
   1.1919840e+02   8.7062070e+00   1.2592686e+01   1.8325443e+01   6.6886433e+00
   1.1939880e+02   8.7846444e+00   1.2716039e+01   1.8339518e+01   6.4837247e+00
   1.1959920e+02   8.8664549e+00   1.2844448e+01   1.8354028e+01   6.2785149e+00
   1.1979960e+02   8.9509868e+00   1.2976934e+01   1.8364589e+01   6.0795861e+00
   1.2000000e+02   9.0451764e+00   1.3123902e+01   1.8381676e+01   5.8712237e+00
